28
23
22
25
30
27
33
27
23
28
18
26
22
32
26
23
26
27
26
22
25
36
21
23
18
23
23
24
27
29
23
24
29
23
30
27
25
22
22
29
15
29
24
24
25
20
24
27
25
23
29
29
24
23
23
26
23
19
25
26
28
22
23
23
18
30
23
33
26
22
28
32
23
33
25
23
19
31
23
22
28
24
23
23
24
24
31
25
24
28
19
27
26
23
25
26
20
33
24
22
21
25
26
22
25
26
28
24
28
20
27
30
24
24
20
25
23
25
22
23
36
22
23
26
17
24
30
18
25
25
20
21
22
26
26
27
31
25
29
25
27
25
30
19
26
27
24
25
25
24
31
28
28
24
21
20
23
30
27
27
31
19
24
28
17
26
21
28
30
29
25
27
28
24
23
19
26
24
31
21
22
23
27
26
24
23
23
26
25
26
25
26
17
25
20
28
24
25
25
22
30
22
22
28
18
18
31
24
28
24
22
31
24
23
22
29
32
28
24
28
26
26
20
20
25
34
26
25
32
29
27
19
30
26
25
20
27
24
24
25
29
25
19
17
26
27
26
22
27
24
26
24
21
27
23
24
25
23
28
26
31
26
26
21
27
28
29
25
24
21
22
17
23
24
23
24
19
20
21
25
27
27
20
25
22
20
23
31
25
24
24
24
29
19
27
23
23
20
29
28
27
19
17
29
33
19
23
25
25
19
27
20
21
28
27
29
23
22
26
31
27
19
27
25
27
18
32
24
22
21
24
31
24
30
28
22
16
29
20
29
27
30
26
20
21
28
29
22
35
20
28
29
21
22
25
19
28
25
18
27
25
24
25
22
27
30
25
23
25
25
22
28
21
20
24
23
24
20
15
24
23
19
25
23
20
31
28
30
20
27
19
33
27
24
24
22
20
25
32
30
20
26
24
26
19
25
24
23
29
21
29
23
32
24
24
26
20
33
28
29
32
29
27
24
26
31
19
18
20
22
22
30
29
24
25
27
26
22
27
27
27
22
24
29
26
22
26
27
22
30
27
29
31
25
21
20
30
31
20
29
28
23
27
20
25
29
27
21
24
22
31
24
25
26
16
24
27
26
31
23
20
28
24
27
24
25
24
28
25
25
30
19
24
26
21
25
21
27
26
20
25
27
31
16
31
28
27
35
28
16
29
25
25
17
19
24
26
30
15
29
26
21
21
24
25
24
19
24
25
24
28
16
22
18
23
26
26
31
27
22
29
22
17
25
19
24
26
32
19
27
25
23
27
22
32
23
25
23
20
21
29
29
24
28
24
30
22
32
20
27
30
25
25
24
17
30
30
21
31
22
22
28
29
23
29
26
22
23
29
19
25
25
26
17
24
26
22
30
23
24
20
21
32
21
19
29
29
22
18
25
25
21
25
24
22
28
29
22
28
21
21
25
22
24
26
17
25
25
25
24
24
20
25
23
26
22
28
30
23
29
18
24
21
24
22
21
30
28
26
28
28
19
27
29
20
32
26
21
31
25
27
23
30
24
31
26
24
21
25
26
25
23
25
26
22
20
31
26
27
22
30
31
34
24
21
31
26
29
25
30
21
23
23
20
31
29
22
24
21
23
24
20
20
30
25
24
23
24
23
26
20
24
26
27
27
26
19
17
23
30
26
27
33
29
26
22
29
20
24
30
25
31
20
24
27
27
27
30
30
16
29
25
29
30
23
26
26
24
23
29
21
22
17
24
23
24
23
26
26
24
19
22
24
24
26
26
21
28
26
28
20
23
24
19
24
30
20
21
21
20
19
27
32
23
27
26
23
28
27
20
22
27
30
25
23
25
22
26
26
23
30
22
30
23
27
20
18
27
20
23
27
24
29
29
24
28
22
33
28
22
25
26
25
21
28
25
25
29
29
27
27
25
24
23
23
30
21
26
22
25
22
30
26
24
20
23
27
29
27
24
25
28
28
20
29
23
28
23
21
24
27
25
20
26
18
28
21
32
28
26
25
25
23
20
25
24
28
32
28
27
23
25
29
28
18
20
32
22
26
29
25
25
30
22
29
17
20
23
23
19
31
24
27
21
23
24
32
24
27
16
21
26
22
29
24
29
21
24
29
23
27
26
26
23
25
29
27
29
21
27
27
23
27
27
27
24
24
24
30
25
26
27
24
23
31
27
29
27
23
26
25
22
25
35
28
29
28
26
20
28
21
29
27
23
27
26
23
24
20
25
27
30
23
20
29
26
28
29
23
24
29
27
29
21
20
27
23
22
24
29
27
22
21
25
24
28
24
24
27
32
