18
24
22
26
20
20
17
17
26
20
16
28
22
23
24
30
21
21
26
23
29
26
25
19
21
18
19
18
25
30
18
17
20
30
23
21
20
21
20
19
22
31
26
25
27
24
24
16
20
21
18
25
19
19
25
19
25
22
28
25
18
23
17
20
25
29
22
20
29
27
27
22
25
22
18
19
26
19
20
18
24
22
20
22
22
24
22
26
18
21
20
22
25
24
22
17
19
21
24
25
22
23
19
24
19
21
21
24
19
26
20
17
17
17
23
25
20
28
16
20
18
17
22
20
24
20
22
24
25
24
29
30
25
22
22
19
21
20
22
22
24
17
19
19
22
17
26
17
22
22
17
18
26
19
27
23
28
26
18
17
24
22
24
24
24
19
23
17
17
21
23
22
21
31
21
25
19
20
23
17
25
27
21
21
21
20
14
27
12
20
16
25
18
25
21
20
16
21
20
14
19
27
22
20
25
19
23
27
22
27
24
22
20
18
18
23
25
19
25
27
28
24
19
25
21
15
22
17
22
23
29
24
21
26
23
32
20
20
26
20
17
24
19
20
20
20
20
23
25
18
26
22
20
22
15
20
24
31
26
23
19
23
23
26
22
23
20
27
23
22
28
22
16
26
22
16
15
17
21
19
24
20
24
30
17
25
18
22
18
21
28
24
17
26
23
22
22
28
18
23
23
20
19
29
20
23
16
21
28
20
23
20
23
24
19
20
19
19
24
22
20
21
25
15
22
24
24
21
25
29
22
28
23
17
28
20
24
27
24
21
23
17
24
22
18
20
11
19
19
19
20
25
19
22
29
18
25
24
21
23
27
23
21
21
23
21
20
25
22
23
20
26
14
21
26
25
20
21
19
25
25
21
22
20
22
13
24
20
28
24
23
25
23
22
30
19
20
18
32
20
24
20
21
21
23
20
22
25
15
20
21
19
17
22
25
26
27
18
26
18
21
24
26
22
22
26
22
26
17
26
20
32
19
27
28
22
24
24
22
18
19
18
20
23
21
24
18
27
16
22
18
24
25
25
19
26
26
25
24
20
22
18
30
25
18
19
20
21
20
21
21
19
22
20
22
21
22
23
22
27
26
27
21
20
23
20
17
21
22
21
18
24
23
24
19
21
21
21
25
24
20
25
16
19
24
23
24
24
19
22
16
18
21
22
19
23
22
26
25
17
24
16
15
18
22
17
22
19
21
29
22
25
26
18
28
21
20
22
26
24
16
28
19
19
21
19
22
29
18
18
16
23
21
23
20
27
24
24
22
20
20
27
17
24
18
18
22
23
29
19
21
25
31
21
16
24
19
28
23
25
23
24
20
21
16
28
22
27
19
21
21
21
20
16
20
23
17
27
26
24
21
27
21
22
21
18
17
23
22
23
29
19
21
21
15
21
22
16
19
26
24
20
19
19
20
25
24
28
22
18
22
24
21
23
26
21
19
22
19
25
19
16
21
16
26
21
14
16
20
31
22
24
20
24
31
19
20
23
18
24
20
24
19
20
22
22
19
21
18
23
19
23
22
29
17
26
19
27
22
22
26
22
22
21
23
20
19
17
24
16
23
23
21
19
21
22
27
16
19
23
22
18
22
23
30
20
20
26
16
16
24
20
20
20
24
28
20
20
26
21
24
20
17
17
26
23
24
25
22
26
23
20
23
27
23
14
25
21
22
21
17
24
22
23
24
27
22
24
27
21
19
26
25
19
20
26
23
22
24
20
21
21
21
21
22
24
17
19
13
25
19
28
23
17
20
24
17
26
24
17
20
19
20
25
20
20
17
16
24
23
28
22
20
25
25
24
13
26
23
26
22
22
27
24
25
25
24
19
26
19
19
25
24
18
23
19
30
29
23
26
20
23
19
22
20
19
23
23
26
20
16
22
23
16
21
21
28
21
20
18
12
25
32
26
25
23
27
21
16
28
22
18
25
25
27
20
23
18
21
25
18
21
18
20
28
19
21
26
23
18
24
24
22
13
25
19
23
22
24
24
24
17
18
20
26
29
20
19
21
26
25
22
25
23
17
17
17
20
22
23
23
23
22
28
24
24
21
21
20
25
26
21
24
27
22
21
23
24
12
19
21
18
24
18
25
20
21
23
20
22
25
22
22
16
21
25
24
25
25
25
21
23
11
20
20
19
20
22
24
17
22
18
17
16
20
18
27
19
26
21
25
25
29
25
27
25
23
22
22
27
25
18
22
20
14
18
25
23
21
23
25
24
25
18
23
18
23
28
26
22
24
24
24
24
29
24
21
27
21
29
