24
24
26
26
27
25
23
30
33
30
30
27
25
28
24
27
29
21
24
28
30
33
28
27
30
27
29
25
28
31
23
33
26
24
26
25
26
29
25
29
28
32
31
33
32
26
29
30
27
32
30
27
25
25
31
33
29
25
34
27
29
25
32
26
29
31
27
24
25
27
32
28
30
37
30
24
29
33
24
28
28
29
32
29
24
28
35
27
29
32
29
29
32
36
24
26
29
30
28
31
27
32
21
25
23
34
27
35
30
37
27
24
25
21
26
20
28
28
26
23
31
29
20
25
24
24
23
29
29
25
23
22
26
31
31
23
20
33
28
35
30
33
24
24
35
29
34
30
25
27
24
34
29
28
27
29
27
31
24
19
29
28
30
30
28
36
19
27
25
26
24
36
27
24
25
31
32
26
26
24
25
29
22
23
21
30
30
24
28
30
27
32
27
28
29
26
28
32
31
28
28
25
27
24
25
27
30
31
34
21
22
27
29
28
32
31
29
33
26
24
28
27
31
30
28
26
30
26
33
28
27
31
30
31
21
29
24
20
29
25
24
31
22
29
30
30
26
27
27
31
26
22
27
30
27
27
21
25
27
30
27
25
23
28
27
24
31
28
20
30
36
29
32
28
32
25
40
33
25
30
24
28
29
30
31
35
26
36
27
25
35
22
26
28
28
26
27
33
30
25
31
25
28
30
26
28
27
29
25
31
30
29
25
33
29
27
30
31
23
26
29
29
27
33
29
25
31
28
29
18
35
34
31
25
31
28
27
32
28
31
21
27
29
27
29
32
23
27
26
28
19
26
32
25
28
26
28
31
34
32
31
33
24
24
31
24
25
27
30
27
29
35
26
28
31
24
26
25
27
22
32
32
25
28
28
29
34
31
30
28
33
26
29
31
28
32
31
23
31
25
28
33
25
27
24
28
26
28
18
25
26
31
28
28
23
27
30
27
34
24
25
23
30
28
31
35
28
22
28
29
31
32
27
29
28
29
22
30
34
25
38
27
21
29
30
25
32
21
29
30
23
27
35
30
26
32
27
28
27
27
27
27
25
27
28
27
28
29
29
34
31
27
29
21
36
24
23
28
26
28
29
26
29
29
27
28
29
30
24
31
26
23
36
35
20
29
22
21
29
26
34
28
26
29
31
22
32
36
22
26
22
27
25
27
24
28
32
25
31
24
22
30
18
25
33
29
30
22
35
33
32
22
25
31
24
37
22
29
31
32
25
24
35
24
33
27
23
35
30
26
28
27
31
25
26
31
25
28
32
33
40
33
24
30
30
31
31
32
35
30
37
29
27
30
32
21
22
25
29
25
30
29
26
29
32
31
31
25
33
35
32
32
27
29
22
28
27
29
28
37
29
23
30
28
28
22
23
23
28
32
24
28
28
27
31
20
22
32
22
29
26
31
21
30
24
30
30
28
28
26
33
27
34
32
24
32
24
31
28
31
30
33
30
21
29
33
29
25
34
27
28
22
22
34
26
30
31
26
31
32
25
24
25
31
28
34
26
34
34
30
27
34
23
22
28
31
36
25
22
30
30
24
30
26
27
32
24
30
26
25
25
18
25
27
27
24
29
25
29
33
28
33
33
27
26
27
23
32
30
18
26
35
30
24
34
30
27
34
27
20
26
24
21
20
26
32
30
23
20
27
24
20
25
28
36
25
31
29
29
30
26
31
32
29
26
23
30
32
23
23
30
26
31
24
27
31
26
27
38
28
28
24
22
24
31
22
23
22
31
22
27
24
37
30
21
31
29
28
28
24
29
33
26
29
28
34
25
27
28
30
27
21
26
26
26
30
28
27
31
33
29
30
20
29
25
29
28
25
32
29
33
36
21
29
32
29
27
25
29
29
22
31
30
26
25
30
25
26
31
23
25
24
29
26
29
32
26
29
26
28
31
28
29
30
25
37
30
29
28
29
26
23
26
26
29
24
24
35
28
30
26
29
33
29
27
31
27
29
24
24
26
32
27
23
27
25
27
31
30
18
28
32
32
30
25
28
25
25
21
28
30
25
26
24
25
26
25
26
26
35
24
28
38
25
26
16
31
37
29
28
27
29
28
32
28
31
28
25
22
23
26
34
25
26
32
29
30
23
28
26
29
22
31
20
25
32
29
20
28
31
23
29
28
25
23
28
32
27
29
26
24
29
24
29
31
28
31
29
30
28
31
27
24
33
23
31
27
27
31
31
26
30
23
32
31
33
24
24
30
26
35
24
25
31
32
31
20
30
27
25
28
24
25
32
31
23
22
27
22
26
