30
32
27
34
25
24
33
33
29
25
33
31
29
28
38
28
30
33
31
27
31
32
37
36
31
31
32
28
27
30
29
29
39
30
34
33
33
27
30
30
26
35
33
34
28
30
34
34
35
30
37
31
30
31
32
31
39
25
36
39
36
33
27
29
34
37
26
34
28
35
34
25
28
34
34
31
37
37
35
30
31
33
37
37
34
40
25
34
36
29
39
26
33
27
34
30
34
38
34
35
37
31
33
28
37
29
33
43
35
34
29
27
33
36
35
23
34
36
35
34
36
39
35
28
35
34
32
28
32
28
34
38
33
34
27
30
36
33
27
30
33
38
31
37
29
36
33
34
33
32
38
39
33
29
39
27
36
36
29
24
25
29
33
38
23
28
31
29
38
32
36
35
36
30
29
37
36
30
29
33
29
31
32
34
39
33
30
29
35
28
23
31
31
26
37
30
38
33
27
23
44
31
31
28
33
29
34
34
25
35
33
31
33
30
33
30
35
38
30
36
33
25
31
33
35
32
39
34
35
29
33
25
30
38
37
30
26
24
38
32
28
31
31
28
33
37
28
29
36
35
36
26
38
36
31
32
35
35
32
34
25
32
33
32
30
38
36
33
41
36
28
30
28
23
27
26
38
33
34
32
32
36
33
39
34
35
31
32
32
25
31
28
33
36
30
34
32
32
29
21
29
33
31
26
36
29
35
33
36
36
33
31
27
24
37
33
28
31
32
31
33
32
31
39
23
30
35
31
31
26
35
36
34
35
30
45
24
32
33
33
40
29
33
28
27
33
34
33
31
28
29
29
36
24
25
31
34
33
28
25
34
33
32
43
31
27
30
34
34
37
34
37
30
34
29
27
37
31
32
30
31
39
27
34
28
32
34
27
29
32
35
33
31
28
33
33
39
26
34
28
31
27
29
29
33
31
34
31
32
28
32
26
37
27
32
32
31
35
39
34
29
35
26
33
26
38
29
35
26
34
30
28
31
29
30
33
28
29
34
30
26
36
32
31
24
38
32
34
32
34
33
38
31
23
29
38
32
26
26
32
36
32
32
34
26
35
37
28
34
30
33
29
34
31
30
28
25
30
33
28
38
26
33
35
25
35
32
30
33
37
32
33
36
29
41
31
29
28
35
32
36
34
30
29
37
33
39
32
31
30
40
30
34
28
43
25
25
27
30
29
34
40
32
30
29
33
35
23
33
40
25
29
23
33
18
36
29
27
38
31
23
35
34
33
35
28
37
37
35
34
28
27
36
38
34
31
30
36
27
32
36
35
37
35
35
29
29
31
27
27
28
37
28
27
38
27
35
25
28
26
34
37
31
31
31
30
34
25
40
41
29
27
37
34
32
31
38
32
34
34
34
34
37
26
32
34
32
33
30
32
31
31
35
31
29
39
33
35
26
38
32
38
28
32
30
28
27
31
28
30
35
29
31
26
32
36
35
31
29
35
31
34
34
32
33
28
34
32
33
43
30
24
39
32
31
31
36
31
33
38
29
30
31
37
28
38
30
37
27
37
30
31
35
27
24
34
42
35
33
28
34
26
32
33
25
30
28
22
34
28
32
31
32
33
33
30
34
25
34
29
33
31
31
33
36
38
37
32
36
31
27
33
40
29
28
27
28
32
28
27
29
26
32
29
33
37
35
24
35
31
36
32
37
31
19
23
32
34
32
29
28
34
31
41
36
30
31
29
30
33
24
25
37
32
38
34
30
39
32
27
29
36
28
32
38
33
31
28
26
27
25
31
26
32
35
31
31
42
33
34
34
33
32
40
31
42
31
25
37
34
33
34
32
31
30
36
27
34
25
30
40
33
26
27
34
28
32
29
35
27
34
34
28
35
28
32
37
33
35
33
38
27
32
26
34
38
33
28
33
37
29
31
33
33
34
34
35
33
28
32
30
29
32
32
32
30
24
22
32
25
30
35
24
33
30
38
37
33
30
29
28
40
30
25
31
31
31
30
31
29
33
31
29
33
31
37
31
25
34
33
34
31
29
32
29
31
28
27
35
28
30
34
29
36
33
34
27
29
35
35
27
32
27
31
25
32
39
29
32
29
34
31
38
31
24
36
31
27
31
32
34
33
32
28
24
25
34
25
29
27
34
33
32
26
36
31
29
32
35
32
35
33
37
30
40
32
40
33
26
27
40
36
39
30
31
32
33
31
39
24
32
27
29
25
28
32
26
39
34
34
30
26
33
29
35
34
32
43
30
31
33
28
30
31
35
31
30
29
42
37
29
31
36
38
37
29
35
26
29
28
