0.339699983597
0.367018938065
0.323076963425
0.378467798233
0.373536109924
0.350491046906
0.358832120895
0.353940963745
0.351929187775
0.361280918121
0.374904155731
0.359965085983
0.361145019531
0.373812913895
0.351689100266
0.330960035324
0.352563858032
0.357355117798
0.390032052994
0.392455816269
0.404289007187
0.381306886673
0.394556999207
0.369612932205
0.410065889359
0.377713918686
0.369168043137
0.367198944092
0.380425930023
0.353374004364
0.376185894012
0.39141702652
0.520768880844
0.423347949982
0.358777999878
0.346534967422
0.334532022476
0.36140203476
0.354997158051
0.383121013641
0.382592916489
0.357179164886
0.36016201973
0.365126132965
0.422338962555
0.345942020416
0.377017021179
0.357614994049
0.334059000015
0.357720851898
0.370656967163
0.36408996582
0.374775886536
0.328055143356
0.32425904274
0.331486940384
0.362703084946
0.321958065033
0.367297887802
0.378676176071
0.370761156082
0.352125883102
0.338261842728
0.347733020782
0.362030029297
0.337459087372
0.361957073212
0.372100114822
0.348340988159
0.354636192322
0.397719860077
0.370011091232
0.347637891769
0.377267837524
0.40697479248
0.393252134323
0.359186887741
0.404789924622
0.399384975433
0.397531986237
0.404084205627
0.362570047379
0.379014968872
0.420075893402
0.399900913239
0.396864891052
0.365125894547
0.390985965729
0.350687026978
0.36047911644
0.32931303978
0.395437002182
0.362505912781
0.362042188644
0.363312959671
0.36542391777
0.341919898987
0.366349935532
0.351864099503
0.367491006851
0.398772001266
0.374140024185
0.369593143463
0.361455917358
0.382969141006
0.361391067505
0.347181081772
0.375082969666
0.344732999802
0.394630908966
0.330672025681
0.335952043533
0.344038009644
0.337828159332
0.335770845413
0.364713907242
0.34043598175
0.345417022705
0.364369869232
0.383852958679
0.371217012405
0.360905885696
0.344877004623
0.339724063873
0.325631141663
0.356522083282
0.339834928513
0.330046892166
0.356631994247
0.380045890808
0.342309951782
0.349466085434
0.325544118881
0.390486001968
0.379688024521
0.373380899429
0.365401029587
0.349781990051
0.386866092682
0.338345050812
0.38310790062
0.337971925735
0.348805904388
0.340862989426
0.391283988953
0.351614952087
0.366656780243
0.367825031281
0.367161035538
0.34366106987
0.321851968765
0.376503944397
0.333557128906
0.365385055542
0.332731962204
0.369649171829
0.337592840195
0.349529027939
0.329273939133
0.357236862183
0.3415620327
0.393403053284
0.389280796051
0.350346803665
0.348052024841
0.350665807724
0.400131940842
0.347164869308
0.361804962158
0.373473167419
0.378072023392
0.352403879166
0.350620985031
0.359839916229
0.324248075485
0.340677976608
0.336762905121
0.355761051178
0.32585811615
0.372184991837
0.417331218719
0.357954978943
0.331474065781
0.35706782341
0.352282047272
0.38987994194
0.334097862244
0.355377912521
0.33048582077
0.367790937424
0.37652015686
0.340432882309
0.394834041595
0.339164972305
0.362452030182
0.334904909134
0.333693027496
0.331176996231
0.320230007172
0.355073213577
0.37765789032
0.367959976196
0.356537103653
0.331558942795
0.354473114014
0.340702056885
0.380484819412
0.372828006744
0.370445966721
0.33745598793
0.394425868988
0.34531211853
0.338420152664
0.358140945435
0.361745119095
0.351260185242
0.372013092041
0.335701942444
0.337140083313
0.353763103485
0.34884595871
0.363171100616
0.349972963333
0.335519075394
0.340754032135
0.318572044373
0.359659910202
0.344758033752
0.355747938156
0.351593017578
0.379540920258
0.374415159225
0.362035989761
0.373113155365
0.416249990463
0.512176990509
0.333690881729
0.400415182114
0.361904859543
0.398684978485
0.37470293045
0.395869016647
0.36714887619
0.424010038376
0.402805089951
0.407068014145
0.365227937698
0.370474100113
0.356799125671
0.409209012985
0.3774330616
0.373080968857
0.350987195969
0.367759943008
0.368035078049
0.340182065964
0.524770021439
0.373903989792
0.407036781311
0.39133310318
0.363315105438
0.367410898209
0.341857194901
0.35519695282
0.3667781353
0.370183944702
0.347181081772
0.380805015564
0.373543024063
0.3460688591
0.409673929214
0.389671087265
0.382611036301
0.366405010223
0.36883020401
0.367120981216
0.403808116913
0.402302026749
0.378756046295
0.35600399971
0.365741014481
0.347810983658
0.337456941605
0.359856128693
0.333909034729
0.34578204155
0.366301059723
0.33974480629
0.369765996933
0.35670208931
0.399358987808
0.373570919037
0.356029033661
0.325082063675
0.424880981445
0.373967885971
0.336587905884
0.331804990768
0.332562923431
0.35994720459
0.318571090698
0.337722063065
0.314405918121
0.367193937302
0.388426065445
0.378884077072
0.371280908585
0.37538599968
0.344899892807
0.359256029129
0.36035490036
0.397681951523
0.333498001099
0.376420974731
0.33266210556
0.343032836914
0.338962078094
0.336838960648
0.372698068619
0.363326072693
0.323689937592
0.360086202621
0.342576026917
0.344151973724
0.33530497551
0.346317052841
0.34473991394
0.347154855728
0.372779130936
0.356920957565
0.337158918381
0.366659164429
0.32541513443
0.33567905426
0.352308034897
0.39443898201
0.348361968994
0.332648992538
0.344254970551
0.335859060287
0.374393939972
0.36959195137
0.355299949646
0.342044830322
0.337507963181
0.353385925293
0.362066984177
0.373891830444
0.328000068665
0.340198993683
0.383135795593
0.355453968048
0.333487987518
0.394129991531
0.332031011581
0.330956935883
0.345801115036
0.336660861969
0.370189905167
0.334314107895
0.393483161926
0.343935012817
0.368092060089
0.327318191528
0.363657951355
0.328141927719
0.33220911026
0.357716083527
0.351014137268
0.355244874954
0.339851140976
0.35137796402
0.363852977753
0.346452951431
0.377860069275
0.372992992401
0.351805925369
0.382108926773
0.361977100372
0.343374013901
0.389176130295
0.383994817734
0.384219884872
0.326448917389
0.338760137558
0.338729143143
0.358581066132
0.359946012497
0.345040082932
0.3490691185
0.341567993164
0.356554985046
0.335881948471
0.364273071289
0.361227035522
0.375863075256
0.353718042374
0.347995042801
0.351275205612
0.343815088272
0.347303152084
0.383422851562
0.371223211288
0.366678953171
0.368029117584
0.37891793251
0.413483142853
0.393119812012
0.407337903976
0.379560947418
0.406042098999
0.421511173248
0.416705846786
0.395104169846
0.388116121292
0.397449016571
0.361249923706
0.353671073914
0.381851911545
0.357169151306
0.335606098175
0.408037900925
0.350363016129
0.352665901184
0.395649909973
0.368987798691
0.379282951355
0.359446048737
0.381274938583
0.34877204895
0.353357076645
0.373331069946
0.351855039597
0.363723993301
0.380596876144
0.320724010468
0.371235847473
0.319811820984
0.350336074829
0.356993913651
0.33807516098
0.399868011475
0.330714941025
0.370973110199
0.353606939316
0.317855834961
0.388555049896
0.323123216629
0.349781036377
0.35968208313
0.379974842072
0.360186100006
0.364036083221
0.375304937363
0.384652137756
0.335180997849
0.370012998581
0.357716798782
0.358377218246
0.330816030502
0.359661817551
0.324898004532
0.366559028625
0.37530207634
0.341563940048
0.325149059296
0.386552810669
0.386478185654
0.358798980713
0.325366973877
0.375207901001
0.361367940903
0.38157582283
0.341743946075
0.378832101822
0.382963895798
0.364385128021
0.353078126907
0.343012809753
0.384602069855
0.339998960495
0.386489152908
0.361000061035
0.39207983017
0.384610176086
0.363684892654
0.35363817215
0.34641289711
0.343713998795
0.386229038239
0.379930019379
0.406069040298
0.3782351017
0.397006988525
0.354094982147
0.397141933441
0.365741014481
0.348675012589
0.38994717598
0.343919038773
0.37633895874
0.366208076477
0.357126951218
0.349855899811
0.373404979706
0.338444948196
0.353734016418
0.357640981674
0.399491071701
0.413718938828
0.363911151886
0.346440076828
0.373167037964
0.396669864655
0.391211032867
0.389961004257
0.378755092621
0.365934848785
0.363846063614
0.391747951508
0.379801988602
0.380645990372
0.358716011047
0.369931221008
0.377333879471
0.362658023834
0.345772027969
0.377783060074
0.343487977982
0.321088790894
0.353296041489
0.397342920303
0.374128818512
0.340082883835
0.382949829102
0.334681034088
0.34965801239
0.351767063141
0.343258857727
0.369938135147
0.376144886017
0.340876817703
0.338248968124
0.354094982147
0.347630023956
0.330976963043
0.34135389328
0.340599060059
0.366595983505
0.373178958893
0.367541074753
0.32466006279
0.350394010544
0.348005056381
0.362057924271
0.361747026443
0.366619110107
0.366667985916
0.376457929611
0.354620933533
0.358961820602
0.326258897781
0.328221082687
0.345369815826
0.358168125153
0.339419126511
0.353013038635
0.325308084488
0.362725973129
0.333518981934
0.354998826981
0.360399007797
0.410379171371
0.331135034561
0.384976148605
0.358790874481
0.381722927094
0.369220972061
0.340154886246
0.370867967606
0.365782022476
0.36921787262
0.383326053619
0.369423866272
0.397025108337
0.422796964645
0.405151128769
0.399392843246
0.383958101273
0.385395050049
0.359096050262
0.416540145874
0.347910881042
0.349280834198
0.357682943344
0.380592107773
0.390214920044
0.350065946579
0.408648014069
0.362951040268
0.373273134232
0.393064022064
0.347607135773
0.384814023972
0.371334075928
0.400820016861
0.385717868805
0.348572015762
0.344445943832
0.363126993179
0.325556993484
0.351731061935
0.394920825958
0.370303153992
0.339190006256
0.391263008118
0.349926948547
0.364473104477
0.358620882034
0.341526985168
0.34419298172
0.329757928848
0.366450071335
0.360808849335
0.375074863434
0.350116014481
0.36448597908
0.374913930893
0.372115850449
0.37385392189
0.387559175491
0.369853019714
0.401299953461
0.363313913345
0.359041929245
0.359745025635
0.355659008026
0.376180887222
0.370166063309
0.330851078033
0.345678091049
0.310537099838
0.363388061523
0.342917919159
0.357143878937
0.36630821228
0.332351922989
0.358872890472
0.360686779022
0.361281871796
0.377319097519
0.329195976257
0.359772920609
0.322976827621
0.325837135315
0.373443841934
0.354763031006
0.348291873932
0.369502067566
0.365885019302
0.359018087387
0.342258930206
0.336193799973
0.358002185822
0.335536956787
0.361341953278
0.342649936676
0.323442935944
0.366729974747
0.358611106873
0.36830496788
0.357048988342
0.362020969391
0.35199713707
0.345935106277
0.355912923813
0.32136797905
0.359173059464
0.376255989075
0.379065990448
0.369395971298
0.347575902939
0.342781066895
0.346379041672
0.382724046707
0.334034919739
0.349166870117
0.327905893326
0.327734947205
0.357699871063
0.351851940155
0.314343929291
0.365340948105
0.403131961823
0.340487957001
0.34450507164
0.37162899971
0.366868972778
0.345141172409
0.363787889481
0.369108915329
0.357114076614
0.391006946564
0.344676017761
0.351787090302
0.380373001099
0.335619211197
0.371135950089
0.395083189011
0.343187093735
0.34045791626
0.337975978851
0.392189979553
0.35698890686
0.391993045807
0.335954189301
0.396587848663
0.357628107071
0.374535083771
0.368347167969
0.350678920746
0.3553378582
0.360657215118
0.362957954407
0.355808973312
0.35563492775
0.362283945084
0.32901096344
0.356520175934
0.348134040833
0.323942899704
0.333889007568
0.382791042328
0.309075832367
0.364505052567
0.350878000259
0.376793861389
0.37432217598
0.368963956833
0.364557027817
0.379064083099
0.397500991821
0.359928846359
0.346907138824
0.346112012863
0.353313922882
0.34348320961
0.357486009598
0.346068143845
0.337116956711
0.34124994278
0.339268922806
0.376112937927
0.357106924057
0.330585956573
0.327084064484
0.341304063797
0.344516992569
0.366743087769
0.351763010025
0.370684862137
0.37974691391
0.362307071686
0.345596075058
0.360589027405
0.367614984512
0.396063089371
0.362700939178
0.376032114029
0.337704896927
0.396991968155
0.378574132919
0.374927997589
0.368762016296
0.403362989426
0.40535402298
0.418094158173
0.385932922363
0.430330991745
0.389272928238
0.367317914963
0.377787828445
0.370137929916
0.352742910385
0.388869047165
0.384255886078
0.358593940735
0.37765288353
0.394860029221
0.365838050842
0.366373062134
0.382730007172
0.378366947174
0.353294849396
0.370079040527
0.373209953308
0.351854085922
0.368401050568
0.341981887817
0.359652996063
0.354095935822
0.369168043137
0.334219932556
0.360281944275
0.374049186707
0.348006010056
0.322937011719
0.349395990372
0.382701873779
0.330492973328
0.384876966476
0.321670055389
0.322515964508
0.363893985748
0.352906942368
0.37238407135
0.372461080551
0.359571933746
0.367985010147
0.338240861893
0.346690893173
0.374878883362
0.393845081329
0.344875097275
0.347264051437
0.391048908234
0.360067129135
0.342519044876
0.366372823715
0.310042858124
0.341241121292
0.331369876862
0.351320028305
0.327875137329
0.356421947479
0.354979991913
0.377035140991
0.38848900795
0.380651950836
0.350867986679
0.355756998062
0.364159107208
0.357684850693
0.315238952637
0.392619132996
0.348541975021
0.357179880142
0.37179517746
0.389095067978
0.430313825607
0.406207084656
0.379153966904
0.377040147781
0.375720024109
0.456780910492
0.409150123596
0.373152971268
0.34459400177
0.361833095551
0.379240036011
0.395270109177
0.397135972977
0.396838903427
0.385607004166
0.34694814682
0.36323094368
0.362785100937
0.378745079041
0.343364953995
0.387300014496
0.363140106201
0.39060997963
0.34828209877
0.35861992836
0.36580491066
0.357737064362
0.352298974991
0.389477968216
0.361941099167
0.32389497757
0.351720094681
0.344242811203
0.362025976181
0.361063957214
0.346096992493
0.325378894806
0.328772068024
0.3426861763
0.3562271595
0.35894203186
0.375605106354
0.380073070526
0.401968955994
0.35419011116
0.334442853928
0.385545969009
0.348577976227
0.366727113724
0.384674787521
0.334637880325
0.369318962097
0.353698015213
0.337194919586
0.332592964172
0.337593078613
0.326884031296
0.344624042511
0.358424901962
0.348273992538
0.31459903717
0.382486104965
0.366239070892
0.331809997559
0.336631059647
0.373689889908
0.373193025589
0.363882064819
0.344305038452
0.368205785751
0.349889039993
0.386250972748
0.360561132431
0.324014902115
0.324553012848
0.358915090561
0.37137389183
0.401388883591
0.404983997345
0.364757061005
0.399500131607
0.374809026718
0.3813560009
0.412308931351
0.371206045151
0.402301073074
0.387193202972
0.391830921173
0.372562170029
0.366518974304
0.422487974167
0.375579118729
0.428190946579
0.374389886856
0.357497215271
0.35115981102
0.343786001205
0.348816156387
0.353842973709
0.359341859818
0.370922803879
0.360411167145
0.345938920975
0.389428853989
0.372112035751
0.361711978912
0.374781131744
0.351645946503
0.324069023132
0.347328901291
0.374718904495
0.376927137375
0.330798864365
0.339340925217
0.354439020157
0.372492074966
0.355293989182
0.33015704155
0.348588943481
0.367298126221
0.384178876877
0.351450920105
0.369398117065
0.354880094528
0.348851919174
0.368610143661
0.372380971909
0.351773023605
0.378662824631
0.331286907196
0.349342107773
0.331881046295
0.355436086655
0.351744890213
0.371402025223
0.366942882538
0.335452079773
0.346817970276
0.348204135895
0.352510929108
0.339844942093
0.364065170288
0.372879981995
0.346879005432
0.368564128876
0.327181100845
0.357834100723
0.362319946289
0.370200872421
0.359700918198
0.395005941391
