0.687796831131
0.697267055511
0.695213079453
0.708990097046
0.679479122162
0.682011127472
0.668684959412
0.662597894669
0.707628011703
0.676851987839
0.667541980743
0.816020965576
0.690809011459
0.691060066223
0.696610212326
0.716938972473
0.688798904419
0.691118001938
0.695331096649
0.693836927414
0.71783208847
0.70959687233
0.711699008942
0.680850028992
0.685288906097
0.670814037323
0.680868864059
0.670293092728
0.702533006668
0.720600128174
0.669573068619
0.673283100128
0.68053984642
0.754454135895
0.694185018539
0.683526992798
0.675635099411
0.684721946716
0.68222284317
0.681739091873
0.689162015915
0.725466966629
0.704493999481
0.707134962082
0.710166215897
0.696982860565
0.705453872681
0.664875030518
0.687375068665
0.692296028137
0.714122056961
0.705285072327
0.678783893585
0.687572956085
0.717532157898
0.692046880722
0.729159116745
0.701375007629
0.721950054169
0.712623119354
0.681025028229
0.69461107254
0.675271987915
0.685612916946
0.699223995209
0.713208913803
0.694400072098
0.685065031052
0.724489927292
0.711185216904
0.720180988312
0.692225933075
0.703859090805
0.694555044174
0.674530029297
0.722342967987
0.730458021164
0.677572011948
0.686429977417
0.675796985626
0.701047897339
0.685252904892
0.681385993958
0.686797857285
0.686852931976
0.69989991188
0.693152189255
0.707339048386
0.670118093491
0.686531066895
0.676524877548
0.694231033325
0.702124834061
0.701635837555
0.697319984436
0.669178009033
0.686187982559
0.69110918045
0.703087091446
0.707844018936
0.693664073944
0.693672895432
0.677803993225
0.697713851929
0.674116134644
0.683260917664
0.694011926651
0.701699018478
0.681612968445
0.713726043701
0.682737112045
0.683495998383
0.679579973221
0.667078971863
0.70400595665
0.709902048111
0.686120033264
0.711977005005
0.667371988297
0.685111999512
0.673797130585
0.673590183258
0.700921058655
0.679860115051
0.701758146286
0.680424213409
0.702423095703
0.717169046402
0.702600002289
0.704169988632
0.719880104065
0.723362207413
0.701807022095
0.691987037659
0.69378900528
0.681494951248
0.7066218853
0.682109117508
0.689152002335
0.688244104385
0.709408044815
0.675045013428
0.683214902878
0.720310926437
0.69091796875
0.668231010437
0.708712100983
0.67422914505
0.698862075806
0.696180105209
0.676032066345
0.686770200729
0.712787151337
0.68644118309
0.714308977127
0.713543891907
0.72783780098
0.708007097244
0.682363033295
0.672204971313
0.696093082428
0.691952943802
0.703438043594
0.694547891617
0.697726964951
0.680666923523
0.693272829056
0.670423984528
0.677510023117
0.707885026932
0.709159135818
0.691335201263
0.689674139023
0.729375123978
0.686185121536
0.702095031738
0.679762840271
0.688877105713
0.691069126129
0.667328834534
0.705489873886
0.71462893486
0.690835952759
0.699549913406
0.689675092697
0.682859182358
0.657809019089
0.715213775635
0.654839992523
0.680513858795
0.668247938156
0.708693027496
0.676618099213
0.704491138458
0.690903902054
0.677505016327
0.670836925507
0.684252023697
0.686583042145
0.660221815109
0.678805112839
0.708565950394
0.689620018005
0.680601119995
0.71099615097
0.684588193893
0.697553157806
0.726350784302
0.693536043167
0.709424972534
0.703590869904
0.683510065079
0.682116031647
0.674507141113
0.676426887512
0.690106868744
0.728338956833
0.672047138214
0.710121870041
0.717306852341
0.727866888046
0.706514120102
0.710697889328
0.704196929932
0.695467948914
0.654232978821
0.694454908371
0.677639007568
0.697495937347
0.684720039368
0.716480970383
0.703999042511
0.694290876389
0.699443101883
0.693345069885
0.729996919632
0.737894058228
0.679159879684
0.694912910461
0.680371046066
0.678349018097
0.733386039734
0.675132036209
0.680402994156
0.682621955872
0.6828789711
0.684059143066
0.69650888443
0.699172019958
0.674531936646
0.698220968246
0.690464019775
0.684421062469
0.692572832108
0.662658929825
0.683250904083
0.697282075882
0.730201005936
0.697556018829
0.693830966949
0.686540126801
0.692833900452
0.69479393959
0.708037853241
0.68784403801
0.713581800461
0.69074511528
0.709895133972
0.699357032776
0.692447900772
0.715060949326
0.69401884079
0.679480075836
0.729380130768
0.708825826645
0.67656993866
0.661332845688
0.668848991394
0.683675050735
0.676753997803
0.700239896774
0.686895847321
0.703949928284
0.723159074783
0.683515071869
0.710081100464
0.682646036148
0.707661867142
0.683732032776
0.688999891281
0.719764947891
0.702638149261
0.676531076431
0.717376947403
0.696480035782
0.708556175232
0.690611124039
0.712444067001
0.689631938934
0.698933124542
0.704024076462
0.689497947693
0.678168058395
0.719382047653
0.689090967178
0.700320005417
0.671106815338
0.687684059143
0.716804981232
0.684782981873
0.714390993118
0.705093860626
0.701932907104
0.732700109482
0.686980962753
0.693407058716
0.687550067902
0.686158895493
0.700663089752
0.686276912689
0.680582046509
0.702621936798
0.706136226654
0.660328149796
0.692744016647
0.698143959045
0.703565120697
0.691206932068
0.715744972229
0.725326061249
0.695605039597
0.717792034149
0.699997186661
0.672833919525
0.722810029984
0.682201147079
0.697111845016
0.71204996109
0.725164175034
0.687239170074
0.700547933578
0.694380998611
0.714291810989
0.690639972687
0.675051927567
0.686641931534
0.644648075104
0.677026033401
0.684968948364
0.685959815979
0.689268112183
0.703799009323
0.679625034332
0.691906929016
0.728865861893
0.676201105118
0.704847097397
0.694280862808
0.693662881851
0.703426122665
0.720264911652
0.721005916595
0.706706047058
0.690840005875
0.713902950287
0.713960886002
0.703788042068
0.7101790905
0.702729940414
0.707189083099
0.696281909943
0.731938838959
0.690587043762
0.703097105026
0.712981939316
0.704650878906
0.687855005264
0.688052892685
0.67969584465
0.700622081757
0.701078891754
0.694526910782
0.697304010391
0.680149793625
0.693964958191
0.65169095993
0.698703050613
0.686728000641
0.719399929047
0.690117835999
0.696412086487
0.706353902817
0.692227125168
0.690466880798
0.717338085175
0.67450094223
0.68327999115
0.674612045288
0.780247926712
0.681307077408
0.69976401329
0.687146902084
0.686256885529
0.680251121521
0.690768957138
0.679037094116
0.69037604332
0.705586910248
0.659384012222
0.673659086227
0.686583995819
0.680133104324
0.667872905731
0.708587169647
0.703416109085
0.708664178848
0.709414958954
0.675773859024
0.700637102127
0.665509939194
0.680689096451
0.691386938095
0.714451789856
0.683809995651
0.689543008804
0.710306167603
0.685346841812
0.703934907913
0.673600912094
0.754605054855
0.680598974228
0.735376119614
0.674989938736
0.712244033813
0.708698034286
0.708823919296
0.738998174667
0.699433088303
0.682242870331
0.672748088837
0.676826000214
0.676456928253
0.680323123932
0.702686071396
0.679960012436
0.694617986679
0.670216083527
0.704683065414
0.674376010895
0.690613031387
0.676277160645
0.702497005463
0.706951141357
0.70481801033
0.680740118027
0.72983288765
0.728656053543
0.708142995834
0.70516705513
0.677391052246
0.687287092209
0.66919708252
0.71710395813
0.700086116791
0.669641971588
0.675801038742
0.677193164825
0.688009023666
0.676938056946
0.681895971298
0.679712057114
0.682513952255
0.69721198082
0.681684017181
0.689038991928
0.681519031525
0.690934181213
0.691298961639
0.68949007988
0.718441009521
0.708076000214
0.753695964813
0.681244850159
0.683896780014
0.697415113449
0.677019119263
0.675948858261
0.687166929245
0.68926692009
0.681600093842
0.672976016998
0.698738098145
0.695649147034
0.697411060333
0.681100130081
0.687536001205
0.686003923416
0.682728052139
0.699789047241
0.695279121399
0.68495798111
0.707962036133
0.668161153793
0.683238983154
0.695985078812
0.69428896904
0.691811084747
0.698428869247
0.673937082291
0.691111087799
0.664240121841
0.670588970184
0.686268091202
0.688699960709
0.67266702652
0.690181970596
0.694087982178
0.703282833099
0.710232973099
0.67537689209
0.720720052719
0.679145812988
0.67946100235
0.684070110321
0.689616918564
0.675408124924
0.697082996368
0.678584098816
0.68905711174
0.725697040558
0.686234951019
0.701406955719
0.705796957016
0.676317930222
0.712691068649
0.686250925064
0.67982006073
0.687674999237
0.716516017914
0.701866149902
0.663876056671
0.721338033676
0.679375171661
0.675443887711
0.682199001312
0.676462888718
0.698665142059
0.711873054504
0.676645040512
0.668428897858
0.663020849228
0.696431875229
0.683573007584
0.695546150208
0.679636955261
0.706465959549
0.692637205124
0.70015001297
0.690271139145
0.676378011703
0.675812005997
0.712676048279
0.671047925949
0.693298101425
0.676979064941
0.674280881882
0.695550203323
0.689651966095
0.718995094299
0.683497190475
0.684250116348
0.700664997101
0.727988004684
0.693474054337
0.667862892151
0.697888851166
0.683978796005
0.714923858643
0.693770170212
0.69621014595
0.695257902145
0.699934959412
0.67955994606
0.684628009796
0.661531209946
0.712538003922
0.721772909164
0.708886861801
0.68211889267
0.686464071274
0.700336933136
0.72341299057
0.745706796646
0.664407968521
0.687514781952
0.701241016388
0.671427965164
0.71638417244
0.712697982788
0.701303958893
0.685837984085
0.706379890442
0.695877075195
0.689877033234
0.691766023636
0.668354988098
0.668106079102
0.693470954895
0.688001871109
0.701846122742
0.718888998032
0.673410892487
0.691887140274
0.68705701828
0.658861875534
0.681348085403
0.686583042145
0.665962934494
0.681343078613
0.702747106552
0.700711011887
0.679808855057
0.678973913193
0.684252023697
0.687443971634
0.70142698288
0.703027963638
0.714637041092
0.688971042633
0.670720100403
0.690047025681
0.695986032486
0.682520866394
0.70943403244
0.706024885178
0.689473152161
0.680227994919
0.690726995468
0.681102991104
0.704788923264
0.684719085693
0.666730880737
0.683895111084
0.662312030792
0.710764169693
0.694563150406
0.660909891129
0.683094024658
0.683193922043
0.729127883911
0.713617801666
0.715862035751
0.690174102783
0.707488059998
0.745658159256
0.677039861679
0.684782981873
0.693143844604
0.678329944611
0.699382066727
0.690528869629
0.696944952011
0.685772180557
0.679104089737
0.693902015686
0.69184589386
0.68294095993
0.685173988342
0.676698207855
0.700104951859
0.674781084061
0.696996927261
0.690078020096
0.726903915405
0.668807983398
0.746935129166
0.678823947906
0.707926988602
0.696774959564
0.688895940781
0.707130908966
0.690248966217
0.692619085312
0.68668794632
0.693161010742
0.674656152725
0.681067943573
0.668441057205
0.692445993423
0.662724971771
0.694217920303
0.689352989197
0.686212062836
0.678912878036
0.691349029541
0.689875841141
0.710404872894
0.666974067688
0.68363904953
0.696542978287
0.716643095016
0.678449869156
0.691087961197
0.697025060654
0.734939813614
0.698360204697
0.696630001068
0.725910902023
0.67021894455
0.668588876724
0.705743074417
0.686135053635
0.693170070648
0.690030097961
0.706816911697
0.728214025497
0.686758041382
0.687736988068
0.734621047974
0.686988115311
0.700736045837
0.680160999298
0.662220001221
0.669868946075
0.705163002014
0.693878889084
0.70308804512
0.697365999222
0.68413901329
0.712612867355
0.756251811981
0.723841905594
0.690313100815
0.708740949631
0.696169137955
0.660937070847
0.704113006592
0.687309026718
0.685788154602
0.683415174484
0.670788049698
0.706500053406
0.689946889877
0.696980953217
0.70216178894
0.719063043594
0.692851066589
0.704609870911
0.730802059174
0.686954021454
0.682932138443
0.714987039566
0.709471940994
0.764439821243
0.697148799896
0.707082033157
0.695250988007
0.694132804871
0.711599111557
0.688766956329
0.687594890594
0.686449050903
0.684572219849
0.690235137939
0.698593139648
0.707024097443
0.669392108917
0.68336892128
0.677207946777
0.704688072205
0.679809093475
0.744244098663
0.697062015533
0.674325942993
0.685339927673
0.701864004135
0.733165979385
0.724429130554
0.722335100174
0.67479300499
0.682636022568
0.686789035797
0.686722040176
0.704435110092
0.687335014343
0.681736946106
0.677917003632
0.675371170044
0.692718982697
0.701378822327
0.717755079269
0.690057039261
0.687810897827
0.703794002533
0.704888105392
0.698929071426
0.653385877609
0.715976953506
0.703407049179
0.720487117767
0.691298007965
0.691035032272
0.707700014114
0.696817874908
0.700707912445
0.703459024429
0.693068981171
0.680069923401
0.710654973984
0.676702022552
0.705504179001
0.713622808456
0.700443983078
0.673345804214
0.697594881058
0.672412872314
0.729641914368
0.722958087921
0.70227098465
0.70486998558
0.68058013916
0.691564083099
0.678802013397
0.688752174377
0.681176900864
0.676976203918
0.690282821655
0.692857980728
0.699149847031
0.698972940445
0.673616886139
0.715585947037
0.691893100739
0.664701938629
0.685750007629
0.692716836929
0.717509031296
0.683424949646
0.687941789627
0.674078941345
0.650322914124
0.703413963318
0.7335460186
0.705929994583
0.707700014114
0.696152925491
0.715428113937
0.687738180161
0.668838977814
0.707187891006
0.692615032196
0.684813022614
0.695352077484
0.71219420433
0.70489192009
0.68975019455
0.686467885971
0.67782998085
0.687735080719
0.720130205154
0.690924167633
0.686106920242
0.688002109528
0.695032835007
0.717046022415
0.671893119812
0.683559894562
0.699619054794
0.692348003387
0.672513961792
0.694537162781
0.695981025696
0.685130834579
0.655623912811
0.797737121582
0.71720290184
0.737540960312
0.689965009689
0.699594974518
0.695241212845
0.714868068695
0.674873113632
0.673200130463
0.684230804443
0.735481023788
0.727171897888
0.683488130569
0.679332017899
0.697552919388
0.71541595459
0.717995882034
0.700927019119
0.698374986649
0.6901948452
0.66966509819
0.670768976212
0.677155971527
0.686575174332
0.69550204277
0.698903083801
0.69296503067
0.70671582222
0.698647022247
0.723999023438
0.702385902405
0.701485872269
0.691163063049
0.692780017853
0.716841936111
0.712087154388
0.714077949524
0.707264900208
0.70988702774
0.732682943344
0.757603883743
0.688364028931
0.694628953934
0.732792139053
0.668409109116
0.690793991089
0.682005882263
0.671780109406
0.702967882156
0.668097019196
0.695123910904
0.679600000381
0.698476076126
0.736626148224
0.710110902786
0.728612184525
0.707041978836
0.786699056625
0.68519616127
0.690970897675
0.695351839066
0.713740110397
0.70618891716
0.701709032059
0.714799880981
0.70903801918
0.684175014496
0.706134796143
0.654995918274
0.705470085144
0.692795038223
0.682698965073
0.682301044464
0.690752983093
0.714868068695
0.691977024078
0.702884197235
0.68018078804
0.670686006546
0.666670799255
0.678439855576
0.680346012115
0.729906082153
0.681384801865
0.714740991592
0.71891784668
0.731001138687
0.706192016602
0.728209972382
0.704998970032
0.705696105957
0.702426195145
0.6997859478
0.688142061234
0.689154148102
0.709148168564
0.708531856537
0.67302107811
0.694670915604
0.686780929565
0.663064956665
0.678411006927
0.708827018738
0.708734035492
0.693518161774
0.689958095551
0.702162027359
0.705452919006
0.710489034653
0.679687023163
0.701679944992
0.672218084335
0.696421861649
0.723388910294
0.740005016327
0.682066917419
0.696123838425
0.737021923065
0.707563877106
0.707010030746
0.724403858185
0.702991008759
0.692281007767
0.718538999557
0.689512014389
0.721007108688
