0.243227958679
0.23791885376
0.252369880676
0.238392114639
0.244579076767
0.269515037537
0.239122867584
0.241646051407
0.250289916992
0.258796930313
0.239482879639
0.238888978958
0.240393877029
0.23641705513
0.24290394783
0.246018886566
0.245990991592
0.244308948517
0.236670017242
0.236089944839
0.236325025558
0.236255168915
0.238129854202
0.25092792511
0.251708030701
0.242933988571
0.237955093384
0.239609956741
0.238038063049
0.244699001312
0.246755838394
0.238864898682
0.239861965179
0.238337993622
0.24359703064
0.246433973312
0.237632036209
0.245721101761
0.249526023865
0.240097999573
0.252097129822
0.238830089569
0.252400875092
0.238177061081
0.252927064896
0.238734006882
0.239085197449
0.238979101181
0.24106502533
0.23855805397
0.238779067993
0.246240139008
0.24431681633
0.238845825195
0.244656085968
0.246348142624
0.243216991425
0.238893032074
0.242536067963
0.237684011459
0.25533914566
0.248713970184
0.239737033844
0.243963003159
0.239789009094
0.250355958939
0.257919073105
0.239659070969
0.239376783371
0.243556976318
0.238351106644
0.238493919373
0.239264965057
0.248015880585
0.243825912476
0.243780136108
0.244499921799
0.239140033722
0.252791881561
0.237014055252
0.248040914536
0.246381998062
0.240923166275
0.23904299736
0.244895935059
0.238961935043
0.237818956375
0.237792015076
0.236528873444
0.256973028183
0.236214876175
0.238399982452
0.247694969177
0.238327026367
0.238466024399
0.24227809906
0.242477893829
0.237574100494
0.23714184761
0.238106012344
0.238685846329
0.267845153809
0.236893892288
0.237593889236
0.236618995667
0.238149881363
0.238226175308
0.24165391922
0.236982107162
0.242191076279
0.237477064133
0.242122173309
0.241581916809
0.238703966141
0.239130973816
0.251049995422
0.239943027496
0.25500202179
0.243093013763
0.237530946732
0.238373994827
0.245567798615
0.242334127426
0.236377954483
0.23733997345
0.237861156464
0.239530086517
0.238063097
0.242432117462
0.236748933792
0.239076852798
0.248821020126
0.250829219818
0.237910032272
0.238508224487
0.238862037659
0.254343032837
0.246554851532
0.238529920578
0.238690853119
0.238611936569
0.23827791214
0.238666057587
0.238279104233
0.238752126694
0.240113973618
0.237612009048
0.23730802536
0.236353874207
0.240761995316
0.236968994141
0.241147994995
0.24081492424
0.236454963684
0.24106502533
0.24019408226
0.240905046463
0.236372947693
0.237086057663
0.240914821625
0.236469984055
0.236625909805
0.24248290062
0.238736867905
0.237900018692
0.238182067871
0.242789030075
0.238587141037
0.238312005997
0.242566108704
0.239315986633
0.238806009293
0.238496780396
0.237943887711
0.236519098282
0.236292123795
0.240782976151
0.238421916962
0.23734498024
0.239659070969
0.239547014236
0.241822004318
0.244381189346
0.257699966431
0.246386766434
0.237884998322
0.238085985184
0.238139867783
0.248125076294
0.238896846771
0.237087011337
0.236706018448
0.236479997635
0.237272024155
0.236568927765
0.246517181396
0.246511936188
0.239433050156
0.261976003647
0.241706848145
0.2367811203
0.237902164459
0.239179849625
0.239000082016
0.25292301178
0.238460063934
0.238857030869
0.236529111862
0.240520000458
0.236005067825
0.240722894669
0.23747420311
0.23653793335
0.241147994995
0.236270904541
0.236904859543
0.237682104111
0.238846063614
0.238648891449
0.241024971008
0.237756967545
0.245348930359
0.241435050964
0.237401008606
0.242011070251
0.237118959427
0.239683151245
0.241722106934
0.242961168289
0.238726139069
0.24448800087
0.243417024612
0.249279975891
0.244457960129
0.243479013443
0.248240947723
0.253592967987
0.239274978638
0.243338108063
0.239180088043
0.249432086945
0.248376846313
0.244993925095
0.243973970413
0.244359970093
0.248627901077
0.24541592598
0.246710062027
0.24432015419
0.238530874252
0.241861820221
0.244645118713
0.243995904922
0.243871927261
0.24706697464
0.239682912827
0.240468978882
0.242608070374
0.254020929337
0.239052057266
0.243745088577
0.240257024765
0.241071939468
0.240345001221
0.252937078476
0.243984937668
0.241062164307
0.24942111969
0.243083000183
0.24281001091
0.268748998642
0.243399143219
0.240582942963
0.239334821701
0.248340845108
0.247850894928
0.271531105042
0.254220962524
0.240268945694
0.249226093292
0.237351894379
0.239907979965
0.24173617363
0.244489908218
0.245409965515
0.238857984543
0.24091386795
0.241997003555
0.240844964981
0.239218950272
0.256164073944
0.265615940094
0.250272989273
0.237390041351
0.245324134827
0.238784074783
0.237174987793
0.238445043564
0.242481946945
0.246724843979
0.242328166962
0.237446069717
0.2455098629
0.237285852432
0.237471103668
0.238601922989
0.243557929993
0.238295078278
0.237601995468
0.236694097519
0.238173007965
0.23860502243
0.240051984787
0.239890813828
0.243253946304
0.243551969528
0.249041080475
0.242836952209
0.240561008453
0.239923000336
0.24459695816
0.243929862976
0.240588903427
0.238134860992
0.238462924957
0.237278938293
0.238203048706
0.237677812576
0.24063706398
0.236153841019
0.238194942474
0.239017009735
0.241595029831
0.238337993622
0.241227865219
0.240192174911
0.242980003357
0.246150016785
0.245780944824
0.248093128204
0.248189926147
0.243088006973
0.243762016296
0.25599694252
0.245292901993
0.24186205864
0.251801967621
0.248547792435
0.246098995209
0.241844177246
0.239776849747
0.243395090103
0.239953994751
0.245403051376
0.254212141037
0.24552321434
0.25058889389
0.246456861496
0.244454860687
0.240953922272
0.238543987274
0.241609096527
0.240352153778
0.243561983109
0.248859167099
0.243350028992
0.254101037979
0.23884510994
0.243100881577
0.251083850861
0.241676092148
0.241742134094
0.243659973145
0.243566036224
0.243023872375
0.245298862457
0.248122930527
0.242529153824
0.242597103119
0.246247053146
0.242404937744
0.25057387352
0.250169992447
0.242073059082
0.245486974716
0.246428966522
0.243876934052
0.244225025177
0.249634027481
0.243969917297
0.243999004364
0.24204492569
0.244287967682
0.246649026871
0.25244808197
0.245652914047
0.241693019867
0.252491950989
0.268563985825
0.281862974167
0.277883052826
0.279607057571
0.283471107483
0.282476902008
0.276396989822
0.275142908096
0.278521060944
0.287083864212
0.278254032135
0.286453008652
0.275277137756
0.285362958908
0.277221918106
0.27619099617
0.272572040558
0.270791053772
0.274214982986
0.275368928909
0.271694898605
0.27023601532
0.264006853104
0.265959978104
0.273547172546
0.265468835831
0.276525974274
0.266418933868
0.273816823959
0.266680002213
0.254181861877
0.258574008942
0.25888800621
0.263864040375
0.256432056427
0.262761116028
0.266326904297
0.26057100296
0.26199889183
0.260341882706
0.254838943481
0.2605240345
0.273727178574
0.257045030594
0.264099836349
0.251080036163
0.250391960144
0.246625900269
0.251416921616
0.255473136902
0.261806964874
0.257290840149
0.251729011536
0.252299785614
0.25679898262
0.265509843826
0.261681079865
0.251164913177
0.264107942581
0.258596897125
0.268584012985
0.244267940521
0.273308992386
0.244971990585
0.258661985397
0.251513004303
0.247932195663
0.25222992897
0.253911018372
0.252316951752
0.262291908264
0.245907783508
0.251315832138
0.279614210129
0.249167919159
0.251142978668
0.253835916519
0.265789031982
0.257391929626
0.255894184113
0.284431934357
0.262315034866
0.269731044769
0.257732868195
0.257278203964
0.261162042618
0.256901979446
0.254561185837
0.259634017944
0.267255783081
0.25799703598
0.261070966721
0.259009122849
0.244961977005
0.250438928604
0.246900081635
0.249457836151
0.256237983704
0.249804973602
0.247359037399
0.25471997261
0.2501039505
0.246166944504
0.248464107513
0.247008085251
0.247438907623
0.268921852112
0.25563788414
0.257767915726
0.26637506485
0.259229898453
0.262609004974
0.262858867645
0.254472970963
0.261422872543
0.265413999557
0.256883144379
0.254785060883
0.254566192627
0.272944927216
0.269198894501
0.264709949493
0.265044212341
0.242993116379
0.268097877502
0.246813058853
0.253996133804
0.254292964935
0.255012989044
0.25181388855
0.250664949417
0.253033876419
0.258198976517
0.254064083099
0.275609016418
0.267171144485
0.256347894669
0.250427961349
0.26576089859
0.260223865509
0.259435892105
0.260559797287
0.254462003708
0.260735988617
0.253220796585
0.257368803024
0.254976034164
0.26043510437
0.270328044891
0.262144088745
0.261075019836
0.273813009262
0.254765033722
0.265017986298
0.252528905869
0.273394823074
0.248555898666
0.25359582901
0.243932008743
0.256172895432
0.244643211365
0.254148960114
0.248690843582
0.24875497818
0.245074987411
0.254917860031
0.255493879318
0.249919891357
0.257849931717
0.254539012909
0.262170791626
0.266398906708
0.266621112823
0.258748054504
0.254323005676
0.256109952927
0.262196063995
0.263912916183
0.261124134064
0.256918907166
0.266366004944
0.255264043808
0.264646053314
0.254623889923
0.267298936844
0.257483005524
0.248461961746
0.248565196991
0.245677947998
0.254694223404
0.251423120499
0.265450954437
0.244818210602
0.253448009491
0.247009992599
0.263641834259
0.252379894257
0.252553939819
0.246437072754
0.247225999832
0.252295970917
0.254495859146
0.262328147888
0.25549697876
0.266504049301
0.256669044495
0.262017965317
0.262825965881
0.258996963501
0.268276929855
0.258481025696
0.260191202164
0.256145000458
0.263262987137
0.267246961594
0.254338979721
0.251687049866
0.249444007874
0.252877950668
0.245547056198
0.25213098526
0.253616809845
0.250298023224
0.249897003174
0.260787963867
0.253158092499
0.250193834305
0.251802921295
0.249551057816
0.248860120773
0.246194839478
0.246447086334
0.256059885025
0.269499063492
0.267785072327
0.267282962799
0.251900196075
0.258678913116
0.25497508049
0.263283014297
0.265496015549
0.257860898972
0.271157979965
0.255218982697
0.266134977341
0.260267972946
0.259210109711
0.252980947495
0.261079072952
0.246929168701
0.258546113968
0.249732971191
0.252171039581
0.248997926712
0.253492116928
0.252747774124
0.247974157333
0.249002933502
0.245756864548
0.245789051056
0.247503995895
0.249227046967
0.251991987228
0.256101846695
0.257560968399
0.254904985428
0.256858825684
0.263334989548
0.269409179688
0.253044128418
0.270128965378
0.259625911713
0.25892996788
0.252419948578
0.255793094635
0.253893136978
0.261746883392
0.26149892807
0.256255149841
0.252300977707
0.256232976913
0.247451782227
0.254132986069
0.248667001724
0.245442867279
0.255014896393
0.248560905457
0.2521879673
0.248814105988
0.248628854752
0.254561901093
0.245188951492
0.26021194458
0.248495101929
0.252584934235
0.268908977509
0.26266503334
0.261314153671
0.263363838196
0.25839304924
0.256353855133
0.257997989655
0.252998113632
0.262083053589
0.256609916687
0.273718118668
0.26137804985
0.263338088989
0.258980035782
0.255448102951
0.253520011902
0.250581979752
0.270453929901
0.246310949326
0.253137111664
0.254586935043
0.247033119202
0.253638982773
0.255738973618
0.26104593277
0.248970985413
0.245580911636
0.257812023163
0.247351884842
0.248409032822
0.25048494339
0.25857591629
0.259017944336
0.267186880112
0.256363153458
0.266464948654
0.257081031799
0.262200117111
0.264341831207
0.256201982498
0.262495994568
0.254976987839
0.259622097015
0.257328033447
0.256243944168
0.257491827011
0.250356912613
0.266398906708
0.246778011322
0.272585868835
0.246136188507
0.261592149734
0.245314121246
0.249280929565
0.254581928253
0.255702018738
0.258103847504
0.249632835388
0.254020929337
0.25155210495
0.246669054031
0.253304004669
0.254822969437
0.286463022232
0.252511978149
0.260947942734
0.260016918182
0.261595010757
0.255969047546
0.257823944092
0.271625041962
0.257890939713
0.259341001511
0.262031793594
0.263309001923
0.254677057266
0.269469976425
0.250649929047
0.264681100845
0.247906923294
0.252326011658
0.255385875702
0.244688987732
0.256937980652
0.246113061905
0.247288942337
0.26096701622
0.247269153595
0.257258176804
0.248160839081
0.248804092407
0.248887062073
0.245887041092
0.27557682991
0.260049104691
0.259602069855
0.272797107697
0.263131856918
0.264241218567
0.279532194138
0.262302875519
0.265959024429
0.264165878296
0.257570028305
0.260261058807
0.255670070648
0.258578062057
0.254898786545
0.249531030655
0.261636018753
0.248039007187
0.251971960068
0.246383905411
0.24659204483
0.266330003738
0.251955032349
0.248265028
0.250461101532
0.248448133469
0.254768133163
0.243889093399
0.24703001976
0.245049953461
0.252273082733
0.258983850479
0.261895895004
0.251039028168
0.254890203476
0.26279592514
0.256324052811
0.258496046066
0.25295996666
0.265882015228
0.260441064835
0.27136015892
0.257512807846
0.273246049881
0.258651018143
0.262485980988
0.254543066025
0.253420114517
0.265289068222
0.267377138138
0.256752967834
0.251876115799
0.245486974716
0.26135802269
0.252862930298
0.257258892059
0.256622076035
0.249479055405
0.26912689209
0.245450973511
0.255962133408
0.246464014053
0.252331972122
0.266916036606
0.26141500473
0.255770921707
0.264916181564
0.255391120911
0.265606880188
0.259874820709
0.259849071503
0.258602142334
0.258080005646
0.260500907898
0.253364086151
0.255635023117
0.255271911621
0.252723932266
0.25007390976
0.248927116394
0.25202703476
0.245584964752
0.257796049118
0.243790864944
0.244776964188
0.258917093277
0.244373083115
0.244752883911
0.245700836182
0.254526138306
0.261718988419
0.247543811798
0.271287918091
0.267055034637
0.266793012619
0.254868030548
0.258310079575
0.270049095154
0.260122060776
0.259654045105
0.256099939346
0.25566983223
0.263846158981
0.262450933456
0.261985063553
0.252622127533
0.253834962845
0.25877404213
0.252916097641
0.299702882767
0.274611949921
0.27402305603
0.284809112549
0.287383794785
0.285301923752
0.278039932251
0.298321008682
0.274021863937
0.280919075012
0.273566007614
0.282166004181
0.280319929123
0.283359050751
0.266582012177
0.268774986267
0.265866994858
0.271539926529
0.267194986343
0.262850046158
0.262935161591
0.270976066589
0.261903047562
0.269038200378
0.263907909393
0.268485069275
0.264261007309
0.26784491539
0.287106990814
0.255985021591
0.282492160797
0.260147809982
0.261049985886
0.262880086899
0.258231163025
0.256050109863
0.255445957184
0.263753890991
0.262098073959
0.256076097488
0.25838303566
0.262288093567
0.281133890152
0.263245105743
0.250905990601
0.245224952698
0.261719942093
0.254374980927
0.251007080078
0.254504919052
0.249907970428
0.250208854675
0.247302055359
0.252490997314
0.249176979065
0.254730939865
0.268254041672
0.245458126068
0.24832201004
0.247378110886
0.259380817413
0.253856897354
0.266461133957
0.251204967499
0.257062911987
0.255243062973
0.252343893051
0.262933015823
0.253406047821
0.276240825653
0.254138946533
0.274374961853
0.251667976379
0.267894983292
0.260936021805
0.267557859421
0.24622297287
0.252680063248
0.24979186058
0.251739025116
0.257361888885
0.246396064758
0.245619058609
0.269820928574
0.246239900589
0.248224973679
0.266511917114
0.247601032257
0.252412080765
0.24870300293
0.247880935669
0.255038022995
0.269799947739
0.257280826569
0.259250164032
0.261070966721
0.26380610466
0.257353067398
0.260886907578
0.253849983215
0.269014835358
0.256443023682
0.262662172318
0.252280950546
0.265596151352
