0.751233100891
0.756777048111
0.723639011383
0.766819953918
0.726176977158
0.715546131134
0.745388031006
0.759201049805
0.744138002396
0.726696968079
0.753232955933
0.752168893814
0.741239070892
0.728417873383
0.780384063721
0.732800960541
0.750530004501
0.757682085037
0.751088142395
0.73132109642
0.749185800552
0.756016969681
0.777442932129
0.775011777878
0.753307104111
0.749139070511
0.765661001205
0.738129138947
0.729691028595
0.74473285675
0.732170820236
0.748659133911
0.787858963013
0.751757144928
0.771961927414
0.756535053253
0.755589962006
0.737019062042
0.738290071487
0.735535860062
0.723815202713
0.767522096634
0.750652074814
0.764169216156
0.740212917328
0.74022603035
0.76115489006
0.757388114929
0.77401304245
0.742620944977
0.765574932098
0.746514081955
0.746837854385
0.745589017868
0.753659963608
0.7462849617
0.784777879715
0.728230953217
0.754347085953
0.784090995789
0.772753000259
0.752258062363
0.732797861099
0.740756988525
0.759196043015
0.769520998001
0.719551086426
0.762101888657
0.739337205887
0.760835170746
0.754539012909
0.7251060009
0.742332935333
0.768147945404
0.760068893433
0.741545915604
0.775444984436
0.766634941101
0.763813018799
0.735291004181
0.747737884521
0.761205911636
0.781259059906
0.762778043747
0.760599136353
0.779287815094
0.709826946259
0.765562057495
0.761116981506
0.732927083969
0.77494597435
0.734762907028
0.755131006241
0.728235960007
0.76093506813
0.750530004501
0.762848854065
0.772498846054
0.756317138672
0.766757965088
0.772448778152
0.745172023773
0.746065855026
0.733688116074
0.768515110016
0.741564035416
0.756381988525
0.78709602356
0.765281915665
0.761042118073
0.741639137268
0.723871946335
0.752280950546
0.764847993851
0.771117925644
0.706073999405
0.759860992432
0.762760877609
0.757678985596
0.764958143234
0.76961183548
0.784336805344
0.761650085449
0.735662937164
0.767410039902
0.763213157654
0.752457857132
0.724699020386
0.737468004227
0.741683006287
0.748162984848
0.767256975174
0.758100032806
0.760389089584
0.731138944626
0.749241113663
0.77423286438
0.749177932739
0.724730968475
0.744678974152
0.762224912643
0.782850980759
0.744620800018
0.769437074661
0.741227865219
0.771039962769
0.752603054047
0.758230924606
0.74951505661
0.755066871643
0.777157068253
0.772676944733
0.745054006577
0.734965085983
0.779090166092
0.724301815033
0.770661115646
0.763746023178
0.742308139801
0.723893880844
0.724633932114
0.74688410759
0.748123884201
0.768627166748
0.722103118896
0.729985952377
0.737416982651
0.738540172577
0.763972043991
0.758662939072
0.762437820435
0.754050970078
0.760522127151
0.745319843292
0.735032081604
0.774656057358
0.768460988998
0.738965988159
0.743073940277
0.758860826492
0.738857030869
0.755340099335
0.756591081619
0.760153055191
0.775428056717
0.747792005539
0.752058982849
0.733669996262
0.768788814545
0.731275081635
0.714518785477
0.749098062515
0.741504907608
0.731477975845
0.76939702034
0.74360203743
0.777009010315
0.757676839828
0.727740049362
0.712909936905
0.810956954956
0.746495962143
0.749768972397
0.733062028885
0.754179000854
0.738648891449
0.753453016281
0.755189180374
0.72402882576
0.768994808197
0.750667095184
0.7530169487
0.754429101944
0.740298986435
0.760631084442
0.746402025223
0.760110139847
0.780896186829
0.738363027573
0.760976076126
0.748115062714
0.729144096375
0.749071121216
0.755069971085
0.764014005661
0.750562906265
0.776359081268
0.764954090118
0.764117002487
0.743652820587
0.759264945984
0.72097992897
0.742040872574
0.778938055038
0.776695013046
0.748897075653
0.721075057983
0.720821142197
0.778524160385
0.752446889877
0.733262062073
0.741358995438
0.759892940521
0.741628885269
0.745924949646
0.764797925949
0.722400903702
0.735132932663
0.761059999466
0.763190031052
0.767961978912
0.724298000336
0.784170150757
0.774785041809
0.739655017853
0.748052120209
0.7590239048
0.761361837387
0.747848987579
0.760471820831
0.723590135574
0.746258020401
0.765825033188
0.750502109528
0.740994930267
0.771610021591
0.768998146057
0.757941961288
0.776258945465
0.759985923767
0.726668119431
0.731580972672
0.731233119965
0.713721990585
0.729475975037
0.727681875229
0.769411087036
0.756101131439
0.755555868149
0.756273984909
0.743349075317
0.764826059341
0.766036987305
0.780755996704
0.770080804825
0.760559797287
0.748201131821
0.746246099472
0.750329971313
0.724635124207
0.85990691185
0.735938072205
0.746476888657
0.76394701004
0.742321968079
0.759724855423
0.753005981445
0.75629401207
0.740821123123
0.701251029968
0.738003969193
0.762442827225
0.750413179398
0.723545074463
0.766477108002
0.733639001846
0.767017126083
0.750454902649
0.773903131485
0.76619386673
0.759303092957
0.743982076645
0.736548900604
0.713532924652
0.768842935562
0.751127004623
0.754090070724
0.754848003387
0.761476039886
0.748727798462
0.751496076584
0.748337030411
0.742891073227
0.767365932465
0.715548992157
0.743834972382
0.770164966583
0.744164943695
0.754401922226
0.721555948257
0.756899118423
0.763983011246
0.75469493866
0.770431041718
0.73605799675
0.797189950943
0.724454879761
0.752284049988
0.751070976257
0.755705833435
0.787397146225
0.738466978073
0.759329080582
0.852110147476
0.730668067932
0.76061797142
0.761557817459
0.757605075836
0.735533952713
0.739097118378
0.732200860977
0.73514008522
0.766746997833
0.719701051712
0.730044126511
0.758968114853
0.758113861084
0.762057065964
0.733659982681
0.723070144653
0.746799945831
0.763200998306
0.744381904602
0.80038189888
0.750374078751
0.727974176407
0.738690137863
0.760061979294
0.753916978836
0.777665138245
0.761552095413
0.772680044174
0.749631881714
0.756543159485
0.746942043304
0.735612869263
0.766369104385
0.749747991562
0.74924492836
0.744536161423
0.744924068451
0.777112960815
0.721169948578
0.757422924042
0.734342098236
0.742489814758
0.756279945374
0.731505155563
0.728788852692
0.752333879471
0.762147188187
0.765008211136
0.747400999069
0.738634109497
0.754095077515
0.75762796402
0.778177976608
0.734952926636
0.76119685173
0.731571912766
0.749081134796
0.724124193192
0.739205121994
0.739426851273
0.75778222084
0.748022794724
0.763254880905
0.748054027557
0.744254827499
0.762027978897
0.747147083282
0.725524902344
0.770196199417
0.730402946472
0.749419927597
0.747528076172
0.759463071823
0.764236927032
0.79022192955
0.761161088943
0.743848085403
0.770259857178
0.732106924057
0.755825042725
0.725949048996
0.782818078995
0.742068052292
0.773162126541
0.730026960373
0.757522106171
0.74809718132
0.736140012741
0.746237039566
0.74346113205
0.756525993347
0.748227119446
0.733323097229
0.742352962494
0.758488893509
0.734372854233
0.720195055008
0.769106149673
0.756389141083
0.737539052963
0.726155996323
0.776098012924
0.748075008392
0.759629011154
0.748229980469
0.760288000107
0.761586904526
0.77597284317
0.746417045593
0.710978031158
0.728969097137
0.876421928406
0.750108003616
0.717144012451
0.729076147079
0.764413833618
0.764572143555
0.743793010712
0.75529718399
0.769364118576
0.729171991348
0.766975879669
0.763015031815
0.747221946716
0.76105093956
0.742225885391
0.752019166946
0.736113786697
0.753489017487
0.757644891739
0.7416639328
0.732920885086
0.720200061798
0.737210988998
0.74755692482
0.728357076645
0.774396896362
0.736345052719
0.761831045151
0.762161016464
0.721625804901
0.759122133255
0.748318910599
0.844741106033
0.746510028839
0.774526119232
0.751976966858
0.747392892838
0.780687093735
0.737236976624
0.784755945206
0.747020959854
0.735877037048
0.724949121475
0.748763084412
0.753178119659
0.750882148743
0.758589029312
0.743212938309
0.736218929291
0.766032934189
0.756329059601
0.779991865158
0.744606971741
0.751027107239
0.738184928894
0.78476190567
0.74604010582
0.765038967133
0.727971076965
0.795367002487
0.721328020096
0.722274065018
0.730756998062
0.73740696907
0.737997055054
0.762768983841
0.775620937347
0.758025884628
0.748037815094
0.738926887512
0.744257926941
0.757687091827
0.714472055435
0.747401952744
0.788405895233
0.72256398201
0.745051145554
0.714895009995
0.751219987869
0.694352149963
0.766274929047
0.733154058456
0.730666875839
0.77236199379
0.751204967499
0.714647054672
0.816289901733
0.754541158676
0.75850892067
0.762295007706
0.732922077179
0.776099920273
0.766268014908
0.77664899826
0.756911039352
0.725181102753
0.730067014694
0.781820058823
0.773615837097
0.767066001892
0.749034881592
0.731570959091
0.7751288414
0.736967802048
0.749091148376
0.764268875122
0.76044011116
0.764156103134
0.765295982361
0.764039039612
0.731285095215
0.744420051575
0.742233991623
0.735146045685
0.727119922638
0.736181020737
0.768893003464
0.736133813858
0.736708879471
0.77599811554
0.73774600029
0.769023180008
0.719512939453
0.736052036285
0.723018884659
0.757368087769
0.777713060379
0.756968975067
0.745640993118
0.747720003128
0.738368034363
0.758751869202
0.719786167145
0.786925077438
0.786954164505
0.736002922058
0.732481002808
0.778651952744
0.760122060776
0.751101970673
0.740838050842
0.778837919235
0.751137018204
0.772624969482
0.761810064316
0.760663032532
0.752921104431
0.761414051056
0.728106021881
0.746071100235
0.757467985153
0.741726160049
0.760407924652
0.750496149063
0.790721893311
0.73937702179
0.733539104462
0.762948989868
0.740467071533
0.754155874252
0.781391143799
0.753826141357
0.759968042374
0.735035896301
0.784211158752
0.746778011322
0.778265953064
0.735661029816
0.753849983215
0.74076294899
0.745013952255
0.720705986023
0.745135068893
0.735773086548
0.745504140854
0.7635679245
0.743262052536
0.740895986557
0.731985807419
0.752434015274
0.767788887024
0.758495092392
0.735069036484
0.739362955093
0.762782096863
0.751435041428
0.761029005051
0.753125905991
0.758387804031
0.7535841465
0.735543966293
0.751421928406
0.76066493988
0.752596139908
0.809307813644
0.746447086334
0.716943979263
0.784418821335
0.764863967896
0.747948169708
0.74158000946
0.767511129379
0.746182918549
0.749560117722
0.7857670784
0.743811130524
0.727579832077
0.754205942154
0.783535957336
0.728985786438
0.770911931992
0.743089914322
0.770725011826
0.722628116608
0.771857023239
0.742343902588
0.761798858643
0.751184940338
0.729450941086
0.716767072678
0.757796049118
0.796678066254
0.756062984467
0.754468917847
0.734295129776
0.766307115555
0.711062192917
0.755035161972
0.756619930267
0.719035863876
0.740034103394
0.728914022446
0.708769798279
0.75998711586
0.730570077896
0.748548984528
0.748920202255
0.760473012924
0.750013113022
0.751718044281
0.743978023529
0.761284828186
0.717861175537
0.763056993484
0.739823102951
0.75853395462
0.748194932938
0.742240190506
0.751425027847
0.770533084869
0.776398897171
0.770918130875
0.751391887665
0.768836021423
0.735965013504
0.722630023956
0.759760141373
0.776947975159
0.744225978851
0.735640048981
0.73483300209
0.734396934509
0.753996133804
0.735116004944
0.72635602951
0.734631061554
0.721882104874
0.752244949341
0.737947940826
0.76013302803
0.781532049179
0.765897035599
0.708690881729
0.76185798645
0.749652862549
0.766666173935
0.745230913162
0.766664028168
0.742767810822
0.690550088882
0.713366031647
0.748903036118
0.755791902542
0.759297847748
0.736383914948
0.727204799652
0.761163949966
0.749593019485
0.788950920105
0.759598970413
0.755045890808
0.745143175125
0.733594894409
0.860295057297
0.75310587883
0.707102060318
0.726104974747
0.777698040009
0.745458126068
0.773983955383
0.756024837494
0.736940860748
0.792493104935
0.74446105957
0.727019071579
0.739052057266
0.773452997208
0.738682031631
0.754961013794
0.780121088028
0.750772953033
0.744846820831
0.737707853317
0.717767953873
0.736577033997
0.725641012192
0.745007991791
0.72047996521
0.750494003296
0.768909931183
0.748955011368
0.743614912033
0.789261102676
0.764971017838
0.762719869614
0.767045974731
0.753411054611
0.744406938553
0.786375999451
0.74311208725
0.788055896759
0.75390791893
0.731950998306
0.767349004745
0.752028942108
0.818218946457
0.790666103363
0.749443054199
0.741044998169
0.744035959244
0.765866994858
0.721573114395
0.767920017242
0.714695930481
0.743932008743
0.780694007874
0.749891996384
0.73145198822
0.71937084198
0.75746011734
0.742158174515
0.749377965927
0.734706878662
0.767856121063
0.730328083038
0.758298873901
0.753875017166
0.733464002609
0.765850067139
0.739593029022
0.751966953278
0.764621019363
0.757800102234
0.763170957565
0.759255170822
0.777903079987
0.73606801033
0.752352952957
0.716385126114
0.755764007568
0.767693996429
0.760041952133
0.736603975296
0.749905109406
0.780268907547
0.740731954575
0.752774953842
0.757932901382
0.751959085464
0.757645130157
0.760509967804
0.770664930344
0.755419015884
0.726897001266
0.753682851791
0.744610071182
0.738171815872
0.748878002167
0.757711172104
0.747114181519
0.744983196259
0.717725992203
0.712793827057
0.756148815155
0.72247004509
0.735291957855
0.76855301857
0.721447944641
0.7561647892
0.746757984161
0.785875082016
0.769179821014
0.762532949448
0.754585981369
0.730842828751
0.724221229553
0.779258012772
0.741336107254
0.735366106033
0.742978096008
0.85781788826
0.755770921707
0.740962028503
0.746180057526
0.738909006119
0.760770082474
0.749165058136
0.743514060974
0.753807067871
0.748492956161
0.776788949966
0.753123998642
0.721918106079
0.76902794838
0.745470046997
0.762873888016
0.74759721756
0.737881183624
0.750703811646
0.736915111542
0.746761083603
0.73223400116
0.720794916153
0.761677980423
0.736114025116
0.743107795715
0.761593818665
0.73873591423
0.769114971161
0.759550094604
0.764671087265
0.730291128159
0.745060920715
0.760254859924
0.760582923889
0.732253074646
0.738084793091
0.7232670784
0.750067949295
0.723212003708
0.757770061493
0.776427030563
0.735965967178
0.751813173294
0.735728025436
0.753580093384
0.757201910019
0.771823167801
0.75190281868
0.718483924866
0.765298128128
0.745923995972
0.720654010773
0.754862785339
0.75142288208
0.758858203888
0.766587972641
0.755327939987
0.738828897476
0.727429866791
0.717933177948
0.764733076096
0.720086097717
0.735548019409
0.738985061646
0.756602048874
0.746383905411
0.749707937241
0.720499038696
0.779309034348
0.751232147217
0.734703063965
0.751877784729
0.764131069183
0.760801076889
0.750769853592
0.761620044708
0.780267953873
0.740545988083
0.783936023712
0.7526948452
0.783233880997
0.758756160736
0.724758863449
0.738387823105
0.789167881012
0.770357847214
0.781602144241
0.747001886368
0.745966911316
0.743993997574
0.745895147324
0.750575065613
0.779504060745
0.719771146774
0.739902019501
0.727288961411
0.741312980652
0.712107896805
0.735552072525
0.74870300293
0.719369888306
0.781670808792
0.765849113464
0.759865045547
0.736590147018
0.730385065079
0.758640050888
0.736327171326
0.758585929871
0.770583868027
0.750433206558
0.785545110703
0.747898101807
0.743714094162
0.752300024033
0.729878902435
0.741110086441
0.746231079102
0.762271881104
0.756412982941
0.751138925552
0.73230099678
0.790644884109
0.771814107895
0.737220048904
0.739232063293
0.767925024033
0.778589010239
0.769573926926
0.733162164688
0.773655891418
0.7227871418
0.73650097847
0.743507862091
