0.594488143921
0.593379974365
0.604209899902
0.596955060959
0.599079847336
0.613901853561
0.597929954529
0.594310998917
0.600409030914
0.591871976852
0.592365026474
0.598694086075
0.598011016846
0.594300031662
0.599217891693
0.592272996902
0.600538015366
0.602936029434
0.607042074203
0.601037979126
0.592867851257
0.588884115219
0.598828792572
0.609863996506
0.605951070786
0.60281586647
0.608422040939
0.598014831543
0.612609863281
0.609831094742
0.609947919846
0.592468976974
0.59903216362
0.599277973175
0.619064092636
0.60014295578
0.605312824249
0.594960927963
0.603796958923
0.593202829361
0.608417034149
0.598300933838
0.604419946671
0.604523897171
0.601781845093
0.592610836029
0.602488040924
0.599291086197
0.600287914276
0.600826978683
0.601927042007
0.60600399971
0.598047018051
0.60548210144
0.596063137054
0.597872018814
0.598330974579
0.60009098053
0.607204914093
0.601769924164
0.59739613533
0.594232082367
0.596381902695
0.596559047699
0.601729869843
0.597229003906
0.597494125366
0.595623016357
0.591058969498
0.592573165894
0.597921133041
0.591413974762
0.598435163498
0.595425128937
0.592679977417
0.602306842804
0.599467992783
0.599832057953
0.597681045532
0.599658966064
0.611744880676
0.605543851852
0.597294807434
0.597183942795
0.595891952515
0.603472948074
0.604007005692
0.602156877518
0.598335981369
0.603697061539
0.603858947754
0.592470169067
0.59424996376
0.610674142838
0.597316026688
0.597803115845
0.595058917999
0.604696989059
0.600098848343
0.605978965759
0.606159925461
0.600342988968
0.601285934448
0.590714216232
0.607326984406
0.605680942535
0.59858584404
0.594106912613
0.593115091324
0.602767944336
0.601380109787
0.602699041367
0.594395160675
0.596837997437
0.602015018463
0.600625038147
0.613087177277
0.596024036407
0.60865187645
0.608910083771
0.603129863739
0.600627183914
0.606251001358
0.59862780571
0.602735996246
0.596037864685
0.596931934357
0.598994016647
0.593513011932
0.601999044418
0.595915079117
0.601270914078
0.599139928818
0.604408025742
0.596326112747
0.598871946335
0.596879959106
0.601708173752
0.60893702507
0.591912984848
0.594149112701
0.595452070236
0.602526903152
0.595209121704
0.595827817917
0.606678009033
0.601051092148
0.599444150925
0.596578121185
0.603073120117
0.603317022324
0.599472999573
0.59846496582
0.596764802933
0.600724935532
0.601812124252
0.59633898735
0.60156083107
0.597956180573
0.593161821365
0.594986915588
0.601029872894
0.594972133636
0.599600791931
0.598670005798
0.599829912186
0.595495939255
0.592821121216
0.599490880966
0.598596096039
0.596908092499
0.595495939255
0.593600988388
0.603918075562
0.607316970825
0.594038963318
0.598834991455
0.595968008041
0.605664968491
0.593924999237
0.616826057434
0.600388050079
0.60061788559
0.598549127579
0.595145940781
0.603008031845
0.598086833954
0.596909999847
0.595528125763
0.603034973145
0.60552406311
0.596024036407
0.593944072723
0.598181962967
0.594078063965
0.5990421772
0.602504014969
0.601314067841
0.603698968887
0.60436797142
0.594924926758
0.602098941803
0.604521989822
0.596092939377
0.593224048615
0.596561908722
0.596857070923
0.594779014587
0.605448007584
0.596262931824
0.594173908234
0.60093998909
0.60039305687
0.594502210617
0.602491855621
0.62503194809
0.593701124191
0.601990938187
0.592839956284
0.599991798401
0.608597993851
0.604051113129
0.600128889084
0.604285955429
0.619441986084
0.603341817856
0.597145080566
0.593079805374
0.601125001907
0.600940942764
0.592662096024
0.596632003784
0.599506855011
0.594611167908
0.599742174149
0.597594022751
0.604164123535
0.601804018021
0.609625101089
0.599909067154
0.607450962067
0.596046924591
0.598827123642
0.602183818817
0.601539850235
0.594605207443
0.592719078064
0.596830129623
0.593183994293
0.59454703331
0.603808879852
0.602113962173
0.592540025711
0.598260879517
0.601885080338
0.601279020309
0.593708992004
0.597102880478
0.60097694397
0.593745946884
0.603823900223
0.597688913345
0.59711098671
0.59886598587
0.603005170822
0.598050117493
0.597169876099
0.599513053894
0.595412969589
0.599038124084
0.597786903381
0.605259180069
0.598395109177
0.602470159531
0.601171016693
0.598611116409
0.604949951172
0.604991912842
0.595702171326
0.599588871002
0.596144914627
0.60275387764
0.595914125443
0.595475912094
0.605121135712
0.610899925232
0.595467090607
0.596546888351
0.610122919083
0.603812932968
0.599353075027
0.593543052673
0.598815917969
0.594976902008
0.59756398201
0.597534894943
0.600650072098
0.593955039978
0.600406169891
0.596697092056
0.592435121536
0.599807977676
0.601320981979
0.60261797905
0.59504199028
0.594272851944
0.60515499115
0.595307826996
0.596565008163
0.603587865829
0.597384929657
0.592511892319
0.596493005753
0.596403837204
0.596060037613
0.600321054459
0.595510005951
0.599672079086
0.599445819855
0.606384992599
0.592993021011
0.595519065857
0.594516992569
0.601821899414
0.600501775742
0.594517946243
0.597109079361
0.608261108398
0.604255914688
0.604657888412
0.603847026825
0.599549055099
0.602499008179
0.595877885818
0.596671819687
0.595806837082
0.601363182068
0.602504968643
0.598242998123
0.59884595871
0.594970941544
0.594007015228
0.603401899338
0.598340988159
0.602766036987
0.597908973694
0.597143888474
0.600534200668
0.603347063065
0.60323882103
0.59589600563
0.608902931213
0.598047971725
0.59464097023
0.598448038101
0.60308599472
0.598235845566
0.604229927063
0.608102083206
0.592151880264
0.602246999741
0.595637083054
0.59517788887
0.600843191147
0.607927799225
0.602762937546
0.604238033295
0.612388849258
0.601317882538
0.593431949615
0.596120834351
0.596184015274
0.598202943802
0.599977016449
0.599901914597
0.5992000103
0.595991134644
0.605621099472
0.605865001678
0.597332954407
0.595017910004
0.595253944397
0.599322080612
0.599138021469
0.597221136093
0.599869012833
0.596328020096
0.599799871445
0.598162889481
0.600381135941
0.606593132019
0.603100061417
0.597899913788
0.593517065048
0.60031414032
0.602177858353
0.593273878098
0.591088056564
0.59897685051
0.592743873596
0.598896980286
0.592252016068
0.609726905823
0.592715978622
0.599656105042
0.602201938629
0.604490995407
0.593564987183
0.600859880447
0.592992067337
0.596692800522
0.594191074371
0.600440979004
0.596127033234
0.589756011963
0.5981528759
0.596670150757
0.600936889648
0.592401027679
0.595360994339
0.593314886093
0.590620994568
0.593742132187
0.591956138611
0.60306096077
0.594753026962
0.600620985031
0.605352163315
0.601768016815
0.605231046677
0.593824863434
0.603884935379
0.599848985672
0.59702205658
0.60063290596
0.608100891113
0.599221944809
0.592625141144
0.603479862213
0.605138063431
0.597056865692
0.600198984146
0.597100019455
0.596466064453
0.598801136017
0.60645198822
0.5945520401
0.598567008972
0.593790769577
0.593981027603
0.602741003036
0.597000837326
0.599925041199
0.608313083649
0.60102891922
0.605528116226
0.605298042297
0.602233886719
0.603312015533
0.600043058395
0.601279020309
0.598528862
0.603345155716
0.601772069931
0.601199865341
0.600051879883
0.608139038086
0.599615812302
0.603668928146
0.600458860397
0.594125986099
0.595758914948
0.603497028351
0.600911140442
0.604572057724
0.595164060593
0.605419874191
0.59808588028
0.600703001022
0.597865819931
0.602569818497
0.601519107819
0.600479841232
0.598680019379
0.597226142883
0.602277040482
0.599320888519
0.601244926453
0.596843004227
0.59791302681
0.595053195953
0.594362020493
0.596035003662
0.611706972122
0.608475923538
0.60110783577
0.598212957382
0.592710971832
0.595105886459
0.605245113373
0.602286100388
0.595145940781
0.608631134033
0.602797031403
0.594076871872
0.591814994812
0.60027217865
0.598461866379
0.597431898117
0.595784902573
0.600987911224
0.596493959427
0.593605041504
0.599821090698
0.598835945129
0.597412824631
0.604496002197
0.59038901329
0.608503103256
0.596535921097
0.59549498558
0.599557876587
0.605563879013
0.596722126007
0.598754882812
0.588540077209
0.596271038055
0.593674898148
0.59679889679
0.598154067993
0.591729879379
0.596849918365
0.594639062881
0.598839998245
0.596905946732
0.597945928574
0.60693192482
0.595065116882
0.59277009964
0.59079003334
0.595996856689
0.601357936859
0.607214212418
0.602224826813
0.601071834564
0.595002174377
0.59992980957
0.600635051727
0.601563930511
0.598706960678
0.600652933121
0.605121850967
0.601883172989
0.598500013351
0.599931001663
0.601016044617
0.60386800766
0.602056026459
0.604897022247
0.598920106888
0.59494805336
0.593296051025
0.592694997787
0.596603870392
0.600793123245
0.602401971817
0.603698015213
0.594696998596
0.608784914017
0.604968070984
0.594313144684
0.607242822647
0.592873096466
0.596835136414
0.599371194839
0.593680858612
0.603758096695
0.597604990005
0.607795953751
0.598829030991
0.594135046005
0.598858118057
0.590255975723
0.599624156952
0.589019060135
0.594928026199
0.600115060806
0.596373081207
0.59979891777
0.601562976837
0.600181818008
0.600242853165
0.603973865509
0.600890159607
0.603497982025
0.59183216095
0.605242967606
0.59624505043
0.602828979492
0.591409921646
0.605316877365
0.595234155655
0.607221126556
0.59676194191
0.604812860489
0.594210147858
0.599170923233
0.598193883896
0.601681947708
0.597277879715
0.60484290123
0.593296051025
0.608767986298
0.59282708168
0.59442281723
0.600389957428
0.60511803627
0.598610162735
0.598001003265
0.602262973785
0.596608877182
0.592714071274
0.5938539505
0.590668916702
0.595453023911
0.594035148621
0.598608970642
0.600459814072
0.607218027115
0.593420028687
0.597724914551
0.60360789299
0.605033159256
0.600990056992
0.600607156754
0.596124887466
0.609056949615
0.592294931412
0.601758003235
0.601719141006
0.60693192482
0.596798181534
0.598807096481
0.594320058823
0.603402137756
0.597084999084
0.598313093185
0.591005086899
0.597612857819
0.59974694252
0.603931903839
0.593988180161
0.608608007431
0.595628976822
0.598690986633
0.590375185013
0.595598936081
0.595593929291
0.593333005905
0.608492136002
0.603486061096
0.600419998169
0.600285053253
0.607318878174
0.597234010696
0.59688615799
0.602878808975
0.60276389122
0.60186290741
0.605058193207
0.606185913086
0.599828004837
0.607584953308
0.597203016281
0.603234052658
0.602617025375
0.609280824661
0.60441493988
0.602159023285
0.616281032562
0.597498893738
0.599081993103
0.616353988647
0.595920085907
0.603780984879
0.609646081924
0.615818977356
0.596372127533
0.594917058945
0.595332145691
0.592673063278
0.593657970428
0.602229833603
0.595571041107
0.599768877029
0.595741987228
0.599423885345
0.59765791893
0.601821899414
0.600713014603
0.610252141953
0.593476057053
0.593597888947
0.600516080856
0.59471988678
0.590990066528
0.59959602356
0.595882892609
0.603492021561
0.604547023773
0.601368904114
0.598976135254
0.604027986526
0.602916955948
0.60258603096
0.59542298317
0.603667020798
0.60422706604
0.600265026093
0.600800991058
0.596765995026
0.608566045761
0.599416017532
0.594231128693
0.598061084747
0.594689130783
0.596529960632
0.59464097023
0.600692987442
0.590816020966
0.602246999741
0.597059965134
0.596275091171
0.598380088806
0.60126209259
0.592356920242
0.598579883575
0.595980882645
0.596610069275
0.609061002731
0.599942922592
0.59633898735
0.592800140381
0.599862098694
0.605650901794
0.596877813339
0.593374967575
0.595294952393
0.605289936066
0.59651517868
0.599174022675
0.604753017426
0.597606182098
0.596049070358
0.600239038467
0.594673871994
0.595399856567
0.601335048676
0.596174001694
0.608182907104
0.598254919052
0.614829063416
0.597429037094
0.595763921738
0.593018054962
0.605101108551
0.597648143768
0.59619808197
0.596619129181
0.601195812225
0.596581935883
0.596349954605
0.591633081436
0.593647003174
0.601063013077
0.605618000031
0.606228113174
0.602306127548
0.598740100861
0.598800897598
0.594962835312
0.594017982483
0.592988967896
0.597385168076
0.594773769379
0.594666004181
0.606481075287
0.601166963577
0.594532966614
0.598355054855
0.599004030228
0.596282958984
0.605638027191
0.594502925873
0.59668803215
0.593379020691
0.598373889923
0.594080924988
0.606177806854
0.593183040619
0.595422029495
0.600944042206
0.598813056946
0.596362113953
0.5964179039
0.59943819046
0.597320079803
0.591829061508
0.607537031174
0.592382192612
0.594233989716
0.593242883682
0.595992803574
0.59818315506
0.60023522377
0.592649936676
0.603203058243
0.597394943237
0.593750953674
0.597671031952
0.597654104233
0.595458030701
0.605687856674
0.603051900864
0.602252960205
0.600927829742
0.592656850815
0.592571973801
0.595069169998
0.597810983658
0.604723930359
0.60368514061
0.600947141647
0.597318887711
0.612095117569
0.604671955109
0.603958845139
0.607132196426
0.606927156448
0.602109909058
0.59795498848
0.599002838135
0.611097812653
0.602404117584
0.60046005249
0.595081090927
0.601989984512
0.606277942657
0.613149166107
0.596051931381
0.606143951416
0.600208044052
0.61242389679
0.603225946426
0.600486040115
0.602281093597
0.603355169296
0.602111816406
0.601580142975
0.601759910583
0.598654031754
0.596883058548
0.603188991547
0.592858076096
0.610203027725
0.604032993317
0.61008310318
0.599401950836
0.604281902313
0.619719028473
0.605131149292
0.601040124893
0.595392942429
0.605198860168
0.603051900864
0.6047539711
0.603676080704
0.603225946426
0.602041959763
0.592251062393
0.601729869843
0.60085606575
0.598984003067
0.604036092758
0.594721078873
0.597510099411
0.600085020065
0.602566957474
0.609268903732
0.605080127716
0.601292133331
0.60116481781
0.597315073013
0.599272966385
0.615205049515
0.600219964981
0.605355978012
0.601450920105
0.6186170578
0.606595993042
0.607508897781
0.602213859558
0.609690904617
0.597344875336
0.602757930756
0.607343912125
0.600295782089
0.597716808319
0.611913919449
0.602809906006
0.597584009171
0.600133895874
0.599844932556
0.612185001373
0.597877025604
0.599393129349
0.598834037781
0.596821069717
0.599466085434
0.613651037216
0.615392208099
0.608956098557
0.611622810364
0.605540037155
0.605140924454
0.606990098953
0.611452817917
0.600562095642
0.611410856247
0.596228837967
0.593768119812
0.606328010559
0.602910041809
0.606160879135
0.609050035477
0.600568056107
0.608961105347
0.60874080658
0.6003510952
0.60641503334
0.601673126221
0.595504999161
0.612385988235
0.605989933014
0.616904973984
0.607276916504
0.61442899704
0.608572006226
0.607831001282
0.606525182724
0.606410980225
0.596029043198
0.609662055969
0.599842071533
0.59992814064
0.608415842056
0.60648393631
0.604014158249
0.611745119095
0.604820013046
0.602248907089
0.59780216217
0.602642774582
0.594814062119
0.597873926163
0.603486061096
0.615509986877
0.599375963211
0.60262799263
0.606688022614
0.60284113884
0.592414855957
0.598421096802
0.596191883087
0.604012966156
0.592437028885
0.599303007126
0.600215196609
0.599457025528
0.599784135818
0.596942901611
0.604389190674
0.60107088089
0.613363981247
0.6065928936
0.622317075729
0.615987062454
0.610464096069
0.599089860916
0.607849121094
0.606398820877
0.613893985748
0.614917993546
0.607995986938
0.617319107056
0.613154888153
0.599327087402
0.599198818207
0.613351106644
0.621400117874
