0.358301877975
0.334388971329
0.310847997665
0.336040973663
0.332339048386
0.328052997589
0.356098175049
0.357089996338
0.293824911118
0.290678977966
0.360694169998
0.33087182045
0.33024096489
0.305655956268
0.311747074127
0.345448970795
0.331116914749
0.331977128983
0.328914880753
0.347104072571
0.334449768066
0.374364852905
0.346749067307
0.336312055588
0.371422052383
0.341114044189
0.342802047729
0.324385881424
0.346247196198
0.342347860336
0.358070850372
0.339637994766
0.32364988327
0.367707014084
0.320224046707
0.358108043671
0.326647043228
0.331909894943
0.319437980652
0.340597867966
0.318620204926
0.314130067825
0.311474084854
0.356668949127
0.369687080383
0.333661079407
0.352452039719
0.328079938889
0.353081941605
0.346539020538
0.341938018799
0.344871997833
0.312656164169
0.329128980637
0.317029953003
0.327851057053
0.331031084061
0.348459005356
0.314182043076
0.325010061264
0.337734937668
0.322608947754
0.31587100029
0.345806121826
0.338263988495
0.345468997955
0.331579208374
0.342865943909
0.34330701828
0.364409923553
0.324337005615
0.340433120728
0.355179071426
0.324327945709
0.333106994629
0.324028968811
0.310279846191
0.331996917725
0.344509840012
0.30793595314
0.350151062012
0.352121829987
0.324286937714
0.330820083618
0.307904958725
0.311964035034
0.35755109787
0.323383808136
0.333846092224
0.347727060318
0.330940008163
0.344609975815
0.34237408638
0.340731859207
0.317650079727
0.336430072784
0.33386015892
0.326251983643
0.367771148682
0.328178167343
0.367004871368
0.337485074997
0.366930961609
0.355595827103
0.329935073853
0.329295873642
0.342766046524
0.379834890366
0.358649015427
0.325976133347
0.362517118454
0.353230953217
0.353287935257
0.354855060577
0.333590984344
0.334133148193
0.333633899689
0.335144042969
0.380151033401
0.34835100174
0.347939968109
0.343951940536
0.337617874146
0.321100950241
0.326461076736
0.341062068939
0.354521036148
0.310926914215
0.337607145309
0.358478069305
0.345038175583
0.370608091354
0.334582090378
0.328261137009
0.321774959564
0.32391500473
0.309498071671
0.331125974655
0.337931871414
0.346877098083
0.352324962616
0.333312988281
0.349504947662
0.342268943787
0.324114084244
0.333168983459
0.331381082535
0.329883098602
0.311871051788
0.346059799194
0.348417043686
0.364606142044
0.348566055298
0.330155134201
0.334263801575
0.382501840591
0.315963983536
0.334472894669
0.365468978882
0.333471059799
0.371111869812
0.324213027954
0.382477998734
0.318083047867
0.328106880188
0.361479997635
0.353553056717
0.337996959686
0.360863924026
0.344031095505
0.353270053864
0.315143108368
0.375315904617
0.350924015045
0.332262039185
0.349349021912
0.33812713623
0.340579986572
0.333792924881
0.335558891296
0.305140972137
0.333233118057
0.339033842087
0.313941955566
0.374228000641
0.332546234131
0.309525966644
0.352437019348
0.33750295639
0.335404157639
0.341553211212
0.359536170959
0.330291986465
0.330894947052
0.352335929871
0.358456134796
0.328707933426
0.347861051559
0.341035842896
0.334659099579
0.341053962708
0.359498023987
0.378424882889
0.335082054138
0.339947223663
0.346611022949
0.314673900604
0.33069896698
0.324484825134
0.321578025818
0.31662607193
0.329921960831
0.317849874496
0.321622133255
0.349685907364
0.30291891098
0.34196805954
0.343836069107
0.33559012413
0.353338956833
0.335903167725
0.335295915604
0.310567140579
0.340042114258
0.349525928497
0.346040964127
0.3460521698
0.336952924728
0.361835002899
0.311017990112
0.341590166092
0.336451053619
0.329161882401
0.368591070175
0.323710918427
0.329240083694
0.333629846573
0.33015704155
0.306701898575
0.342319011688
0.355747938156
0.310572862625
0.321843147278
0.343194961548
0.319000005722
0.345036029816
0.343235969543
0.353244066238
0.348143100739
0.329993963242
0.397547960281
0.328766107559
0.349212884903
0.347621917725
0.342672109604
0.308554887772
0.331677913666
0.31091094017
0.336108922958
0.33305811882
0.352695941925
0.311192989349
0.310088157654
0.350791931152
0.343546867371
0.548652887344
0.42124581337
0.366594791412
0.379845142365
0.364575862885
0.337800979614
0.358987092972
0.340502977371
0.333885908127
0.331333875656
0.336430072784
0.317259073257
0.341658830643
0.343281984329
0.367839097977
0.333127975464
0.348349094391
0.321896076202
0.343420982361
0.307543992996
0.382025003433
0.338363170624
0.338986873627
0.350299835205
0.39636182785
0.369699001312
0.32963514328
0.323470115662
0.335477828979
0.317909002304
0.327065944672
0.333554029465
0.339220046997
0.307064056396
0.342253923416
0.342771053314
0.347955226898
0.321345090866
0.333240032196
0.331343889236
0.322040081024
0.338749170303
0.353738069534
0.307961940765
0.351297855377
0.388319969177
0.366683006287
0.334105014801
0.330945014954
0.351270914078
0.346518039703
0.354281902313
0.341976881027
0.32022690773
0.331592082977
0.351911067963
0.303941011429
0.339200019836
0.321174860001
0.313760995865
0.311661958694
0.324193000793
0.323491811752
0.323554992676
0.347526073456
0.323940992355
0.320807933807
0.327968835831
0.352817058563
0.349865913391
0.330908060074
0.329836130142
0.3657310009
0.342970132828
0.31290102005
0.32396697998
0.330307006836
0.34174489975
0.336224079132
0.335458993912
0.346539020538
0.29686498642
0.302803993225
0.335638999939
0.306351900101
0.325978040695
0.323354005814
0.32394695282
0.322448015213
0.348724126816
0.339715003967
0.335574150085
0.333409070969
0.333703994751
0.365037918091
0.308974027634
0.361445903778
0.338059902191
0.366189002991
0.356322050095
0.36462688446
0.339536905289
0.332731962204
0.350692033768
0.359171867371
0.400213003159
0.360244989395
0.370146036148
0.378146886826
0.38923406601
0.375188827515
0.404848098755
0.418850183487
0.374342918396
0.358747005463
0.347808122635
0.330147027969
0.345978975296
0.376353025436
0.35643696785
0.348175048828
0.392210960388
0.351750135422
0.334167957306
0.356549024582
0.363003015518
0.347111940384
0.342708110809
0.355313062668
0.34831404686
0.356852054596
0.349062919617
0.354213953018
0.348790884018
0.329529047012
0.318450927734
0.342758893967
0.354247093201
0.345257997513
0.326775074005
0.352920055389
0.326195955276
0.347270965576
0.329496860504
0.351590156555
0.35285282135
0.34309220314
0.32515001297
0.335253000259
0.350214958191
0.363748073578
0.347156047821
0.377578020096
0.353557109833
0.367635965347
0.354629993439
0.323484897614
0.372286081314
0.347687959671
0.358502864838
0.313912153244
0.335743904114
0.311822891235
0.299453020096
0.340837001801
0.363958120346
0.330094814301
0.333106994629
0.338428974152
0.333205938339
0.344573974609
0.336236000061
0.393537044525
0.341699123383
0.317473888397
0.347781181335
0.332450151443
0.334534168243
0.337217092514
0.349934101105
0.325937986374
0.35750412941
0.326345920563
0.339502096176
0.323934078217
0.341821908951
0.298765897751
0.326353788376
0.317945957184
0.33705997467
0.333299875259
0.335786104202
0.337456941605
0.338873147964
0.335387945175
0.330823898315
0.366993904114
0.323953866959
0.355619192123
0.364114046097
0.329145908356
0.316380023956
0.317034959793
0.343706846237
0.343111991882
0.334782123566
0.317395925522
0.348711967468
0.314780950546
0.308147907257
0.350300073624
0.374629020691
0.317886829376
0.333841085434
0.320869922638
0.320386171341
0.302761793137
0.332325935364
0.32889008522
0.315306901932
0.364948034286
0.356920003891
0.352698087692
0.342387199402
0.323529005051
0.326784133911
0.364403009415
0.324285984039
0.344217061996
0.314258098602
0.347161054611
0.347038984299
0.309619188309
0.31800198555
0.316518068314
0.339048862457
0.315181016922
0.32435297966
0.33981180191
0.3333568573
0.339138031006
0.35968708992
0.298372983932
0.331996917725
0.320775032043
0.362260103226
0.346677064896
0.350285053253
0.362946987152
0.351831197739
0.3530189991
0.298886060715
0.344917058945
0.331294059753
0.336032152176
0.36697101593
0.35826086998
0.38130402565
0.329396009445
0.335329055786
0.31824016571
0.341922044754
0.340402126312
0.349797964096
0.351834058762
0.337373018265
0.345786094666
0.334819078445
0.363772153854
0.330332040787
0.354153871536
0.357671022415
0.326885938644
0.362741947174
0.335578918457
0.317567110062
0.326633930206
0.325236082077
0.337688922882
0.322480916977
0.328686952591
0.316686868668
0.293919086456
0.338031053543
0.322942972183
0.32842707634
0.330413818359
0.311484098434
0.374151945114
0.331372022629
0.296845197678
0.313156843185
0.32846903801
0.320718050003
0.327965021133
0.353849887848
0.334181070328
0.338191986084
0.366544008255
0.310652017593
0.352460861206
0.38103890419
0.350739002228
0.304898023605
0.312467813492
0.305922031403
0.354267120361
0.331429004669
0.332026004791
0.330255031586
0.314593076706
0.358001947403
0.331550121307
0.305598020554
0.318681955338
0.342188119888
0.339942932129
0.355417013168
0.351808071136
0.332544088364
0.361082077026
0.315001964569
0.345165014267
0.334491014481
0.345282077789
0.353965044022
0.338527917862
0.322731971741
0.313136816025
0.320667982101
0.345221996307
0.359122037888
0.336802959442
0.368777990341
0.305105924606
0.334410905838
0.344393968582
0.349850893021
0.334888935089
0.328912973404
0.367352962494
0.338520050049
0.362380027771
0.352982997894
0.323251008987
0.342986106873
0.316876173019
0.326188087463
0.305737018585
0.359116792679
0.330018997192
0.334900140762
0.327281951904
0.334837913513
0.327885866165
0.324260950089
0.340474128723
0.360740184784
0.33351111412
0.313271999359
0.315382003784
0.3291888237
0.367540121078
0.35213804245
0.35779094696
0.360942840576
0.370172023773
0.329395055771
0.332633018494
0.344537973404
0.333130121231
0.318703174591
0.375389099121
0.345255851746
0.325872182846
0.330029964447
0.31693983078
0.320505142212
0.32351899147
0.335320949554
0.332524061203
0.348067045212
0.324908971786
0.305303096771
0.307515859604
0.333941936493
0.362243175507
0.365786790848
0.320840835571
0.343221187592
0.349430084229
0.368971824646
0.323361158371
0.327356815338
0.318378925323
0.319672107697
0.355854034424
0.344193935394
0.368037939072
0.37716794014
0.36923289299
0.367511987686
0.337697982788
0.355330944061
0.390868186951
0.3863530159
0.375316858292
0.381888866425
0.378082036972
0.375304937363
0.336949110031
0.363798856735
0.369016885757
0.351194858551
0.357620000839
0.374322891235
0.338604927063
0.358672857285
0.371073961258
0.378756999969
0.354142189026
0.332944869995
0.341454982758
0.322671890259
0.329653024673
0.325429916382
0.370420217514
0.324583053589
0.374108076096
0.339301109314
0.390511035919
0.325343132019
0.325909852982
0.343406915665
0.344089031219
0.322946071625
0.349977016449
0.331363916397
0.316703081131
0.336310148239
0.345963001251
0.323636054993
0.353750944138
0.335336923599
0.332720994949
0.351483106613
0.343835115433
0.335255861282
0.362595081329
0.327575922012
0.375281095505
0.345622777939
0.33913397789
0.345600128174
0.404107093811
0.380374908447
0.344624042511
0.351740837097
0.386543035507
0.370074033737
0.368987083435
0.415611028671
0.36752820015
0.37277007103
0.358113050461
0.392930030823
0.358224153519
0.356443881989
0.333420991898
0.318984985352
0.343492984772
0.378273010254
0.35609292984
0.367272138596
0.318778038025
0.354944944382
0.387601137161
0.379755973816
0.377606868744
0.339632987976
0.356709003448
0.335733890533
0.330169916153
0.352631092072
0.348223924637
0.352451086044
0.324983119965
0.354151964188
0.349181890488
0.338663101196
0.353940963745
0.349015951157
0.312909126282
0.345006942749
0.32168507576
0.352100849152
0.320419073105
0.347148895264
0.329952001572
0.332890987396
0.296615839005
0.36491394043
0.326321125031
0.341531991959
0.339696884155
0.36482000351
0.33865404129
0.33579492569
0.338504076004
0.323308229446
0.33279800415
0.333503007889
0.348518848419
0.307106018066
0.347493886948
0.31457400322
0.331691026688
0.351450920105
0.34659409523
0.305407047272
0.330801010132
0.327980041504
0.313670873642
0.306576967239
0.332011938095
0.325434923172
0.327584028244
0.323639154434
0.303754091263
0.34543299675
0.364361047745
0.363250017166
0.330033063889
0.359295845032
0.316504001617
0.328675031662
0.346882820129
0.378996133804
0.303192853928
0.300124883652
0.330293893814
0.341601133347
0.311162948608
0.315626144409
0.33627986908
0.332059144974
0.33828496933
0.305541992188
0.340958118439
0.329104185104
0.343410968781
0.350015163422
0.307073116302
0.319559812546
0.359263896942
0.341116905212
0.384919166565
0.338632106781
0.354468107224
0.345532178879
0.391093969345
0.378172159195
0.385028839111
0.395488977432
0.383519887924
0.364114046097
0.386382102966
0.338989019394
0.386857032776
0.416425943375
0.360866069794
0.355448007584
0.351650953293
0.406997919083
0.369183063507
0.357563018799
0.351472139359
0.36935710907
0.37376499176
0.343790054321
0.377665996552
0.371000051498
0.346454143524
0.342387914658
0.321841001511
0.339930057526
0.344233036041
0.369671821594
0.341365098953
0.331218004227
0.346727848053
0.332144975662
0.319175958633
0.349698781967
0.333341121674
0.312074899673
0.314489841461
0.346028089523
0.341308116913
0.308098077774
0.327480077744
0.325477838516
0.317001104355
0.313057899475
0.336734056473
0.331270933151
0.309641122818
0.323752164841
0.319746017456
0.330757856369
0.307615995407
0.353768825531
0.330686092377
0.359695911407
0.341953039169
0.368808984756
0.330990076065
0.350917100906
0.405780076981
0.379577875137
0.368278980255
0.357656002045
0.400542974472
0.378378868103
0.368311882019
0.39763712883
0.362042188644
0.384025096893
0.373224973679
0.350807905197
0.35813999176
0.359277009964
0.377510070801
0.361758947372
0.346158027649
0.328285932541
0.350339889526
0.366912126541
0.374521017075
0.335197925568
0.36311006546
0.337604999542
0.330760002136
0.346062898636
0.329685211182
0.34309887886
0.337552070618
0.345109939575
0.338939189911
0.340304851532
0.34436917305
0.319465875626
0.369210958481
0.374700069427
0.320230960846
0.322865009308
0.344784975052
0.298861026764
0.338572025299
0.322076797485
0.318176984787
0.307505130768
0.324343919754
0.302886009216
0.343115091324
0.336887836456
0.345205068588
0.361211061478
0.337501049042
0.305321931839
0.339313030243
0.349047899246
0.352983951569
0.356018066406
0.338405847549
0.355268955231
0.368499040604
0.363568067551
0.393661975861
0.40900015831
0.387413978577
0.394252061844
0.396181106567
0.402291059494
0.408013105392
0.337182998657
0.350255012512
0.381864786148
0.358112096786
0.369317054749
0.355775117874
0.373265981674
0.362411975861
0.346743822098
0.373011827469
0.320958852768
0.346665859222
0.347502946854
0.352408885956
0.341072797775
0.353855133057
0.334498882294
0.308461904526
0.332591056824
0.378026008606
0.374508857727
0.3335750103
0.376969814301
0.390328168869
0.369562864304
0.375335931778
0.411763191223
0.38247013092
0.364540100098
0.359019041061
0.348032951355
0.352378845215
0.33681678772
0.343933820724
0.357675075531
0.350067853928
0.358519077301
0.33228802681
0.367789983749
0.367763996124
0.330325126648
0.392703056335
0.340136051178
0.360365152359
0.336364984512
0.35079908371
0.341345071793
0.347439050674
0.319869041443
0.322056055069
