0.313887119293
0.302941083908
0.312366008759
0.312048196793
0.301645994186
0.299836874008
0.292754888535
0.295112133026
0.307419061661
0.313813924789
0.336851119995
0.320283174515
0.297576904297
0.314948797226
0.322920084
0.306756019592
0.315493106842
0.304465055466
0.32602596283
0.332847833633
0.319178104401
0.30837893486
0.31333398819
0.29426407814
0.302747011185
0.31102013588
0.297071933746
0.30037021637
0.293841838837
0.320146083832
0.297350168228
0.328361988068
0.294854879379
0.301785945892
0.336132049561
0.309126853943
0.328424930573
0.3285779953
0.306238889694
0.31689119339
0.342714071274
0.328475952148
0.311610937119
0.320572853088
0.327606916428
0.346242904663
0.329703092575
0.307440042496
0.301568984985
0.2927069664
0.286625862122
0.303325891495
0.284452915192
0.332888841629
0.314037084579
0.28712105751
0.311943054199
0.302953958511
0.315181016922
0.281090974808
0.299890041351
0.315224170685
0.305463075638
0.302087068558
0.314507961273
0.331319093704
0.324150085449
0.308939218521
0.322086811066
0.324617862701
0.312326908112
0.311636924744
0.336621046066
0.308225870132
0.297092914581
0.302911043167
0.302520036697
0.292457103729
0.31241607666
0.296270132065
0.280419826508
0.296344995499
0.322272062302
0.300165891647
0.298440933228
0.29040813446
0.3391289711
0.323940992355
0.320908069611
0.311339139938
0.345144987106
0.301707983017
0.327387094498
0.321941137314
0.353229045868
0.313404798508
0.313189983368
0.348952054977
0.332009792328
0.312919855118
0.298396110535
0.300260066986
0.315076112747
0.30753493309
0.297185897827
0.308506011963
0.302805900574
0.303701162338
0.306766033173
0.304565906525
0.291896104813
0.316667079926
0.326565980911
0.305704116821
0.324715137482
0.321003913879
0.299787998199
0.319713115692
0.317969083786
0.308822870255
0.312298059464
0.318674087524
0.325312852859
0.320275068283
0.298099040985
0.298382043839
0.324811935425
0.32052898407
0.305230140686
0.317112922668
0.302076101303
0.307574987411
0.307809114456
0.314074039459
0.350094079971
0.325776100159
0.310631036758
0.312472105026
0.311741113663
0.308666944504
0.317367076874
0.310023069382
0.303050041199
0.316106081009
0.365045070648
0.310219049454
0.310087919235
0.303363084793
0.329174995422
0.295634031296
0.310889959335
0.316338777542
0.306732177734
0.284940004349
0.319100856781
0.287807941437
0.31639790535
0.316482067108
0.310996055603
0.324275016785
0.306012868881
0.320769071579
0.31128692627
0.294579982758
0.321262836456
0.323381900787
0.320364952087
0.328597068787
0.311361074448
0.31089091301
0.334011793137
0.304180860519
0.308842897415
0.299649000168
0.314074993134
0.336874008179
0.300842046738
0.303989887238
0.319081068039
0.278784990311
0.294852972031
0.296962022781
0.285572052002
0.325370073318
0.308809995651
0.297220945358
0.299608230591
0.294248819351
0.316446065903
0.325948953629
0.313645124435
0.300436019897
0.335191011429
0.314142942429
0.31817984581
0.335551977158
0.308708906174
0.322643995285
0.322777986526
0.328450918198
0.320750951767
0.304813146591
0.280777931213
0.325231075287
0.320536851883
0.306486129761
0.304849863052
0.298119068146
0.307910919189
0.299349069595
0.314275026321
0.294630050659
0.293915987015
0.312254905701
0.314469099045
0.334094047546
0.30286192894
0.287350177765
0.300858020782
0.323158979416
0.327654838562
0.316052913666
0.322680950165
0.31129693985
0.327203989029
0.302031993866
0.333007097244
0.297527074814
0.291464090347
0.314846992493
0.301867961884
0.325486898422
0.299937963486
0.323450803757
0.296459197998
0.318074941635
0.32831120491
0.300308942795
0.297512054443
0.320699930191
0.320395946503
0.310601949692
0.300863027573
0.302664995193
0.326896905899
0.345792770386
0.326567173004
0.300503969193
0.313519001007
0.325086832047
0.297159194946
0.299990177155
0.320046901703
0.288336992264
0.287899971008
0.298588991165
0.302245855331
0.303391218185
0.316069126129
0.305711984634
0.29859995842
0.315238952637
0.323218822479
0.29009604454
0.303691864014
0.298388957977
0.325325012207
0.310641050339
0.333445072174
0.325700998306
0.321099996567
0.343883037567
0.299217939377
0.342699050903
0.31903886795
0.322082042694
0.325157165527
0.323019981384
0.319317817688
0.292191982269
0.317785024643
0.317384958267
0.310171127319
0.314444065094
0.324084043503
0.298745155334
0.309919118881
0.296890974045
0.286487102509
0.320269823074
0.304646968842
0.323552846909
0.314098834991
0.307235002518
0.355376005173
0.307656049728
0.383996963501
0.309748888016
0.297566890717
0.312913894653
0.335431098938
0.319162130356
0.334743022919
0.321609020233
0.307596921921
0.295063972473
0.291858196259
0.307054042816
0.2707259655
0.331459999084
0.299322128296
0.298271894455
0.294685840607
0.314206123352
0.324584960938
0.31741809845
0.328075885773
0.328127861023
0.322570800781
0.330468177795
0.324950933456
0.32114982605
0.315075874329
0.348169803619
0.328454017639
0.320647001266
0.321398973465
0.312873840332
0.302323818207
0.319533109665
0.280335903168
0.305052995682
0.302841901779
0.309913158417
0.31125998497
0.299489021301
0.285212039948
0.301205873489
0.313705205917
0.304312944412
0.30956196785
0.304888010025
0.337759971619
0.310576915741
0.295482873917
0.330746173859
0.316930055618
0.32931804657
0.312965869904
0.30886888504
0.322621822357
0.310458183289
0.325657129288
0.301270008087
0.342504024506
0.296592950821
0.298489093781
0.317981958389
0.330024003983
0.309380054474
0.289314985275
0.317973852158
0.29197716713
0.28523182869
0.332862138748
0.298197984695
0.313848018646
0.291167020798
0.304909944534
0.30642414093
0.306668043137
0.343530893326
0.301388025284
0.31435418129
0.33619093895
0.327176094055
0.342340946198
0.314397096634
0.324807882309
0.327992916107
0.341063976288
0.332092046738
0.295731067657
0.316313028336
0.307382106781
0.316924095154
0.336663007736
0.284556865692
0.302716016769
0.291837930679
0.324350118637
0.318733930588
0.316169023514
0.304383039474
0.322360992432
0.328201055527
0.335793018341
0.322895050049
0.312683105469
0.300589799881
0.342375993729
0.296434164047
0.315342903137
0.3134329319
0.312895059586
0.29886007309
0.306468963623
0.337514162064
0.322836875916
0.317627906799
0.302495956421
0.309007167816
0.293429851532
0.311678886414
0.316997051239
0.310729980469
0.290071964264
0.311045885086
0.324703931808
0.321282863617
0.336208105087
0.310560941696
0.304991960526
0.307053089142
0.311579942703
0.340438842773
0.33677315712
0.307243108749
0.311467885971
0.334015130997
0.305858850479
0.327096939087
0.307343006134
0.321052074432
0.29892206192
0.308713912964
0.299288034439
0.316812992096
0.307493925095
0.300570964813
0.309309005737
0.300030946732
0.323216915131
0.28902888298
0.338070869446
0.319833993912
0.315056085587
0.323536872864
0.295920133591
0.307235956192
0.309495925903
0.319077968597
0.284132003784
0.311403989792
0.300237894058
0.333205938339
0.313150882721
0.317090988159
0.300843954086
0.317313909531
0.322458982468
0.317912101746
0.324208974838
0.307057142258
0.305543899536
0.307418107986
0.306516885757
0.305454969406
0.290144205093
0.28475189209
0.309247016907
0.300540924072
0.314713001251
0.320839881897
0.320065975189
0.290365934372
0.311260938644
0.332360029221
0.314600229263
0.339728116989
0.312481164932
0.30357003212
0.324183940887
0.29085111618
0.303982973099
0.306388139725
0.304023981094
0.313492059708
0.308750152588
0.304478168488
0.312115907669
0.300076961517
0.294553041458
0.314886808395
0.310971021652
0.32203412056
0.321524143219
0.313523054123
0.33313202858
0.322010040283
0.307141065598
0.308115959167
0.320873022079
0.338271141052
0.308160066605
0.307941913605
0.308223962784
0.321135044098
0.32296204567
0.297930955887
0.30949306488
0.314429998398
0.295742034912
0.313436031342
0.329287052155
0.299082040787
0.326514959335
0.300004959106
0.306418895721
0.329751014709
0.295078039169
0.300720930099
0.316675901413
0.306308031082
0.306046009064
0.299685955048
0.31742811203
0.330405950546
0.33646607399
0.328402042389
0.302387952805
0.329873085022
0.331759929657
0.310926914215
0.333394050598
0.31432890892
0.31965303421
0.328269004822
0.332070827484
0.322434902191
0.30312204361
0.303212165833
0.30713891983
0.303650140762
0.310447216034
0.318495035172
0.289733886719
0.323770999908
0.328024148941
0.318414926529
0.315924167633
0.290578842163
0.321568012238
0.318947076797
0.30917096138
0.329706907272
0.334543943405
0.30525302887
0.309634923935
0.306275129318
0.317487001419
0.307281017303
0.290421962738
0.288657903671
0.313194990158
0.296042919159
0.311837911606
0.314251899719
0.303885936737
0.313253879547
0.298326969147
0.298832893372
0.303057909012
0.328383207321
0.293761014938
0.338289022446
0.340280771255
0.311507940292
0.297315835953
0.327333927155
0.317343950272
0.321202993393
0.311676979065
0.31751203537
0.326529979706
0.322453975677
0.325856924057
0.292993068695
0.302190065384
0.304269790649
0.307672023773
0.300599098206
0.304183006287
0.306972026825
0.304657936096
0.296987056732
0.320733070374
0.301528930664
0.318521022797
0.320389986038
0.317947149277
0.335658073425
0.318533182144
0.302340984344
0.311944007874
0.355291128159
0.30611205101
0.317343950272
0.329159021378
0.326743125916
0.311977863312
0.315737009048
0.296673059464
0.295279979706
0.316644906998
0.29896903038
0.30278801918
0.296410799026
0.324570894241
0.317686080933
0.338492870331
0.327333927155
0.308319091797
0.315606117249
0.310213088989
0.316079139709
0.319679021835
0.323247909546
0.326369047165
0.30827498436
0.353901147842
0.318701982498
0.33179807663
0.316924095154
0.301184177399
0.306288003922
0.295186042786
0.325299978256
0.305955886841
0.318998098373
0.295359134674
0.309521913528
0.306861877441
0.306277036667
0.295416116714
0.317098855972
0.321702957153
0.308349847794
0.320387125015
0.314221143723
0.315431833267
0.301115989685
0.305912971497
0.303485155106
0.332885980606
0.314984083176
0.335823059082
0.313829183578
0.333364009857
0.30739402771
0.317247152328
0.305366039276
0.32604598999
0.312489032745
0.315086841583
0.338641881943
0.31250500679
0.280521869659
0.308151960373
0.322682857513
0.322983980179
0.30793595314
0.294691085815
0.308578014374
0.299747943878
0.331182956696
0.32120513916
0.318992853165
0.312143802643
0.314996004105
0.337198972702
0.317966938019
0.326925992966
0.308373212814
0.333815097809
0.341792106628
0.30585193634
0.329982042313
0.29261302948
0.308118104935
0.314516067505
0.315378904343
0.305495023727
0.284865856171
0.313030958176
0.322854995728
0.302037000656
0.299573898315
0.345345973969
0.309184074402
0.305491924286
0.307984113693
0.330631971359
0.312886953354
0.301697969437
0.327136039734
0.320910930634
0.327839136124
0.332031011581
0.313490867615
0.316547870636
0.345287084579
0.31686091423
0.311931848526
0.297116994858
0.299621105194
0.325932979584
0.277567148209
0.304888963699
0.30996799469
0.308600902557
0.319693803787
0.293099880219
0.276349067688
0.284614801407
0.330271959305
0.304759025574
0.303658008575
0.304430961609
0.318422079086
0.311825037003
0.307177066803
0.325297117233
0.313403844833
0.328989982605
0.32813000679
0.320206165314
0.334197998047
0.312644958496
0.295920848846
0.289744853973
0.327440977097
0.307471990585
0.339034080505
0.306350946426
0.277316808701
0.323661804199
0.300498962402
0.299257993698
0.338539123535
0.320815086365
0.320331096649
0.300670146942
0.296355962753
0.303653001785
0.31932091713
0.330309152603
0.305224895477
0.312144041061
0.300908088684
0.314197063446
0.318774938583
0.305432081223
0.312256097794
0.315289974213
0.297560214996
0.301713943481
0.296016931534
0.329118013382
0.337159156799
0.296539068222
0.302387952805
0.306069850922
0.29727602005
0.316610097885
0.306417942047
0.298778057098
0.329241991043
0.329210996628
0.307513952255
0.308495044708
0.331623077393
0.307461977005
0.322661876678
0.311303853989
0.318135023117
0.315937995911
0.325337171555
0.31059885025
0.321888208389
0.31702208519
0.312644004822
0.298049926758
0.309658050537
0.288841962814
0.308736085892
0.312922954559
0.300038099289
0.319998979568
0.289566040039
0.322412967682
0.531275987625
0.4681661129
0.308703899384
0.331305980682
0.322465896606
0.33553814888
0.320642948151
0.306093931198
0.305030107498
0.31124997139
0.314795970917
0.320429801941
0.309373855591
0.294187068939
0.312582969666
0.302858114243
0.322552919388
0.292006969452
0.318832159042
0.286856174469
0.287441968918
0.30141210556
0.293260812759
0.336945056915
0.292058944702
0.315472841263
0.334047079086
0.318679094315
0.332890987396
0.30947303772
0.308412075043
0.307569980621
0.315949201584
0.306774139404
0.31072807312
0.334976911545
0.358183860779
0.325490951538
0.321943044662
0.316416978836
0.309344053268
0.318158864975
0.297948122025
0.299298048019
0.297600030899
0.333957910538
0.316854953766
0.301751852036
0.324307918549
0.29211807251
0.293184041977
0.313466787338
0.3073990345
0.285460948944
0.331166982651
0.330777168274
0.314140796661
0.330821037292
0.306414842606
0.313043117523
0.323237895966
0.329829931259
0.319309949875
0.294438123703
0.36513710022
0.354285955429
0.348526954651
0.336646080017
0.353768110275
0.348224878311
0.329362869263
0.358215093613
0.363247871399
0.366791009903
0.327540159225
0.322908878326
0.325828075409
0.327686071396
0.332417964935
0.319946050644
0.323060035706
0.33371591568
0.308655977249
0.337577104568
0.316105127335
0.320821046829
0.333926916122
0.321251869202
0.332186937332
0.342969179153
0.325563907623
0.308349847794
0.309103012085
0.324311971664
0.30918598175
0.330665111542
0.307576179504
0.301898002625
0.309918880463
0.325873851776
0.299479007721
0.302987098694
0.302236795425
0.309628009796
0.300585031509
0.312123060226
0.325667142868
0.317926168442
0.332088947296
0.304228067398
0.311565876007
0.314924001694
0.310734033585
0.313455104828
0.310286045074
0.315825223923
0.296732187271
0.343499898911
0.352164983749
0.327637910843
0.338357925415
0.323686122894
0.296848058701
0.354191064835
0.32773399353
0.306699037552
0.318952083588
0.296812057495
0.319988965988
0.292662858963
0.293807029724
0.31162405014
0.312825918198
0.296313047409
0.32950592041
0.315086841583
0.316927909851
0.296486854553
0.283931016922
0.321022987366
0.309773921967
0.305026054382
0.304808855057
0.305668830872
0.308573961258
0.340489149094
0.336553096771
0.335112094879
0.304881095886
0.339473009109
0.3246281147
0.293557167053
0.333579063416
0.310189008713
0.311988115311
0.283550977707
0.327627897263
0.340751886368
0.310316085815
0.314915895462
0.321887969971
0.306298971176
0.30206489563
0.315190076828
0.336301803589
0.320168972015
0.307174921036
0.334505081177
0.321068048477
0.330665826797
0.306753873825
0.333058834076
0.299637079239
0.334171056747
0.329947948456
0.323924064636
0.329918146133
0.298252105713
0.302049875259
0.309834003448
0.320797204971
0.296712875366
0.328906059265
0.340499162674
0.319453954697
0.324622869492
0.307148933411
0.316404819489
0.29533290863
0.314852952957
0.30128288269
0.312190055847
0.303604125977
0.316906929016
0.311466217041
0.310324907303
0.31071805954
0.31369304657
0.299853801727
