0.31927895546
0.295266151428
0.288954973221
0.318596124649
0.31995677948
0.29136300087
0.312098026276
0.304249048233
0.313741922379
0.306051015854
0.309809923172
0.310653924942
0.308746814728
0.294794082642
0.300827026367
0.308928012848
0.287644863129
0.297697067261
0.293054103851
0.281762838364
0.270667076111
0.288892030716
0.279325962067
0.30051779747
0.292102098465
0.293773889542
0.291873216629
0.302487134933
0.29066991806
0.275813102722
0.295613050461
0.294177055359
0.282329082489
0.282629966736
0.264845132828
0.289894104004
0.280337095261
0.28204202652
0.294550180435
0.290102958679
0.298676013947
0.280433893204
0.296994924545
0.270097017288
0.260280132294
0.282720088959
0.276716947556
0.282290935516
0.276962041855
0.280428886414
0.274057865143
0.266352891922
0.274152994156
0.261817932129
0.264012098312
0.26011300087
0.266479969025
0.272820949554
0.274223089218
0.294131994247
0.278637886047
0.26821398735
0.280872106552
0.289091825485
0.304259061813
0.274415969849
0.285485982895
0.281957864761
0.272430896759
0.250591993332
0.300362110138
0.289726018906
0.306310176849
0.31938791275
0.304499149323
0.289994001389
0.284872055054
0.302908182144
0.309538841248
0.309058904648
0.315009117126
0.305323123932
0.299776077271
0.302723884583
0.302047014236
0.284640073776
0.290407180786
0.291208982468
0.272909879684
0.301010847092
0.300073862076
0.274351119995
0.305845022202
0.281612157822
0.280590057373
0.274961948395
0.292599916458
0.287203073502
0.291377067566
0.287064790726
0.281249046326
0.276845216751
0.280962944031
0.274664163589
0.268920898438
0.273072004318
0.269070863724
0.291691064835
0.258095026016
0.291196107864
0.272657155991
0.278880834579
0.265465974808
0.25079202652
0.27395606041
0.264956951141
0.271114110947
0.261603832245
0.276232004166
0.260745048523
0.283005952835
0.282146930695
0.2648229599
0.273442983627
0.263289928436
0.270349979401
0.275552988052
0.290547847748
0.281847953796
0.29012298584
0.288493871689
0.274384021759
0.274557113647
0.285505056381
0.273944854736
0.295608997345
0.268748044968
0.27757692337
0.283785820007
0.301219940186
0.266663074493
0.274765968323
0.286761045456
0.307686805725
0.291490077972
0.313819885254
0.311378955841
0.290884971619
0.304925203323
0.298066139221
0.308686971664
0.300836086273
0.295069932938
0.347569942474
0.290367841721
0.298039913177
0.280573129654
0.301213979721
0.284829854965
0.306128978729
0.281620979309
0.288769006729
0.296462059021
0.287395954132
0.2977039814
0.309190988541
0.30256319046
0.287157058716
0.278802871704
0.269206047058
0.291548967361
0.26247215271
0.281016111374
0.277956008911
0.293330907822
0.292838096619
0.281590938568
0.285759210587
0.267673015594
0.278237104416
0.281899929047
0.290593862534
0.279356002808
0.290304899216
0.294013023376
0.294625043869
0.278479099274
0.292764902115
0.286623954773
0.279795885086
0.28786611557
0.304193019867
0.292522907257
0.281242847443
0.288545131683
0.284028053284
0.285684108734
0.269932985306
0.288704872131
0.275219917297
0.306035041809
0.26598405838
0.280062913895
0.275060892105
0.293808937073
0.29382109642
0.297734975815
0.288485050201
0.284034967422
0.27996301651
0.290791988373
0.294183015823
0.282564163208
0.297718048096
0.278578996658
0.29226398468
0.281746864319
0.272920131683
0.287481069565
0.302618026733
0.2797768116
0.287578105927
0.284838914871
0.306771993637
0.290803909302
0.276729106903
0.272817134857
0.295842885971
0.28138589859
0.268777132034
0.281522035599
0.291702985764
0.287395954132
0.292765140533
0.28836107254
0.27034497261
0.290130853653
0.267037153244
0.271622896194
0.283047914505
0.273103952408
0.271879911423
0.273380041122
0.275504112244
0.269091129303
0.282567977905
0.26354598999
0.26620221138
0.265544891357
0.266848087311
0.264247894287
0.281544923782
0.2620241642
0.291661024094
0.271660089493
0.269038915634
0.343157052994
0.266589164734
0.267712831497
0.340939044952
0.341234922409
0.295105934143
0.275825023651
0.307609796524
0.29188990593
0.270514011383
0.307122945786
0.282870054245
0.302690029144
0.300714015961
0.328958034515
0.302694797516
0.285512208939
0.35274887085
0.318593025208
0.292735815048
0.305320978165
0.34456205368
0.305582046509
0.294528961182
0.275496006012
0.278259992599
0.294062137604
0.293741941452
0.301872014999
0.298882007599
0.28923201561
0.280360937119
0.292843103409
0.301540851593
0.297240018845
0.318368911743
0.330609083176
0.280578136444
0.262341976166
0.268345832825
0.268042087555
0.27690911293
0.261536121368
0.27344083786
0.254636049271
0.259356021881
0.255584001541
0.26419210434
0.270781040192
0.27440404892
0.25888800621
0.280673027039
0.273239135742
0.274335861206
0.274007797241
0.275650978088
0.283113002777
0.321546077728
0.285928964615
0.275432825089
0.290157079697
0.283143997192
0.286223888397
0.272389888763
0.273596048355
0.279331922531
0.29560303688
0.296974897385
0.308173894882
0.30791592598
0.296464920044
0.304626941681
0.300388097763
0.293726921082
0.304157972336
0.298383951187
0.29421210289
0.318344831467
0.308593034744
0.30123591423
0.294840812683
0.302080869675
0.280543088913
0.291851997375
0.28243303299
0.289633989334
0.288712024689
0.277870893478
0.279664993286
0.284399032593
0.279404163361
0.291986942291
0.286467075348
0.285878896713
0.279479026794
0.297231197357
0.271239042282
0.283014059067
0.260520935059
0.284662008286
0.288863897324
0.289822101593
0.290708065033
0.265830039978
0.284770965576
0.271836996078
0.305793046951
0.278737068176
0.259588003159
0.269201040268
0.266226053238
0.264184951782
0.293439149857
0.260589838028
0.27598118782
0.282361030579
0.273005008698
0.26597905159
0.279486894608
0.292866945267
0.283592939377
0.268645048141
0.275203943253
0.258450031281
0.285676002502
0.419532060623
0.297222137451
0.270645856857
0.324328899384
0.279855966568
0.268486022949
0.280298948288
0.276255130768
0.273701190948
0.274008989334
0.262240171432
0.284129142761
0.289417982101
0.295267105103
0.296483039856
0.305871009827
0.289909124374
0.294925928116
0.320422887802
0.329451084137
0.287067174911
0.29517698288
0.300817012787
0.306730031967
0.294950008392
0.292330980301
0.279196977615
0.282608032227
0.287839889526
0.281815052032
0.274145126343
0.278860092163
0.29284119606
0.273144006729
0.282132148743
0.293164968491
0.276978969574
0.285304069519
0.279976844788
0.267127990723
0.269980192184
0.264023065567
0.259926795959
0.267221927643
0.273428916931
0.290678024292
0.27733707428
0.265460014343
0.259613037109
0.282655000687
0.281270980835
0.281371116638
0.276519060135
0.284867048264
0.272013902664
0.270574092865
0.260376930237
0.267515182495
0.282143115997
0.263859033585
0.2610039711
0.263263940811
0.266820192337
0.263798952103
0.268554925919
0.265352964401
0.285742044449
0.272585868835
0.283590078354
0.30811882019
0.29638004303
0.320185899734
0.288204908371
0.287755966187
0.290822982788
0.29058098793
0.275954961777
0.285138130188
0.273915052414
0.28549695015
0.300529956818
0.285811185837
0.283834218979
0.293828964233
0.271495103836
0.291479825974
0.273635864258
0.276638031006
0.290821075439
0.277105093002
0.262658119202
0.269264936447
0.263557910919
0.284574985504
0.274448871613
0.281563997269
0.281201839447
0.263746023178
0.298117876053
0.283328056335
0.297895908356
0.290559768677
0.271816968918
0.283600091934
0.276135921478
0.288738965988
0.271943092346
0.27229809761
0.298251867294
0.299374818802
0.279850006104
0.302227973938
0.277307987213
0.287930965424
0.27997303009
0.28294801712
0.262558937073
0.271273851395
0.280200004578
0.268198013306
0.270838022232
0.260334014893
0.287136793137
0.281212091446
0.265117883682
0.268104076385
0.267307043076
0.269454956055
0.288527011871
0.302257061005
0.286071062088
0.301167011261
0.273857831955
0.277935028076
0.277291059494
0.274019002914
0.298809051514
0.285223007202
0.287441015244
0.285341024399
0.287815093994
0.275583982468
0.28471493721
0.285971879959
0.278807878494
0.28102517128
0.257117033005
0.288903951645
0.27498292923
0.278280973434
0.280108213425
0.268559932709
0.27770614624
0.281672000885
0.280315876007
0.272213935852
0.28208398819
0.286266088486
0.288790941238
0.294186115265
0.283257961273
0.293138980865
0.285864114761
0.286676883698
0.286167860031
0.279929876328
0.284538984299
0.272364139557
0.276146888733
0.286281108856
0.289242982864
0.283514022827
0.271506071091
0.277985811234
0.266583204269
0.27251791954
0.268109083176
0.26859498024
0.266952991486
0.269237995148
0.267446041107
0.280102968216
0.270339012146
0.286319971085
0.266119003296
0.271206140518
0.303706884384
0.285001993179
0.271468162537
0.287480115891
0.281495094299
0.28804898262
0.283020019531
0.276691198349
0.291305065155
0.277233839035
0.280813932419
0.286525964737
0.28187084198
0.270789861679
0.264400005341
0.266157865524
0.269944906235
0.258923053741
0.268332004547
0.276890993118
0.278679132462
0.268522977829
0.263384819031
0.271542072296
0.273910045624
0.264877080917
0.275902986526
0.273900032043
0.271753072739
0.275993108749
0.276870965958
0.277490854263
0.292152166367
0.280303955078
0.283064126968
0.286504030228
0.290972948074
0.29008102417
0.278426170349
0.279382944107
0.289899110794
0.284769058228
0.282876968384
0.267448186874
0.252588033676
0.271593093872
0.279017925262
0.273812055588
0.268151044846
0.276921033859
0.276016950607
0.28383398056
0.275086164474
0.264061927795
0.259755849838
0.274149179459
0.287286043167
0.265157938004
0.289161205292
0.295954942703
0.27560210228
0.287621021271
0.280766010284
0.279489040375
0.279673099518
0.293249845505
0.29881310463
0.295027971268
0.271356105804
0.284449100494
0.287526845932
0.267556190491
0.291188955307
0.27085518837
0.265886068344
0.275410890579
0.264519929886
0.281890153885
0.276790142059
0.26590013504
0.268443822861
0.281522989273
0.276581048965
0.272320985794
0.267729043961
0.276160955429
0.267196893692
0.267708063126
0.279052972794
0.277220964432
0.284548044205
0.286366939545
0.270426988602
0.280988931656
0.28617811203
0.282251834869
0.290076971054
0.291860103607
0.285377025604
0.274903059006
0.285135984421
0.269932985306
0.279008150101
0.275117874146
0.285609006882
0.265148162842
0.273037910461
0.283730983734
0.273933887482
0.290817022324
0.286299943924
0.291122913361
0.264725923538
0.275000810623
0.269902944565
0.270657062531
0.261832952499
0.275043964386
0.253416061401
0.273963928223
0.257371902466
0.281078100204
0.276029109955
0.269109964371
0.273941993713
0.268961191177
0.272172927856
0.272708892822
0.258968114853
0.28246307373
0.277667999268
0.272301197052
0.280813932419
0.2686419487
0.263648986816
0.274735927582
0.273125886917
0.275940179825
0.273710012436
0.268878936768
0.275318145752
0.268372058868
0.279001951218
0.272118806839
0.271927118301
0.295701026917
0.29394698143
0.304942846298
0.303864955902
0.300298929214
0.298079967499
0.294387102127
0.284984827042
0.284757137299
0.29817700386
0.29845905304
0.294135093689
0.300086975098
0.286469936371
0.287867069244
0.292626857758
0.276125192642
0.28421497345
0.278764009476
0.268126964569
0.287626981735
0.290926933289
0.298612833023
0.301497936249
0.296686172485
0.289069890976
0.28102684021
0.27110004425
0.289017915726
0.275236129761
0.28230881691
0.277153015137
0.276806116104
0.287015914917
0.271749019623
0.281399965286
0.267282009125
0.278828144073
0.274613857269
0.281336069107
0.265859127045
0.287024021149
0.299333095551
0.283507823944
0.282886981964
0.279100894928
0.284471035004
0.299900054932
0.282306909561
0.2781291008
0.278088092804
0.285614967346
0.294574022293
0.273520946503
0.267741918564
0.286115884781
0.271805047989
0.281785011292
0.280688047409
0.27431511879
0.257815122604
0.268565893173
0.273718118668
0.268284082413
0.276113033295
0.274415969849
0.279334068298
0.273714065552
0.266865968704
0.265249013901
0.273225069046
0.283204078674
0.282602071762
0.287187099457
0.278674840927
0.281275987625
0.283401966095
0.26460814476
0.286810874939
0.292570829391
0.292070865631
0.285373926163
0.294381141663
0.284469842911
0.271177053452
0.284979820251
0.26719212532
0.277852058411
0.295238018036
0.275295972824
0.287997961044
0.284095048904
0.26958990097
0.275312900543
0.269632101059
0.280347108841
0.280941009521
0.274795055389
0.287269830704
0.281987190247
0.273944854736
0.306996822357
0.280336856842
0.284079790115
0.291958093643
0.28248000145
0.286405801773
0.279159069061
0.286942958832
0.273848056793
0.29979300499
0.277614116669
0.296401977539
0.301888942719
0.262621879578
0.279006004333
0.288782119751
0.276120901108
0.282875061035
0.257776021957
0.29187297821
0.304677963257
0.268023014069
0.278736114502
0.279741048813
0.283845901489
0.284488916397
0.274312019348
0.27601313591
0.27658200264
0.282325029373
0.278517007828
0.281065940857
0.284075021744
0.308465003967
0.284914016724
0.280791044235
0.286644935608
0.279145956039
0.273031949997
0.286302804947
0.274604082108
0.28139591217
0.275151014328
0.261575937271
0.275063991547
0.272211790085
0.26221704483
0.266407012939
0.278805971146
0.27530002594
0.261711120605
0.277914047241
0.27103304863
0.274154186249
0.277940034866
0.281103134155
0.273016929626
0.286644935608
0.281524896622
0.292656898499
0.283720970154
0.28812289238
0.278222084045
0.296900987625
0.279736995697
0.291411876678
0.270549058914
0.287942886353
0.285030126572
0.29225897789
0.266767978668
0.290251970291
0.280673980713
0.27841091156
0.273160934448
0.27484703064
0.273371934891
0.272535085678
0.272130966187
0.270113945007
0.263393163681
0.268109083176
0.266848087311
0.284765958786
0.286140918732
0.283204078674
0.291047811508
0.282710075378
0.285542964935
0.279932975769
0.296248912811
0.288284063339
0.285301923752
0.274266004562
0.281205177307
0.277095079422
0.278409004211
0.284584999084
0.278306007385
0.281872034073
0.270223140717
0.278429031372
0.278165102005
0.272974014282
0.287045001984
0.272598028183
0.269819021225
0.273358821869
0.272709131241
0.297856092453
0.271578073502
0.297131061554
0.288266181946
0.29123210907
0.27827000618
0.299314975739
0.276816129684
0.284686803818
0.288092136383
0.295940876007
0.28470492363
0.289077997208
0.276762008667
0.302518129349
0.294770002365
0.275041818619
0.272454023361
0.272100925446
0.276638031006
0.271544933319
0.272392988205
0.273920059204
0.294578075409
0.285778045654
0.26287317276
0.277052879333
0.267356157303
0.277168035507
0.279501914978
0.267741918564
0.279458045959
0.282558917999
0.278918981552
0.290021896362
0.270967960358
0.291975975037
0.282156944275
0.273619890213
0.2756690979
0.301544189453
0.289837121964
0.279572963715
0.296099185944
0.286801099777
0.274989843369
0.276407957077
0.289125919342
0.289777994156
0.273191928864
0.286635875702
0.291600942612
0.27750992775
0.260110855103
0.27000617981
0.2761759758
0.274056911469
0.277604103088
0.266393899918
0.27672290802
0.281533002853
0.29428601265
0.281795978546
0.281056880951
0.283957004547
0.2987408638
0.289769887924
0.277176141739
0.295376062393
0.280375003815
0.27322101593
0.286576986313
0.301535129547
0.281558990479
0.26868891716
0.266443967819
0.271112918854
0.263210058212
