0.717435121536
0.712009906769
0.717286109924
0.717015028
0.726984977722
0.709681034088
0.708214998245
0.735316038132
0.757435083389
0.741978883743
0.744340896606
0.71976518631
0.711844921112
0.732151985168
0.719727039337
0.726474046707
0.731868982315
0.69562792778
0.706254959106
0.719790935516
0.739097118378
0.752579927444
0.731056213379
0.722146987915
0.743493080139
0.721243143082
0.731142997742
0.717745065689
0.731788873672
0.736737966537
0.717548847198
0.744079113007
0.728970050812
0.70702290535
0.726232051849
0.713773965836
0.720718860626
0.73512506485
0.719391107559
0.74450302124
0.730449914932
0.751564025879
0.733424186707
0.750242948532
0.746723890305
0.722349882126
0.737497091293
0.736534118652
0.725131034851
0.737780094147
0.737007141113
0.731990098953
0.723515987396
0.719980955124
0.75289607048
0.75452709198
0.741432905197
0.713396072388
0.757583856583
0.719971895218
0.730129003525
0.712929964066
0.753433942795
0.720602989197
0.742922067642
0.741297006607
0.722234010696
0.713533163071
0.721072912216
0.727005004883
0.7369120121
0.723015069962
0.739150047302
0.766966819763
0.729206085205
0.7216360569
0.738610029221
0.745179891586
0.715708017349
0.734446048737
0.725195884705
0.738594055176
0.748059988022
0.731518983841
0.719897985458
0.809036970139
0.920673131943
0.877835988998
0.89852809906
0.778994083405
0.73118686676
0.741266965866
0.747013807297
0.760209083557
0.720055103302
0.724720001221
0.736280918121
0.738857984543
0.736846923828
0.744246006012
0.721946001053
0.73985004425
0.700391054153
0.720897912979
0.714895963669
0.758301973343
0.715278148651
0.754809141159
0.737634897232
0.762480974197
0.726251840591
0.713630914688
0.710183858871
0.704236030579
0.732542037964
0.689790010452
0.72821187973
0.733839035034
0.725759029388
0.704912900925
0.739139080048
0.732404947281
0.687716960907
0.725383043289
0.721628189087
0.706438064575
0.713063955307
0.729437112808
0.732907056808
0.717099905014
0.706283092499
0.699892044067
0.727495908737
0.744307994843
0.738244056702
0.710182189941
0.690442085266
0.753041028976
0.736903905869
0.757474899292
0.728439092636
0.745537042618
0.711389780045
0.717282772064
0.7538189888
0.735996007919
0.75500702858
0.733960866928
0.714873075485
0.72437787056
0.710188150406
0.757178068161
0.735353946686
0.731201887131
0.724111795425
0.734143018723
0.72020316124
0.732964992523
0.710736036301
0.690392971039
0.736711025238
0.725826978683
0.732894182205
0.72681593895
0.719063043594
0.7654941082
0.696120977402
0.733713150024
0.726316928864
0.719604969025
0.709707021713
0.76526594162
0.724847078323
0.71102809906
0.714993000031
0.742697954178
0.750235080719
0.724702835083
0.711419820786
0.710435152054
0.72062420845
0.734956979752
0.698385000229
0.703721046448
0.701751947403
0.740200042725
0.731638908386
0.714308977127
0.727936029434
0.732273817062
0.726375818253
0.753066062927
0.729529857635
0.73051404953
0.731682062149
0.723284959793
0.724884986877
0.748878002167
0.741625070572
0.717483997345
0.729758024216
0.724919080734
0.717730045319
0.71010017395
0.722326040268
0.722557067871
0.732637882233
0.750600099564
0.74951004982
0.697839975357
0.701287031174
0.730386018753
0.743693828583
0.731029033661
0.747406005859
0.740553855896
0.728464126587
0.755535840988
0.721460103989
0.702289104462
0.730720043182
0.726348876953
0.747235059738
0.744431972504
0.734819173813
0.731341123581
0.739507198334
0.717325925827
0.756788015366
0.732347011566
0.721336126328
0.75044798851
0.740211009979
0.745060920715
0.698081016541
0.733418941498
0.719102144241
0.703217029572
0.736578941345
0.711836099625
0.711198091507
0.745479822159
0.70817399025
0.724349975586
0.738231897354
0.731315851212
0.71658205986
0.724185943604
0.729048967361
0.750127077103
0.725841999054
0.705505132675
0.74199795723
0.741819143295
0.722948074341
0.728901863098
0.695691108704
0.720372915268
0.714328050613
0.744091033936
0.721805095673
0.713654994965
0.707635164261
0.733793020248
0.727366924286
0.717089176178
0.743749141693
0.730201005936
0.694794893265
0.747704029083
0.767189025879
0.744575977325
0.744350910187
0.732173919678
0.743359088898
0.710638046265
0.78625702858
0.758113861084
0.719844818115
0.746427059174
0.722252845764
0.730690956116
0.72807598114
0.740918874741
0.740731954575
0.762893199921
0.726191997528
0.762863874435
0.72273015976
0.7212870121
0.760929107666
0.706553936005
0.724021911621
0.737531900406
0.73090004921
0.728332042694
0.731416940689
0.757863998413
0.740645885468
0.713495016098
0.755559921265
0.711751937866
0.728663921356
0.742606163025
0.722887039185
0.726093053818
0.724395036697
0.737240076065
0.718615055084
0.740890979767
0.73371720314
0.731917142868
0.711457967758
0.754024028778
0.733727931976
0.723874092102
0.733011007309
0.750170946121
0.704999923706
0.717007875443
0.739421129227
0.741907119751
0.727387189865
0.749298810959
0.73766708374
0.724969863892
0.742819070816
0.733645200729
0.732123851776
0.688712120056
0.757783889771
0.753394842148
0.759248971939
0.832853078842
0.732671022415
0.734539031982
0.731438875198
0.7390229702
0.734942913055
0.753486871719
0.707772016525
0.734838962555
0.735603094101
0.714395046234
0.733957052231
0.746612071991
0.706450939178
0.724887132645
0.71161198616
0.723499059677
0.697932958603
0.727428913116
0.746958017349
0.718852043152
0.728446960449
0.724772930145
0.739589929581
0.750519990921
0.755007982254
0.749855995178
0.740826129913
0.742878913879
0.7025411129
0.720208883286
0.739730119705
0.711927890778
0.71736907959
0.724615097046
0.737659931183
0.721671104431
0.734123945236
0.763242006302
0.721838951111
0.732524871826
0.74666595459
0.707711935043
0.716371059418
0.713272094727
0.723788976669
0.698585033417
0.752596855164
0.752285957336
0.710826158524
0.732985019684
0.734249830246
0.743172168732
0.760641813278
0.741286039352
0.742851018906
0.732747077942
0.757490873337
0.717209815979
0.729053974152
0.743312835693
0.725083112717
0.757395982742
0.739720106125
0.716237068176
0.74050617218
0.716902971268
0.730060100555
0.74911904335
0.713802099228
0.725798845291
0.715179920197
0.738351106644
0.728120803833
0.719794988632
0.686074018478
0.716144800186
0.721736192703
0.731393814087
0.733941078186
0.730200052261
0.711546897888
0.720054864883
0.737208127975
0.729821205139
0.750894784927
0.714543104172
0.723031044006
0.70618391037
0.734102964401
0.727293014526
0.732447862625
0.758667945862
0.725565195084
0.700917959213
0.730933904648
0.732699155807
0.740874052048
0.74343085289
0.728199958801
0.730129957199
0.723301887512
0.733771085739
0.704878091812
0.736809968948
0.749498844147
0.712395906448
0.774798154831
0.723459005356
0.700811862946
0.735350847244
0.74466586113
0.711686134338
0.742599010468
0.70046710968
0.730976104736
0.738170862198
0.692847013474
0.741526842117
0.763551950455
0.741714954376
0.730973005295
0.747997045517
0.72540807724
0.727284908295
0.716418027878
0.723216056824
0.723983764648
0.725661993027
0.720737934113
0.724390983582
0.719502210617
0.731005907059
0.726627111435
0.725687026978
0.741851091385
0.75679898262
0.749969005585
0.72083902359
0.73731803894
0.703392028809
0.768028974533
0.710299968719
0.700896978378
0.73446393013
0.715588092804
0.724008083344
0.733329057693
0.723814964294
0.730025053024
0.736810922623
0.724303007126
0.729967832565
0.742010116577
0.73281788826
0.713502168655
0.743058919907
0.724894046783
0.706535100937
0.76312994957
0.751789808273
0.69463801384
0.785486221313
0.847700834274
0.84919500351
0.88746714592
0.804541110992
0.750252962112
0.737441778183
0.727805137634
0.734863042831
0.74415397644
0.701544046402
0.753257036209
0.754498004913
0.706037998199
0.733426094055
0.69380402565
0.730466842651
0.708992004395
0.730665922165
0.712908983231
0.732255935669
0.749639034271
0.716511011124
0.743146896362
0.710867166519
0.701174020767
0.726300954819
0.685458898544
0.718032121658
0.754162073135
0.735429048538
0.73853302002
0.703346967697
0.759474992752
0.753619194031
0.742775201797
0.710031032562
0.714390993118
0.751206874847
0.718922138214
0.763638019562
0.695266962051
0.734269142151
0.741630077362
0.752569913864
0.729998826981
0.711426973343
0.757292985916
0.714120149612
0.750418901443
0.728882074356
0.706041097641
0.76647901535
0.74320101738
0.721688985825
0.727548122406
0.727109193802
0.742719173431
0.720175981522
0.724644184113
0.743894100189
0.715202093124
0.743485927582
0.744951963425
0.746432065964
0.779995918274
0.761944055557
0.722697019577
0.739302158356
0.741853952408
0.746699094772
0.736116170883
0.746117115021
0.756385087967
0.744176149368
0.768896102905
0.743038892746
0.720231056213
0.739012956619
0.752134084702
0.695105075836
0.701566934586
0.717401981354
0.734123945236
0.714910984039
0.7298848629
0.740646123886
0.721089839935
0.730662822723
0.738969087601
0.742352962494
0.74373793602
0.714341878891
0.756213188171
0.76535820961
0.748706817627
0.751457929611
0.733241081238
0.727095842361
0.714315891266
0.722088813782
0.725099086761
0.728572845459
0.731509923935
0.759974956512
0.726557016373
0.709842920303
0.740859031677
0.72830080986
0.73327088356
0.702918052673
0.707257986069
0.706641197205
0.719516992569
0.755892038345
0.709640026093
0.731417894363
0.727408885956
0.725795984268
0.744348049164
0.685992002487
0.708879947662
0.748748064041
0.699215173721
0.727698087692
0.722692012787
0.743736982346
0.701732873917
0.734688043594
0.719534873962
0.739463090897
0.740072965622
0.726804971695
0.731307029724
0.716443061829
0.751690864563
0.723393201828
0.757691860199
0.757500886917
0.71281003952
0.73953294754
0.71323800087
0.750355005264
0.720452070236
0.746691942215
0.734893798828
0.752794027328
0.740394115448
0.702133893967
0.735815048218
0.75572514534
0.73917388916
0.718324899673
0.757922887802
0.729946136475
0.727454900742
0.705869197845
0.697880029678
0.749931097031
0.727897882462
0.732444047928
0.744447231293
0.722766876221
0.743670940399
0.745207071304
0.717123031616
0.716569900513
0.713891983032
0.741726875305
0.731329917908
0.767714977264
0.724987983704
0.760576963425
0.754731893539
0.74002790451
0.718198060989
0.757506132126
0.712069988251
0.704969882965
0.732120037079
0.740464925766
0.763344049454
0.718792915344
0.698704004288
0.737072229385
0.738831996918
0.713733911514
0.740950107574
0.719740867615
0.720237016678
0.744572162628
0.715091943741
0.739029884338
0.729444026947
0.713510990143
0.717002153397
0.689143896103
0.719942092896
0.719440221786
0.716972827911
0.707674980164
0.734676837921
0.723404169083
0.735466957092
0.748967885971
0.734924077988
0.749113798141
0.747567892075
0.726577043533
0.721467971802
0.735234975815
0.702594995499
0.749471902847
0.747901916504
0.690515041351
0.718209028244
0.760839939117
0.736633062363
0.708431005478
0.75208902359
0.736279010773
0.723664045334
0.769994974136
0.723688840866
0.695269823074
0.720770835876
0.717257976532
0.694572925568
0.702634096146
0.718326091766
0.739993810654
0.73014497757
0.713714838028
0.693410873413
0.734438896179
0.70202422142
0.686743974686
0.720360994339
0.729948997498
0.762073993683
0.725065946579
0.735304832458
0.734736204147
0.740508079529
0.743270158768
0.724853038788
0.748987913132
0.741480112076
0.727243900299
0.718703985214
0.712993144989
0.739007949829
0.754059076309
0.697232961655
0.707034111023
0.734086990356
0.715800046921
0.74625992775
0.716136932373
0.716977834702
0.746615886688
0.718466997147
0.730271816254
0.770555019379
0.721826791763
0.734774112701
0.709139823914
0.708445072174
0.71049785614
0.733069896698
0.710997104645
0.708343982697
0.712415933609
0.729532003403
0.699323892593
0.725810050964
0.718609809875
0.77225112915
0.733999013901
0.702347040176
0.73179602623
0.732926130295
0.727509021759
0.728296041489
0.713948011398
0.727041959763
0.751959085464
0.717505931854
0.723915100098
0.729631900787
0.763000011444
0.71061205864
0.724873065948
0.730570077896
0.741079092026
0.720859050751
0.699862003326
0.727379083633
0.734367847443
0.727515935898
0.740853786469
0.729341030121
0.721206903458
0.739570140839
0.753753900528
0.732736825943
0.733558177948
0.693994998932
0.729135990143
0.71780705452
0.738398790359
0.724735021591
0.718595981598
0.743314981461
0.731633901596
0.756499052048
0.768296957016
0.701394081116
0.732467889786
0.748168945312
0.731003046036
0.723146915436
0.716682195663
0.732042074203
0.729017972946
0.701003074646
0.734889030457
0.736032009125
0.723569154739
0.717633962631
0.738088846207
0.713385105133
0.712759017944
0.748077869415
0.71221113205
0.703639984131
0.727212190628
0.733766078949
0.732048034668
0.723958969116
0.751965999603
0.719449996948
0.726830005646
0.717991828918
0.734213113785
0.740855932236
0.727997779846
0.727926015854
0.738496780396
0.710956096649
0.756063938141
0.755220890045
0.736168861389
0.734325885773
0.733663082123
0.717264890671
0.704369068146
0.732963085175
0.71693110466
0.735304832458
0.708229064941
0.718797922134
0.7659471035
0.733809947968
0.74006986618
0.719641923904
0.728626966476
0.750597000122
0.737725019455
0.719582080841
0.737929105759
0.723736047745
0.738656997681
0.708577156067
0.707690000534
0.719604969025
0.73504114151
0.71951508522
0.711059808731
0.717538118362
0.706573963165
0.723322153091
0.742316007614
0.737149000168
0.680958032608
0.720222949982
0.749741077423
0.742770910263
0.747289896011
0.713593959808
0.729530096054
0.705240011215
0.713829040527
0.696130037308
0.714791059494
0.743267059326
0.708965063095
0.724083185196
0.722240924835
0.723901987076
0.717343091965
0.712957859039
0.720582008362
0.719655036926
0.758960008621
0.710828065872
0.732311010361
0.778775215149
0.71537899971
0.722995042801
0.685335874557
0.736780166626
0.772948026657
0.731868982315
0.7310359478
0.72349691391
0.725795030594
0.735641956329
0.746443033218
0.7300760746
0.751944065094
0.73844909668
0.711750030518
0.704648017883
0.717669010162
0.72133898735
0.749294996262
0.714876890182
0.722855091095
0.743047952652
0.732972860336
0.740635156631
0.710754156113
0.728571891785
0.720566034317
0.730031013489
0.699197053909
0.747400045395
0.705487012863
0.712145805359
0.74322104454
0.742275953293
0.684823989868
0.741857051849
0.74427986145
0.70507311821
0.730263948441
0.727767944336
0.722681999207
0.707117795944
0.730806112289
0.752825021744
0.727622032166
0.728384017944
0.712557077408
0.712146997452
0.734472990036
0.717725992203
0.730497837067
0.739823818207
0.730907201767
0.750226974487
0.736446857452
0.74436211586
0.73046708107
0.741842985153
0.731866121292
0.713304042816
0.748512983322
0.70999789238
0.744474172592
0.724259853363
0.718872070312
0.747927188873
0.737695932388
0.727651119232
0.747255086899
0.719993114471
0.743239164352
0.744973182678
0.744089841843
0.714649915695
0.710147857666
0.739221811295
0.715771913528
0.759212970734
0.711294174194
0.719371080399
0.743427038193
0.755223035812
0.744992017746
0.701386928558
0.734311819077
0.723434925079
0.721330881119
0.735409021378
0.706125974655
0.716780185699
0.740459918976
0.746734857559
0.70108294487
0.69269490242
0.725280046463
0.70319890976
0.716372013092
