0.682605028152
0.640696048737
0.659232854843
0.659693002701
0.669167041779
0.660142183304
0.662688970566
0.666090965271
0.633721113205
0.662190914154
0.659148931503
0.665180921555
0.638287067413
0.689264774323
0.663596153259
0.655285835266
0.683149814606
0.707876205444
0.647860050201
0.671427965164
0.673970937729
0.661393880844
0.665375947952
0.649021148682
0.647263050079
0.655426025391
0.669876098633
0.660047054291
0.682458877563
0.663331031799
0.658226013184
0.671957969666
0.711490869522
0.633091926575
0.637384176254
0.646108150482
0.655550003052
0.672903060913
0.642606973648
0.658960819244
0.67760014534
0.645050048828
0.651205062866
0.631977081299
0.670592069626
0.669429063797
0.647524833679
0.65632390976
0.641064882278
0.638180017471
0.663331985474
0.668332099915
0.690665960312
0.654690980911
0.677788972855
0.662946939468
0.684947967529
0.646465778351
0.641444921494
0.641319036484
0.66907787323
0.668429136276
0.678288221359
0.660202026367
0.662924051285
0.660527944565
0.655310153961
0.668513059616
0.67253279686
0.629380941391
0.663954019547
0.658552885056
0.631276845932
0.648316144943
0.634152889252
0.693119049072
0.67391705513
0.660135030746
0.654567956924
0.663753986359
0.655205011368
0.655435085297
0.656590938568
0.648387908936
0.665748119354
0.644835948944
0.677752017975
0.637586116791
0.663044929504
0.670773029327
0.652870178223
0.631114959717
0.678201913834
0.68930721283
0.658159017563
0.649135112762
0.689215898514
0.638847112656
0.651790857315
0.64489197731
0.680375099182
0.658586025238
0.660420179367
0.653856039047
0.663096189499
0.670428037643
0.673530101776
0.642889976501
0.659218072891
0.651197910309
0.654224872589
0.631582021713
0.656234025955
0.65759396553
0.626190900803
0.65752196312
0.641117095947
0.620918989182
0.658480882645
0.644233942032
0.65239405632
0.633078098297
0.674861907959
0.634609937668
0.648720979691
0.663263082504
0.645493984222
0.651309967041
0.654676914215
0.671814918518
0.648524045944
0.656147003174
0.668788909912
0.670482873917
0.726910829544
0.672888994217
0.657047986984
0.638398170471
0.676869869232
0.643210172653
0.649597883224
0.658113002777
0.66227889061
0.641635894775
0.670737981796
0.663323879242
0.685405015945
0.645914077759
0.649619102478
0.667769908905
0.653645038605
0.677049160004
0.662405967712
0.665535926819
0.646366119385
0.64363694191
0.645645141602
0.672517061234
0.637106895447
0.675424098969
0.665778160095
0.671503067017
0.670475959778
0.659657001495
0.636837005615
0.670523166656
0.6604180336
0.643402099609
0.649945020676
0.652836084366
0.66091799736
0.662146091461
0.659772872925
0.650699138641
0.648565769196
0.655508041382
0.652214050293
0.622594118118
0.657676935196
0.638873815536
0.65239906311
0.638531208038
0.67785692215
0.646223068237
0.652139902115
0.66369509697
0.653614044189
0.644378900528
0.671946048737
0.678559064865
0.682502985001
0.646944999695
0.647121906281
0.650674104691
0.631633996964
0.636017084122
0.681599140167
0.635628938675
0.648269176483
0.642961025238
0.677495002747
0.645894050598
0.668529987335
0.669919967651
0.658483028412
0.686758995056
0.685320138931
0.67388010025
0.656012058258
0.661448001862
0.648724079132
0.662415981293
0.652229785919
0.640146017075
0.665262937546
0.656368970871
0.653914928436
0.646946907043
0.646456003189
0.664602994919
0.660341024399
0.653357028961
0.636271953583
0.644579172134
0.669418096542
0.653500080109
0.672043085098
0.652979850769
0.670452833176
0.643455028534
0.659801959991
0.692039012909
0.658335924149
0.67192697525
0.644022941589
0.678763151169
0.653908967972
0.644161939621
0.667840957642
0.653995037079
0.647408008575
0.631481170654
0.679774999619
0.631987810135
0.66534781456
0.65233707428
0.665760993958
0.672821998596
0.651308059692
0.652261018753
0.664808034897
0.679447889328
0.648755073547
0.665957212448
0.647341966629
0.64676117897
0.654415130615
0.656202077866
0.660096168518
0.65866112709
0.665385007858
0.64876294136
0.66636300087
0.6585688591
0.629379987717
0.661483049393
0.659691095352
0.654748916626
0.662941932678
0.66571688652
0.633769035339
0.6592669487
0.629523992538
0.648458003998
0.667828083038
0.629110813141
0.644678115845
0.645041942596
0.661054849625
0.637248039246
0.662014961243
0.661947965622
0.685195922852
0.663568973541
0.643014907837
0.66594004631
0.681994199753
0.652145147324
0.645750999451
0.660106182098
0.638244152069
0.647597074509
0.624128818512
0.665148019791
0.649058103561
0.652616024017
0.657474994659
0.643512964249
0.667945146561
0.662739038467
0.652544975281
0.650921821594
0.644203186035
0.677353143692
0.636666059494
0.672195196152
0.664425134659
0.645698785782
0.679203987122
0.655620098114
0.66663813591
0.652771949768
0.639773845673
0.652145147324
0.670849084854
0.661748170853
0.659752845764
0.686388015747
0.665799856186
0.685914993286
0.663812160492
0.643254041672
0.650014162064
0.645858049393
0.658421039581
0.639154911041
0.670930147171
0.65535402298
0.66782784462
0.668797969818
0.655007839203
0.635908126831
0.658037185669
0.644103050232
0.685420036316
0.657063007355
0.673272848129
0.664794921875
0.662654161453
0.660628080368
0.645892858505
0.644776821136
0.627935171127
0.659353017807
0.642757892609
0.638942956924
0.644627094269
0.667408943176
0.652156114578
0.644905090332
0.650038957596
0.650252819061
0.641927957535
0.650753974915
0.655508995056
0.662392854691
0.683438062668
0.648270130157
0.63626909256
0.673789024353
0.663285970688
0.667932987213
0.669778108597
0.648014068604
0.665781021118
0.630151033401
0.660125017166
0.637410163879
0.662175893784
0.643971204758
0.647141933441
0.636121034622
0.640197992325
0.671264886856
0.684661865234
0.654469966888
0.645224094391
0.716221094131
0.772740125656
0.78523182869
0.772228956223
0.757415056229
0.661112070084
0.67170715332
0.670773983002
0.652005910873
0.654143095016
0.639576911926
0.644809961319
0.652341127396
0.642931938171
0.653734922409
0.647341966629
0.624550104141
0.676074981689
0.63470697403
0.695996999741
0.668601989746
0.674451112747
0.656298875809
0.649944067001
0.650071144104
0.632090091705
0.664489984512
0.651730060577
0.672535181046
0.632122993469
0.662044048309
0.646971225739
0.659904956818
0.661639928818
0.643127918243
0.657562017441
0.652835845947
0.665092945099
0.656802177429
0.650630950928
0.661406040192
0.657935857773
0.657218933105
0.655750989914
0.637908935547
0.644659042358
0.640482902527
0.643906116486
0.678741931915
0.651473045349
0.673672914505
0.663393974304
0.632922172546
0.667804956436
0.661179065704
0.632901906967
0.662157058716
0.638665914536
0.658090114594
0.681950092316
0.663389921188
0.648201942444
0.638545036316
0.664327859879
0.674457073212
0.664797067642
0.66425204277
0.639240026474
0.643862009048
0.66558599472
0.639882087708
0.643880844116
0.653701066971
0.655384063721
0.66668510437
0.651271104813
0.649636983871
0.650984048843
0.683585166931
0.647941112518
0.688612937927
0.649952888489
0.652364969254
0.654935121536
0.666893005371
0.656069040298
0.661633968353
0.655286073685
0.648119926453
0.666301012039
0.652174949646
0.674520015717
0.645697832108
0.644612073898
0.663399934769
0.668710947037
0.669297933578
0.641157865524
0.659151077271
0.631905078888
0.652234077454
0.656556129456
0.694097995758
0.710973024368
0.665198087692
0.629735946655
0.662980079651
0.663480997086
0.643369913101
0.685216903687
0.652209043503
0.662860155106
0.650592088699
0.661885976791
0.659422159195
0.673554182053
0.627441883087
0.664988040924
0.676302194595
0.653342008591
0.65118098259
0.658663988113
0.64689707756
0.679995059967
0.638154983521
0.676484107971
0.665611028671
0.664356946945
0.660627126694
0.661318063736
0.665486097336
0.663990020752
0.671323060989
0.666512012482
0.696161985397
0.643960952759
0.668256044388
0.637871980667
0.649826049805
0.638812065125
0.663238048553
0.623738050461
0.657850027084
0.655153989792
0.642824888229
0.675088882446
0.650464057922
0.664525985718
0.668044090271
0.65336894989
0.641180992126
0.664299964905
0.63282084465
0.657166957855
0.654520988464
0.730746984482
0.649732112885
0.665338039398
0.652386903763
0.674172878265
0.670089006424
0.652771949768
0.64923787117
0.670782089233
0.673195123672
0.639228105545
0.679672002792
0.663290977478
0.658271789551
0.672699928284
0.667410135269
0.667365789413
0.663269996643
0.648679971695
0.667982816696
0.659692049026
0.64481306076
0.648978948593
0.650474786758
0.64373087883
0.654095888138
0.667711019516
0.642908096313
0.639775037766
0.663764953613
0.700585126877
0.695986032486
0.634594917297
0.664465904236
0.647055864334
0.656190156937
0.660709857941
0.664157867432
0.654002189636
0.74560379982
0.672415971756
0.674623966217
0.651918888092
0.649844169617
0.668042898178
0.681130886078
0.666073083878
0.650903940201
0.679044961929
0.655092000961
0.65739607811
0.640509128571
0.635583877563
0.662441968918
0.651734113693
0.653772115707
0.634526014328
0.677426815033
0.648133039474
0.688781023026
0.668267965317
0.675777196884
0.683556079865
0.64844083786
0.665246009827
0.682518005371
0.676573038101
0.732102870941
0.678499937057
0.662729024887
0.672455072403
0.626972198486
0.668915987015
0.651214838028
0.697080135345
0.65083694458
0.656826972961
0.640333890915
0.638964891434
0.657174825668
0.645835876465
0.676538944244
0.659615039825
0.658662080765
0.641770839691
0.639722108841
0.650531053543
0.641937971115
0.660943031311
0.661315202713
0.650319099426
0.648323059082
0.645396947861
0.655691862106
0.649785041809
0.658401012421
0.669183969498
0.667156934738
0.663289070129
0.646733999252
0.742042064667
0.654979944229
0.662357091904
0.669373989105
0.651695966721
0.642935037613
0.662630081177
0.661757946014
0.651957988739
0.651480197906
0.647351026535
0.661103010178
0.644809007645
0.6568338871
0.67776799202
0.656088829041
0.656290054321
0.66637802124
0.640412092209
0.65364408493
0.658713102341
0.667459011078
0.658017873764
0.657498836517
0.64063501358
0.658637046814
0.665723085403
0.665795087814
0.660154104233
0.637503147125
0.666124105453
0.666157960892
0.686097145081
0.649995088577
0.649459838867
0.648545980453
0.654874801636
0.672887086868
0.657538890839
0.676434993744
0.65260219574
0.672586917877
0.655246019363
0.659228086472
0.664550065994
0.663292169571
0.665792942047
0.682013034821
0.658531904221
0.661489963531
0.660604000092
0.652226924896
0.655872106552
0.664623975754
0.658971071243
0.673007965088
0.63011598587
0.643769025803
0.667937994003
0.66789317131
0.69656586647
0.683875083923
0.656425952911
0.638477087021
0.654962062836
0.661998033524
0.648577928543
0.647633075714
0.660192012787
0.643424034119
0.657998085022
0.65762090683
0.657546043396
0.647011995316
0.649893045425
0.630687952042
0.64442896843
0.651849985123
0.666589021683
0.665084838867
0.645288944244
0.649316072464
0.653595924377
0.683797121048
0.643847942352
0.644893169403
0.671481132507
0.640614032745
0.700639009476
0.650035142899
0.664615869522
0.66005396843
0.68838095665
0.671513080597
0.646664142609
0.65997505188
0.656164884567
0.681358098984
0.654805183411
0.65740609169
0.639873981476
0.657962083817
0.640818834305
0.673755884171
0.66015791893
0.668736934662
0.664370059967
0.695449113846
0.639418125153
0.664757013321
0.630326986313
0.648617982864
0.640110969543
0.643271923065
0.652395009995
0.639553070068
0.64105796814
0.67405295372
0.67111992836
0.696058034897
0.630507946014
0.68253993988
0.65874004364
0.643739938736
0.655326843262
0.650607824326
0.636204957962
0.643553972244
0.660579919815
0.640708208084
0.661604881287
0.657732009888
0.644376993179
0.647365093231
0.66684794426
0.655543088913
0.779918909073
0.747106075287
0.653230905533
0.656531095505
0.649386882782
0.655949115753
0.656999826431
0.73073720932
0.656209945679
0.646399974823
0.688796043396
0.6650390625
0.674994945526
0.677999973297
0.669855117798
0.650236845016
0.676136016846
0.644555091858
0.656847953796
0.673519849777
0.667518138885
0.667946100235
0.625545978546
0.632572174072
0.660429954529
0.651443958282
0.652652025223
0.662827968597
0.64389705658
0.668164014816
0.670560121536
0.655287981033
0.637923002243
0.657048940659
0.654449939728
0.644618988037
0.648960113525
0.658012866974
0.646627902985
0.655203819275
0.66010093689
0.640739917755
0.673578977585
0.656019926071
0.649188995361
0.658323049545
0.65888094902
0.667129039764
0.668046951294
0.665741205215
0.650782108307
0.662395000458
0.654531002045
0.640264987946
0.657951116562
0.643847942352
0.659759998322
0.650725126266
0.676765918732
0.674694061279
0.669929981232
0.657202959061
0.673447847366
0.663950920105
0.688764095306
0.657363891602
0.647311925888
0.643166065216
0.662195920944
0.671587944031
0.677967071533
0.652844190598
0.671099185944
0.646185874939
0.655974149704
0.634187936783
0.667454004288
0.653001070023
0.638658046722
0.65374994278
0.653780937195
0.67694401741
0.646788835526
0.648527145386
0.655925989151
0.655167102814
0.657154083252
0.667808055878
0.659205913544
0.647057056427
0.643615961075
0.658705949783
0.652304887772
0.647325992584
0.65697312355
0.644670963287
0.659410953522
0.643733978271
0.68039894104
0.661182165146
0.6536860466
0.660171985626
0.639380931854
0.669226884842
0.673458814621
0.647489070892
0.657795906067
0.665142059326
0.667364120483
0.650856018066
0.67742395401
0.671947956085
0.649938106537
0.647835969925
0.662477016449
0.667629957199
0.641934156418
0.657031059265
0.668518066406
0.661567926407
0.63706612587
0.666763782501
0.676236152649
0.69007396698
0.63892698288
0.645369768143
0.635107040405
0.650860071182
0.645690202713
0.643249988556
0.655966043472
0.632368087769
0.643980026245
0.648664951324
0.651273965836
0.659425973892
0.653093099594
0.70009303093
0.653563976288
0.695593833923
0.651817798615
0.637099027634
0.647988796234
0.642328023911
0.670962810516
0.654184103012
0.661757946014
0.67055606842
0.651528120041
0.669856071472
0.652681827545
0.664675951004
0.649902105331
0.669856071472
0.648931980133
0.652851104736
0.655936002731
0.663611888885
0.66010093689
0.65550494194
0.637026071548
0.678667068481
0.641342878342
0.654355049133
0.644491910934
0.65790104866
0.643476963043
0.667107105255
0.671680927277
0.671840906143
0.626224994659
0.663470029831
0.653352022171
0.660776853561
0.642823934555
0.673158884048
0.673446178436
0.622822999954
0.658622026443
0.679196119308
0.650910139084
0.671895027161
0.63748383522
0.6318359375
0.655668973923
0.663111209869
0.656586170197
0.65564084053
0.646311998367
0.662091016769
0.642808914185
0.670156002045
0.671454906464
0.654465198517
0.657044887543
0.656672000885
0.655467987061
0.654917955399
0.653173923492
0.646739006042
0.646735906601
0.651077032089
0.667068004608
0.655826091766
0.671360969543
0.665848016739
0.632620096207
0.639443874359
0.683159828186
0.665198087692
0.656888961792
0.656666040421
0.637761831284
0.651961088181
0.657348155975
0.634850025177
0.646929979324
0.66722202301
0.672383069992
0.656479120255
0.655640125275
0.637202978134
0.661601066589
0.649720907211
0.645264148712
0.660018920898
0.663527011871
0.669682979584
0.651460886002
0.654550075531
0.698214054108
0.646448850632
