0.717340946198
0.699203968048
0.702913999557
0.70982003212
0.731894016266
0.714803934097
0.741012096405
0.720652103424
0.696732997894
0.714853048325
0.679207801819
0.704303026199
0.693397045135
0.728305101395
0.702532052994
0.705080986023
0.706206083298
0.720150947571
0.717481851578
0.702358007431
0.701344966888
0.755322933197
0.68451499939
0.701546192169
0.685579061508
0.699046134949
0.692675113678
0.710222005844
0.71358704567
0.729198932648
0.707252025604
0.706236839294
0.722259998322
0.697637081146
0.73019695282
0.722622871399
0.703634023666
0.697072029114
0.703670978546
0.726826906204
0.657867193222
0.72172498703
0.700576066971
0.704756975174
0.714760065079
0.687119007111
0.699034929276
0.71430516243
0.70784497261
0.697567939758
0.722487211227
0.724338054657
0.707058906555
0.708317041397
0.694284200668
0.711120128632
0.709855079651
0.680916070938
0.710192203522
0.7149310112
0.726019144058
0.688096046448
0.702270030975
0.702455043793
0.679373025894
0.729151964188
0.702641963959
0.742970943451
0.720319986343
0.690550088882
0.720767021179
0.739787101746
0.700042009354
0.739369869232
0.707665920258
0.697991132736
0.685142040253
0.736115217209
0.70551609993
0.693164110184
0.720182180405
0.712337017059
0.693989038467
0.704363107681
0.699098825455
0.70526599884
0.731544971466
0.700165987015
0.704962968826
0.719752073288
0.67827296257
0.715485095978
0.716171979904
0.699999094009
0.709336042404
0.716743946075
0.688373804092
0.735851049423
0.70271396637
0.690372943878
0.688225030899
0.716319084167
0.722371101379
0.695719003677
0.697739124298
0.711452960968
0.720185041428
0.708329916
0.715849161148
0.697854995728
0.721899986267
0.732213020325
0.705723047256
0.708549976349
0.67667889595
0.709870100021
0.706844091415
0.704499006271
0.695109128952
0.696423053741
0.751421928406
0.696938991547
0.702652931213
0.706175088882
0.679755926132
0.700239896774
0.724936008453
0.677654027939
0.711069107056
0.701941013336
0.689326047897
0.686905860901
0.689039945602
0.710422039032
0.721662998199
0.723862171173
0.725815057755
0.708963155746
0.726625204086
0.710005044937
0.715528964996
0.708495140076
0.724242925644
0.684400081635
0.710250854492
0.717277050018
0.699687957764
0.708122014999
0.707344055176
0.704648971558
0.729294061661
0.725772857666
0.720067977905
0.7040579319
0.696274995804
0.69358587265
0.697078943253
0.725281000137
0.714281082153
0.713195085526
0.732990980148
0.681681871414
0.704865932465
0.722195863724
0.674628973007
0.711282968521
0.685052156448
0.728646993637
0.723077774048
0.722020864487
0.706809997559
0.719344854355
0.717618942261
0.694111824036
0.70415186882
0.682493925095
0.706896066666
0.705569982529
0.739386081696
0.69194483757
0.695619106293
0.699958086014
0.729171037674
0.707867145538
0.700056791306
0.702600002289
0.700129032135
0.724332094193
0.709497213364
0.71057009697
0.712280035019
0.712277173996
0.676429033279
0.706538915634
0.684853076935
0.723819971085
0.706284999847
0.703334093094
0.704079151154
0.693250894547
0.728343009949
0.700542926788
0.687716960907
0.718994140625
0.686970949173
0.677828073502
0.733508825302
0.70477104187
0.723814964294
0.698339939117
0.695259094238
0.724141836166
0.703797101974
0.691472053528
0.691440820694
0.71703004837
0.729322910309
0.723182916641
0.695527076721
0.730631828308
0.709525823593
0.714112997055
0.694841861725
0.688087940216
0.710073947906
0.745375871658
0.70627784729
0.711866140366
0.732887983322
0.726387023926
0.71715593338
0.681915998459
0.729300022125
0.7186191082
0.706594944
0.688411951065
0.718359947205
0.704614162445
0.714964866638
0.709192037582
0.728372097015
0.706378936768
0.794593811035
0.818758010864
0.859447956085
0.871198892593
0.731162071228
0.694052934647
0.719092845917
0.697853088379
0.709167003632
0.712044000626
0.688594818115
0.712331056595
0.691577911377
0.700120925903
0.710196971893
0.705428123474
0.716290950775
0.715232849121
0.728712081909
0.712336063385
0.713788986206
0.685688972473
0.707346916199
0.719502925873
0.725872993469
0.706893920898
0.702131986618
0.68939614296
0.689363002777
0.66291809082
0.698004961014
0.70366191864
0.704205989838
0.702394008636
0.682244062424
0.684658050537
0.69013094902
0.704525232315
0.711531877518
0.717367172241
0.687340021133
0.703174829483
0.700396060944
0.686636209488
0.694320201874
0.736362934113
0.705715894699
0.701945781708
0.706722021103
0.706937074661
0.723001003265
0.683396100998
0.707883834839
0.70158290863
0.695293903351
0.692669868469
0.714485168457
0.723500013351
0.710358858109
0.679319143295
0.682695865631
0.731053113937
0.738919973373
0.683119058609
0.704483985901
0.708935022354
0.70310997963
0.679745912552
0.715662956238
0.687412023544
0.703121900558
0.712715148926
0.722634077072
0.722597837448
0.69585108757
0.698305130005
0.711290836334
0.731117963791
0.714051961899
0.681147813797
0.71643781662
0.703944206238
0.719601154327
0.679974079132
0.730396986008
0.694845199585
0.697496175766
0.690001964569
0.700294971466
0.734869003296
0.711861848831
0.733915090561
0.71648311615
0.693522930145
0.670204877853
0.715553045273
0.680438995361
0.731132030487
0.727375030518
0.724025964737
0.713243961334
0.689306020737
0.685649871826
0.716238021851
0.729434967041
0.699526071548
0.744366884232
0.697242021561
0.725896835327
0.72838807106
0.689538955688
0.707113981247
0.700664997101
0.680333137512
0.719325065613
0.707693099976
0.680188894272
0.726495981216
0.707091093063
0.699856042862
0.702199935913
0.687209129333
0.715152025223
0.718811035156
0.703143835068
0.690586090088
0.709667921066
0.70441699028
0.699767827988
0.719089984894
0.691596984863
0.697438955307
0.707138776779
0.702919960022
0.706755876541
0.691349983215
0.664113998413
0.718905925751
0.708084106445
0.681812047958
0.713247060776
0.702832937241
0.678863048553
0.739237070084
0.71414399147
0.729906082153
0.677922964096
0.706473827362
0.683507204056
0.739557981491
0.711004018784
0.698817968369
0.706906080246
0.701158046722
0.688783884048
0.705824136734
0.734839200974
0.725718975067
0.6914498806
0.705847024918
0.698642015457
0.712783098221
0.679880142212
0.707230091095
0.700745820999
0.699996948242
0.722048997879
0.688647031784
0.726923942566
0.700559854507
0.740071058273
0.698903799057
0.689643144608
0.710273981094
0.684885978699
0.744601011276
0.722021102905
0.73340511322
0.735853910446
0.726161003113
0.711334943771
0.711302995682
0.715034008026
0.731908798218
0.691810131073
0.675896883011
0.687183141708
0.688003063202
0.693567991257
0.726949930191
0.716495990753
0.702538967133
0.711761951447
0.717701196671
0.719215154648
0.695410966873
0.722367048264
0.70555305481
0.723273038864
0.694869995117
0.705269098282
0.721690893173
0.707983016968
0.695338964462
0.710355043411
0.718628168106
0.696623802185
0.721321105957
0.716037988663
0.731738090515
0.734580993652
0.706145048141
0.688924074173
0.689459085464
0.725382804871
0.724378108978
0.686959028244
0.735083818436
0.722604036331
0.698242902756
0.72293806076
0.69291806221
0.709841966629
0.724213123322
0.710599899292
0.699741125107
0.702250003815
0.698719978333
0.733350038528
0.710160017014
0.711057901382
0.71077299118
0.683393955231
0.710419893265
0.713521003723
0.715298891068
0.736744880676
0.700073003769
0.688993930817
0.721734046936
0.713384866714
0.713510990143
0.701005935669
0.710410118103
0.706391096115
0.713340997696
0.708978891373
0.705160856247
0.724302053452
0.685354948044
0.699181079865
0.710960865021
0.694309949875
0.713897943497
0.688925027847
0.712678909302
0.70543718338
0.682408809662
0.700839042664
0.719367980957
0.724806070328
0.668930053711
0.739201784134
0.72719502449
0.71310210228
0.746709108353
0.720165014267
0.675997972488
0.721352815628
0.708380937576
0.716922998428
0.668101787567
0.688179016113
0.70187997818
0.722413063049
0.732052087784
0.675693035126
0.731127023697
0.710793972015
0.685286045074
0.691554069519
0.697913885117
0.710970878601
0.706209897995
0.697462081909
0.707966089249
0.705645799637
0.706379890442
0.720183134079
0.669998884201
0.700805902481
0.684899091721
0.699308156967
0.708271026611
0.714823007584
0.733246088028
0.718072891235
0.689136981964
0.718872070312
0.692390203476
0.678231954575
0.707870006561
0.689034938812
0.706207036972
0.711291074753
0.73487496376
0.692323923111
0.722059011459
0.715589046478
0.714973926544
0.723313808441
0.705012083054
0.742614030838
0.696170091629
0.71590590477
0.697284936905
0.685070991516
0.692173957825
0.73095703125
0.729873180389
0.706961870193
0.714074134827
0.709937095642
0.732752084732
0.698646068573
0.737565994263
0.684744119644
0.727229833603
0.731379985809
0.705919027328
0.718735933304
0.711997032166
0.684455871582
0.722058057785
0.733896970749
0.691648006439
0.742094993591
0.693664073944
0.694279909134
0.732313871384
0.725557088852
0.696901082993
0.730468988419
0.709609985352
0.693361997604
0.701112031937
0.723617076874
0.687087059021
0.703905105591
0.712440013885
0.705811977386
0.675525188446
0.70311498642
0.710871934891
0.695255994797
0.731531143188
0.707357883453
0.705455064774
0.694984912872
0.691674947739
0.744233131409
0.695291996002
0.674977064133
0.720364093781
0.731760025024
0.705094099045
0.67097902298
0.707125902176
0.71201300621
0.693245172501
0.711618185043
0.698880195618
0.690662145615
0.721615791321
0.716526985168
0.691846132278
0.724681854248
0.688210010529
0.692084789276
0.711450099945
0.700434923172
0.70818901062
0.710690975189
0.676509141922
0.703341007233
0.711908102036
0.704488992691
0.696492195129
0.698915958405
0.686854839325
0.715646028519
0.701711893082
0.705203056335
0.699513912201
0.725021123886
0.726285934448
0.694473981857
0.723657131195
0.676573038101
0.695909976959
0.692532062531
0.707659006119
0.704134941101
0.681439876556
0.733149051666
0.720412969589
0.707690000534
0.72022986412
0.721801996231
0.685389995575
0.729030847549
0.737550020218
0.695410966873
0.747354030609
0.714469909668
0.704071998596
0.733006000519
0.704939842224
0.712033987045
0.701390028
0.729062080383
0.702253818512
0.72672700882
0.780866146088
0.849948167801
0.837468862534
0.860100984573
0.796361923218
0.715465068817
0.700433969498
0.714668989182
0.705852031708
0.696651935577
0.691207885742
0.726258039474
0.708353996277
0.71884894371
0.698617219925
0.735957145691
0.731117963791
0.747254133224
0.700554132462
0.692698955536
0.730576992035
0.713413953781
0.727826118469
0.716872930527
0.723230838776
0.690832138062
0.704391956329
0.695759057999
0.689916849136
0.742787837982
0.730669021606
0.694130897522
0.705785036087
0.683581113815
0.700463056564
0.707116127014
0.681407928467
0.688266038895
0.726417779922
0.713235855103
0.703576087952
0.706987857819
0.70823597908
0.701277971268
0.708693027496
0.687840938568
0.704236030579
0.715971946716
0.712800979614
0.721804141998
0.712241888046
0.679996013641
0.682057142258
0.701019048691
0.723210811615
0.715831041336
0.721167087555
0.736693143845
0.735562801361
0.718342065811
0.696750164032
0.727386951447
0.690378904343
0.703871965408
0.732434034348
0.709144115448
0.726866006851
0.691979169846
0.710522890091
0.721405029297
0.72084903717
0.711735010147
0.721243143082
0.72981095314
0.673978090286
0.728208065033
0.709053993225
0.73094201088
0.730604171753
0.700095891953
0.713761091232
0.715015172958
0.703110933304
0.704447031021
0.721087932587
0.694690942764
0.696876049042
0.679228067398
0.70658493042
0.694365024567
0.704494953156
0.69830083847
0.70360994339
0.714557886124
0.713826179504
0.690089941025
0.701828956604
0.705719947815
0.701673030853
0.721611976624
0.718600034714
0.693965911865
0.717402935028
0.71795797348
0.724781036377
0.683238983154
0.696352958679
0.709095001221
0.682945013046
0.699578046799
0.724966049194
0.689250946045
0.686579942703
0.692156076431
0.682997941971
0.695510864258
0.714155912399
0.733383893967
0.699998140335
0.723674058914
0.708132982254
0.692090034485
0.713709115982
0.713296890259
0.691619157791
0.692975997925
0.712893009186
0.733588933945
0.705410957336
0.700955867767
0.713047981262
0.692449092865
0.711641073227
0.709725141525
0.704643011093
0.733512878418
0.691777944565
0.72344994545
0.700537919998
0.726589918137
0.69323182106
0.675508022308
0.710572957993
0.689173936844
0.703336000443
0.710391044617
0.712061882019
0.72954583168
0.715626001358
0.709744930267
0.728354930878
0.699378013611
0.737573862076
0.714579105377
0.70472407341
0.710355997086
0.710321187973
0.715239048004
0.690012931824
0.716835975647
0.714886903763
0.70739197731
0.725651979446
0.726818084717
0.714392900467
0.719013929367
0.712261199951
0.700246095657
0.699332952499
0.698050022125
0.734715938568
0.694159030914
0.710071086884
0.700576782227
0.713283061981
0.699362039566
0.730669975281
0.712141036987
0.699857950211
0.690653800964
0.706878900528
0.717901945114
0.715458154678
0.712548017502
0.692128896713
0.712459802628
0.711730003357
0.718441963196
0.688787937164
0.728044986725
0.702875137329
0.715372085571
0.69597697258
0.697359085083
0.699908971786
0.722544908524
0.705010890961
0.677113056183
0.706906080246
0.673981904984
0.724695920944
0.690378904343
0.735222101212
0.71971487999
0.710144042969
0.704055070877
0.710227966309
0.69747209549
0.68789100647
0.708405971527
0.700891017914
0.719253063202
0.731362104416
0.715643882751
0.715689897537
0.7035779953
0.711815834045
0.736747980118
0.727787017822
0.678781032562
0.677763938904
0.744883775711
0.695013046265
0.712950944901
0.724853038788
0.71465587616
0.700127840042
0.721974134445
0.685579061508
0.726251840591
0.680120944977
0.69349694252
0.701519012451
0.693676948547
0.682881116867
0.723084926605
0.706480979919
0.716500043869
0.689139842987
0.68970489502
0.708216905594
0.737203121185
0.707245111465
0.713459014893
0.66969704628
0.701251983643
0.722072839737
0.692731142044
0.736497163773
0.699563026428
0.724410057068
0.689650058746
0.701864004135
0.720833063126
0.693690061569
0.723186969757
0.708183050156
0.713119029999
0.692678928375
0.714514017105
0.723457098007
0.724544048309
0.727594137192
0.684132099152
0.713274002075
0.710723161697
0.690604925156
0.717571020126
0.721332788467
0.709543943405
0.701189041138
0.705467939377
0.701499938965
0.717955827713
0.7069439888
0.710327148438
0.71558713913
0.702648162842
0.690304040909
0.735852956772
0.720499992371
0.721903800964
0.707557916641
0.693522930145
0.711031913757
0.712411165237
0.694178819656
0.703413009644
0.744047880173
0.721372127533
0.7149310112
0.723793983459
0.706273078918
0.677240133286
0.711014032364
0.692749023438
0.718492984772
0.718053102493
0.703190803528
0.70897102356
0.708732843399
0.693822145462
0.704059123993
0.687312841415
0.703409194946
0.711941003799
0.732812166214
0.699557065964
0.686448812485
0.719465970993
0.714641094208
0.717463970184
0.726202964783
0.699928998947
0.69966506958
0.723130941391
0.719580888748
0.725357055664
0.689312934875
0.691867113113
0.716959953308
0.699918985367
0.696437120438
0.70035815239
0.724797010422
0.714896917343
0.699344158173
0.691396951675
0.7097260952
0.706228017807
0.717116117477
0.704786062241
0.699980974197
0.711501121521
0.744257926941
