0.402220010757
0.417321920395
0.408022165298
0.414226055145
0.408617019653
0.400563955307
0.391869068146
0.378505945206
0.377644062042
0.408263921738
0.425620079041
0.38143992424
0.403504133224
0.387279987335
0.376054048538
0.408596038818
0.395248889923
0.376064062119
0.409718990326
0.376640081406
0.380756139755
0.403136014938
0.334169864655
0.374313116074
0.367815971375
0.39411687851
0.404156208038
0.355041980743
0.37220788002
0.347887992859
0.394644975662
0.382838964462
0.39842414856
0.411974906921
0.370715141296
0.350698947906
0.407413005829
0.386767148972
0.36684679985
0.381405115128
0.353228092194
0.368876934052
0.417202949524
0.382409095764
0.357362031937
0.360064983368
0.410417079926
0.356425046921
0.412328958511
0.381141901016
0.365216016769
0.37170791626
0.367166996002
0.365730047226
0.335912942886
0.362360954285
0.355585098267
0.354302167892
0.372414827347
0.362321138382
0.354446172714
0.354847192764
0.379585027695
0.345942020416
0.378484010696
0.350532054901
0.362185955048
0.386862039566
0.372390985489
0.393328905106
0.364906072617
0.400730133057
0.393632173538
0.358520030975
0.350163936615
0.351454973221
0.380729913712
0.375092029572
0.352907896042
0.368701219559
0.374196052551
0.360069990158
0.342366933823
0.37583899498
0.34588599205
0.373279809952
0.376609802246
0.34822177887
0.370554924011
0.368343114853
0.367624044418
0.322088956833
0.355041027069
0.347692012787
0.380502939224
0.364551067352
0.39057803154
0.401074886322
0.426871061325
0.405485153198
0.418355941772
0.401471138
0.396109819412
0.400376081467
0.382417917252
0.412147045135
0.349434137344
0.350041151047
0.41246008873
0.392759084702
0.401010990143
0.326622009277
0.400213003159
0.409466981888
0.363281965256
0.358968019485
0.398874044418
0.388048171997
0.355764865875
0.380037069321
0.395492076874
0.358376979828
0.362791061401
0.368313074112
0.386281013489
0.421006917953
0.357642889023
0.356662988663
0.375813961029
0.330068826675
0.346738100052
0.34667801857
0.369230985641
0.328583955765
0.357925891876
0.343748092651
0.36212682724
0.372704982758
0.346998929977
0.351469039917
0.353760957718
0.361065864563
0.381528139114
0.363943099976
0.402336120605
0.399632930756
0.365487098694
0.36427116394
0.417087078094
0.373893022537
0.344145059586
0.36808514595
0.359353065491
0.346374988556
0.349792003632
0.349571943283
0.370407819748
0.367340087891
0.347196817398
0.367035150528
0.358341932297
0.381595134735
0.38188290596
0.389588117599
0.383369922638
0.362915992737
0.361617803574
0.375324010849
0.341733932495
0.36635184288
0.393836021423
0.34707403183
0.346602201462
0.364191055298
0.38568687439
0.387588977814
0.36455821991
0.36829996109
0.364670038223
0.368108034134
0.323436021805
0.335003137589
0.387460947037
0.352733850479
0.360926151276
0.38388800621
0.336832046509
0.34648680687
0.384052991867
0.373576164246
0.35480594635
0.393860816956
0.396203994751
0.387005090714
0.355149030685
0.37081193924
0.381721019745
0.354761838913
0.34286403656
0.359028100967
0.379706144333
0.352785110474
0.374484062195
0.313407897949
0.376492023468
0.369651794434
0.335737228394
0.398447036743
0.363393068314
0.387692928314
0.381788015366
0.345376968384
0.386770009995
0.379988193512
0.35400390625
0.353777885437
0.339778900146
0.381506204605
0.342828989029
0.356028795242
0.359506845474
0.38978099823
0.38994884491
0.337214946747
0.361433029175
0.381644964218
0.361042022705
0.389464139938
0.36187505722
0.352113962173
0.38978600502
0.376600027084
0.388649940491
0.386940002441
0.376838922501
0.360110998154
0.354382991791
0.3762550354
0.394332885742
0.369907855988
0.338745117188
0.337990999222
0.373420000076
0.349548101425
0.358404874802
0.346172094345
0.350921869278
0.367772102356
0.387174844742
0.398189067841
0.364223957062
0.384114980698
0.38943195343
0.370176792145
0.354851961136
0.380845069885
0.344844818115
0.35676908493
0.332581043243
0.364611148834
0.343716144562
0.326344966888
0.35404419899
0.354468107224
0.371397972107
0.358774900436
0.388107061386
0.486847877502
0.348656892776
0.357093811035
0.362586975098
0.378171920776
0.385658025742
0.376464128494
0.348283052444
0.367386817932
0.345697164536
0.383720874786
0.377753019333
0.418057918549
0.37729716301
0.383404970169
0.40916800499
0.399961948395
0.430552959442
0.422900915146
0.401644945145
0.419769048691
0.438453912735
0.450314998627
0.406255960464
0.359844207764
0.360821962357
0.340479850769
0.370801925659
0.367361068726
0.378109931946
0.38415813446
0.37672996521
0.403877973557
0.422924995422
0.394572973251
0.369117021561
0.376661777496
0.349202871323
0.369272947311
0.372766017914
0.380079030991
0.359606027603
0.411063194275
0.374253988266
0.357316970825
0.356606960297
0.386688947678
0.347227811813
0.341537952423
0.354836940765
0.365952968597
0.351509094238
0.371551990509
0.349174022675
0.352177858353
0.356445074081
0.392971038818
0.378092050552
0.337563991547
0.352266073227
0.40553188324
0.363734006882
0.390963077545
0.400184869766
0.356600999832
0.37136220932
0.372277021408
0.346163034439
0.354928016663
0.369468927383
0.394968986511
0.358392953873
0.350649118423
0.377315998077
0.353055953979
0.394782066345
0.355279922485
0.358310937881
0.394180059433
0.383374929428
0.351742982864
0.367752075195
0.366279840469
0.343493938446
0.383812904358
0.392376184464
0.36036491394
0.375138998032
0.384119033813
0.400232791901
0.401433944702
0.381427049637
0.396697044373
0.421262979507
0.408820867538
0.378556013107
0.447591781616
0.372565984726
0.348273038864
0.425271034241
0.38393497467
0.392856121063
0.406877994537
0.402746915817
0.368061065674
0.378504037857
0.384191989899
0.372265815735
0.364226102829
0.387377023697
0.371473073959
0.368299007416
0.376612901688
0.388529062271
0.393330812454
0.379199028015
0.404417037964
0.399142980576
0.351692914963
0.386850833893
0.379066944122
0.382220983505
0.42373585701
0.401448011398
0.348580121994
0.3693151474
0.406017065048
0.401051998138
0.423012018204
0.397053003311
0.333040952682
0.36775803566
0.381151914597
0.382774114609
0.389181852341
0.362925052643
0.375867128372
0.5151720047
0.520993947983
0.35703587532
0.360399007797
0.391293048859
0.345278024673
0.378625869751
0.357830762863
0.360173940659
0.354100942612
0.348936080933
0.349563121796
0.354326963425
0.353850841522
0.355765104294
0.367681026459
0.34018611908
0.381011962891
0.385777950287
0.383188962936
0.396852970123
0.384742975235
0.392193078995
0.373661994934
0.384022951126
0.382417201996
0.411792993546
0.412219047546
0.380333185196
0.467712879181
0.418850898743
0.39856004715
0.371690988541
0.414031028748
0.411385059357
0.377231121063
0.411556959152
0.389299154282
0.378477811813
0.369420051575
0.408777952194
0.397123098373
0.383741855621
0.355541944504
0.389472961426
0.354820013046
0.396933078766
0.383373975754
0.371273040771
0.347367048264
0.389086961746
0.354022026062
0.362208127975
0.377297878265
0.389506816864
0.39476108551
0.36943602562
0.367459058762
0.338235855103
0.355086088181
0.362604856491
0.370073080063
0.375859022141
0.361721038818
0.367414951324
0.350190877914
0.382690191269
0.37065410614
0.384553909302
0.361470937729
0.405842065811
0.374485969543
0.378448009491
0.380475997925
0.590718984604
0.497691869736
0.410272121429
0.390444040298
0.403664112091
0.414587020874
0.4053170681
0.383562803268
0.386741876602
0.407687902451
0.395133972168
0.350882053375
0.384390115738
0.37219285965
0.377982139587
0.384295940399
0.384892940521
0.372334957123
0.350879907608
0.357478141785
0.37971496582
0.384797096252
0.384697914124
0.363751173019
0.400323152542
0.358922958374
0.398515939713
0.395158052444
0.369664907455
0.349281072617
0.380837917328
0.390836000443
0.387934923172
0.366272926331
0.34543299675
0.316740036011
0.373861074448
0.399479866028
0.339116096497
0.352252960205
0.332990884781
0.337141990662
0.322614192963
0.369338035583
0.360030889511
0.365207910538
0.386375904083
0.372396945953
0.402629852295
0.3590259552
0.365275859833
0.350783824921
0.347123861313
0.376882076263
0.366510868073
0.403388977051
0.401124000549
0.419359922409
0.411978006363
0.379561901093
0.391096115112
0.411128044128
0.401617050171
0.422852993011
0.414592981339
0.41294002533
0.376339912415
0.397264003754
0.384079933167
0.41131901741
0.419372797012
0.375291824341
0.411160945892
0.449042081833
0.43972992897
0.376367807388
0.375224113464
0.356736898422
0.387873888016
0.389491081238
0.371268987656
0.371839046478
0.378336191177
0.39213514328
0.430857896805
0.354788064957
0.364269971848
0.349351882935
0.33026599884
0.325820922852
0.376381158829
0.373133897781
0.344714164734
0.339189052582
0.342046976089
0.3364341259
0.38702917099
0.368283033371
0.377953052521
0.365927934647
0.370483160019
0.366286993027
0.364330053329
0.35613489151
0.352551937103
0.355301141739
0.405687093735
0.3653819561
0.348036050797
0.320584058762
0.344857931137
0.36276102066
0.358566999435
0.347142934799
0.392879962921
0.35232591629
0.37842798233
0.372759103775
0.355000972748
0.349996805191
0.384636878967
0.407463788986
0.353836774826
0.34806394577
0.373047113419
0.369281053543
0.377018928528
0.368937969208
0.34023809433
0.354121923447
0.360879182816
0.38032078743
0.415155887604
0.377113103867
0.406227111816
0.393309116364
0.393054962158
0.413805007935
0.389292955399
0.424857854843
0.387600898743
0.399312973022
0.371835947037
0.333693027496
0.374839067459
0.368495941162
0.360558986664
0.413441181183
0.370460033417
0.393783092499
0.371263980865
0.346894025803
0.368207931519
0.3959608078
0.414556980133
0.359297037125
0.401315927505
0.352817058563
0.360999107361
0.347139120102
0.42534995079
0.372788906097
0.356224775314
0.349833011627
0.368443965912
0.35390996933
0.353713989258
0.353031158447
0.346571922302
0.343580961227
0.354385137558
0.349655866623
0.347631931305
0.400604009628
0.388247966766
0.36856007576
0.401355981827
0.37494802475
0.366698980331
0.369500160217
0.37898683548
0.392193078995
0.383423805237
0.357474088669
0.387933969498
0.382704973221
0.372964143753
0.355582952499
0.338301897049
0.359961986542
0.341147899628
0.37603187561
0.365183115005
0.399273872375
0.360013008118
0.349399805069
0.345318078995
0.327486038208
0.359627008438
0.322043895721
0.355065107346
0.384675979614
0.348791122437
0.339998960495
0.336020946503
0.362728118896
0.367806911469
0.367027044296
0.365504980087
0.36945104599
0.372049093246
0.354336023331
0.365104198456
0.351096868515
0.344016075134
0.375820159912
0.366182088852
0.378545045853
0.33179807663
0.334049940109
0.352950811386
0.343868017197
0.352687120438
0.362815141678
0.352488994598
0.37353014946
0.366780042648
0.392688989639
0.394149780273
0.331913948059
0.353837966919
0.359499931335
0.36777305603
0.364331960678
0.351354122162
0.3536901474
0.36323595047
0.354229927063
0.37318611145
0.339735031128
0.386538982391
0.348931074142
0.352735996246
0.374511003494
0.366283178329
0.35373878479
0.331109046936
0.351669073105
0.334221124649
0.341112852097
0.335800886154
0.301578998566
0.319915056229
0.309038877487
0.357507944107
0.370115041733
0.350672006607
0.379910945892
0.333333969116
0.322050094604
0.321446895599
0.35303902626
0.340974092484
0.34498000145
0.352770090103
0.323731899261
0.365305900574
0.353199005127
0.337610006332
0.366926908493
0.341937065125
0.393451929092
0.380517959595
0.398952960968
0.36399102211
0.40634894371
0.384265184402
0.399343013763
0.416519880295
0.391546010971
0.361018896103
0.412833929062
0.379712820053
0.399672985077
0.362472057343
0.338442087173
0.369325876236
0.337076187134
0.349848031998
0.389456987381
0.350702047348
0.390428066254
0.369476079941
0.369848966599
0.366903066635
0.343410968781
0.31836104393
0.410163879395
0.354001045227
0.316577196121
0.345478057861
0.316987991333
0.351222991943
0.352287769318
0.341873168945
0.36408495903
0.392055988312
0.381268024445
0.33824801445
0.365172863007
0.371821880341
0.37668800354
0.385650873184
0.371429204941
0.379479885101
0.342085838318
0.348414897919
0.368179798126
0.353579998016
0.345336914062
0.349040985107
0.321694135666
0.381291866302
0.3979139328
0.357511997223
0.366801977158
0.360433101654
0.329236984253
0.330293178558
0.368531942368
0.363568067551
0.351528167725
0.392961025238
0.344826936722
0.355728149414
0.371554851532
0.35141992569
0.331017971039
0.354863882065
0.355406045914
0.348492860794
0.343083143234
0.376224040985
0.365570068359
0.337341785431
0.340744018555
0.374800205231
0.338778018951
0.357706069946
0.339259147644
0.349435806274
0.354229927063
0.317129850388
0.341842889786
0.326793909073
0.325200796127
0.317218065262
0.355607032776
0.351423978806
0.342215061188
0.344004154205
0.346162080765
0.33961892128
0.326925992966
0.356934070587
0.304031848907
0.342720031738
0.351161956787
0.344968080521
0.335858821869
0.374884128571
0.326546907425
0.360880851746
0.354598999023
0.369397163391
0.336621999741
0.367227077484
0.323702096939
0.349976062775
0.330612897873
0.329043149948
0.334912061691
0.363164901733
0.292700052261
0.342030763626
0.356755971909
0.325880050659
0.336826086044
0.353464841843
0.335959911346
0.353530883789
0.358278036118
0.363548994064
0.352833986282
0.332932949066
0.356976032257
0.311049938202
0.349391937256
0.390964031219
0.397370100021
0.403301954269
0.378196954727
0.375377893448
0.396333932877
0.39821600914
0.373686075211
0.350020885468
0.372673988342
0.376298904419
0.378087997437
0.370451927185
0.380224943161
0.382211923599
0.372308015823
0.37592291832
0.402458190918
0.344804048538
0.370533943176
0.356528043747
0.336607933044
0.377972126007
0.354349136353
0.365363121033
0.368580102921
0.320765972137
0.342978954315
0.367748975754
0.357240915298
0.369302034378
0.353828907013
0.311848163605
0.343156814575
0.349269866943
0.417449951172
0.372549057007
0.37947511673
0.394792079926
0.374073982239
0.387144088745
0.353497028351
0.38804602623
0.355319976807
0.342209100723
0.370843887329
0.362086057663
0.331831932068
0.369138002396
0.352895975113
0.361806869507
0.338312149048
0.375405073166
0.368587970734
0.359680891037
0.358291864395
0.362915992737
0.361764907837
0.353190898895
0.3652780056
0.361857891083
0.382230997086
0.388398885727
0.358291864395
0.337908029556
0.358716011047
0.343950986862
0.352488994598
0.341463088989
0.339679002762
0.354501008987
0.33775806427
0.364479064941
0.34712600708
0.370687961578
0.347499847412
0.340990781784
0.337656974792
0.347872972488
0.337056159973
0.336260080338
0.345078229904
0.348603010178
0.3138859272
0.361230134964
0.352923870087
0.363785982132
0.334673881531
0.342903852463
0.352863073349
0.405815124512
0.350864887238
0.36151599884
0.322303056717
0.359355926514
0.322249174118
0.348239898682
0.387568950653
0.313990831375
0.349254846573
0.332295894623
0.319708824158
0.358918905258
0.310492992401
0.366741895676
0.347358942032
0.375319957733
0.303662061691
0.342477083206
0.354429960251
0.346243858337
0.371682882309
0.334388971329
0.324838161469
0.321202993393
0.333652973175
0.367004871368
0.36523103714
0.329392194748
0.318286895752
0.346635103226
0.356524944305
0.362277984619
0.338742017746
