175
178
174
171
179
174
176
176
179
179
177
173
175
175
176
174
181
170
178
181
174
178
172
175
176
184
175
171
174
177
175
179
170
171
176
179
169
178
175
173
171
169
171
177
166
172
176
169
175
170
174
181
172
179
175
176
182
173
171
178
169
174
171
169
178
174
175
180
171
176
169
171
168
178
173
162
175
174
168
178
173
170
181
175
177
176
170
170
179
172
172
175
174
173
174
169
175
179
180
171
180
181
178
176
171
177
173
173
173
178
173
175
175
170
175
173
174
178
180
173
176
175
170
181
178
175
176
179
173
181
176
180
172
177
173
180
172
174
177
171
174
177
180
178
180
170
175
171
174
176
174
176
177
176
178
177
186
178
175
174
178
172
173
177
178
175
176
175
175
182
176
175
169
175
174
172
177
180
179
170
176
178
176
178
179
176
171
175
171
179
179
173
172
179
175
177
177
181
174
171
176
177
181
174
173
176
176
174
172
180
170
176
179
171
174
182
177
175
175
180
179
177
176
180
180
174
173
172
180
177
173
180
181
171
173
175
174
169
175
173
177
175
177
178
175
180
170
169
178
179
175
172
176
168
178
172
171
176
167
177
177
171
183
172
177
174
170
172
173
169
172
176
175
180
178
179
175
184
176
171
178
177
170
174
170
177
180
179
177
180
173
173
169
171
178
179
170
179
171
175
180
177
177
175
175
171
172
176
174
167
175
174
175
179
168
180
172
170
175
175
179
175
175
172
179
179
174
174
171
178
176
178
180
168
174
174
174
173
176
171
173
176
174
181
173
176
168
183
178
171
169
179
177
180
175
173
175
169
175
168
176
171
174
175
171
172
174
176
179
179
173
180
177
179
165
179
169
174
172
174
176
175
168
176
179
177
169
172
176
177
178
171
175
172
184
175
177
176
176
175
170
176
173
173
169
176
172
174
172
175
169
172
172
169
167
172
174
174
178
171
171
179
176
175
178
178
172
169
178
175
169
182
170
173
178
172
171
179
170
181
180
181
176
175
177
178
173
173
174
170
177
179
178
174
173
173
175
173
168
177
170
173
179
175
175
174
176
171
174
173
173
178
175
178
174
179
177
178
173
178
176
176
174
177
174
176
179
174
174
184
173
175
171
174
176
173
174
174
171
177
174
174
175
181
174
169
172
176
182
179
172
177
177
174
176
171
172
176
167
175
174
178
171
169
178
179
177
171
172
177
172
175
169
174
175
174
180
172
178
179
171
179
177
175
180
172
176
174
172
183
174
180
177
172
174
180
175
174
173
176
183
172
172
175
171
176
172
178
175
170
176
173
169
175
173
175
175
181
172
172
180
180
178
177
176
182
173
182
180
171
172
183
171
173
177
177
171
175
174
174
172
180
176
176
173
172
178
169
180
178
177
176
181
173
174
178
175
182
176
177
175
175
171
178
180
176
181
177
175
175
174
171
178
179
178
171
172
175
179
180
177
177
176
172
175
172
171
173
173
170
175
182
173
171
175
169
181
170
176
180
177
176
180
177
173
175
177
178
177
178
169
178
170
179
179
179
174
170
174
177
171
181
178
175
174
176
170
173
178
182
171
176
174
178
173
177
172
177
180
174
172
176
173
176
173
170
174
175
180
168
179
175
172
179
179
172
172
174
174
172
178
175
180
178
176
179
172
173
171
181
176
167
178
173
174
173
182
176
175
176
176
176
171
175
173
179
172
171
177
182
167
172
172
173
167
180
179
177
176
176
179
173
168
172
177
173
180
176
166
173
178
175
182
173
172
164
183
175
171
176
175
170
173
174
171
172
177
176
175
181
179
173
177
174
174
182
181
168
178
178
181
175
174
178
178
171
173
177
174
177
178
174
170
177
177
179
174
172
176
179
175
175
180
174
164
176
180
176
171
173
180
176
173
180
174
176
179
174
174
173
171
179
175
174
176
174
176
175
169
174
175
179
168
171
176
172
174
178
170
180
176
174
175
174
176
178
178
169
180
173
172
168
174
169
175
172
180
178
169
180
170
172
177
176
170
176
172
178
165
181
177
178
178
177
176
174
171
180
176
173
173
176
177
172
171
181
176
172
172
172
170
175
176
174
174
177
174
174
172
172
179
178
176
170
173
173
177
175
179
179
178
181
171
175
183
170
175
168
176
176
179
179
175
174
176
178
175
177
176
179
170
177
177
176
174
176
170
172
172
175
172
174
175
181
170
175
177
173
177
167
171
167
178
170
173
179
170
176
180
181
177
176
178
172
175
173
174
177
174
175
172
179
172
174
172
175
172
173
179
179
