186
188
186
179
182
184
180
183
182
178
183
181
180
180
182
178
184
184
184
176
178
174
184
186
182
181
183
190
184
186
178
175
179
178
179
187
188
189
182
179
183
187
177
177
180
182
180
184
179
186
181
188
187
181
172
182
182
179
184
179
183
178
184
185
187
184
180
177
187
185
178
180
189
181
176
178
182
189
187
180
186
186
180
180
177
180
182
180
180
185
182
182
184
180
180
182
180
181
180
184
181
176
182
185
181
186
179
186
188
178
183
185
184
181
180
183
181
184
190
182
172
180
184
184
180
178
187
181
182
184
180
185
179
182
184
181
184
179
185
181
189
180
176
172
180
183
180
182
182
186
176
176
188
180
181
185
182
180
182
180
180
182
181
189
180
182
179
183
181
180
182
181
185
173
175
176
175
178
180
179
175
185
178
183
181
180
186
184
171
178
176
180
181
185
182
182
179
189
186
182
173
182
177
191
172
189
174
183
179
176
185
177
186
181
176
181
184
178
184
183
179
188
180
185
181
179
187
184
175
176
183
184
185
183
186
180
179
188
176
183
182
186
189
184
186
190
181
187
181
183
187
174
178
190
184
187
183
186
190
188
182
186
182
179
182
184
184
181
185
187
188
181
183
185
180
176
179
182
183
185
180
175
185
185
191
176
183
186
181
179
190
185
181
174
185
185
193
188
177
182
180
184
183
183
190
188
178
173
177
188
180
177
180
183
182
175
184
178
171
177
185
182
191
188
182
179
179
187
177
188
185
182
184
185
177
180
186
178
177
183
185
182
183
183
180
180
183
175
181
178
182
184
187
175
181
181
178
184
181
179
181
181
181
178
182
176
184
181
178
182
186
179
184
184
181
188
181
182
177
186
181
180
180
183
187
172
188
182
175
174
183
178
180
179
184
177
184
188
181
177
179
180
181
180
175
182
178
182
185
188
177
180
181
176
186
172
177
181
181
183
186
178
178
182
182
189
190
184
177
181
183
178
181
183
185
181
177
178
191
181
186
180
181
176
184
176
180
185
181
185
181
178
180
182
180
181
176
183
179
180
177
180
179
180
188
178
193
188
189
185
179
180
183
184
180
183
185
180
182
192
180
179
179
187
180
182
183
179
174
177
179
181
181
181
183
180
179
182
178
184
182
177
181
182
181
184
174
180
178
177
183
186
178
186
180
180
180
183
179
181
181
195
178
183
184
181
182
181
179
181
182
178
182
178
180
194
182
176
185
180
177
174
184
179
176
179
180
179
183
177
178
178
186
186
184
181
185
177
189
183
175
183
178
188
192
183
180
177
182
176
187
182
184
181
182
187
170
179
181
185
183
179
178
177
177
180
188
182
187
179
188
189
182
179
184
187
180
185
190
188
177
183
182
184
180
182
186
180
181
176
180
184
182
185
191
179
183
177
188
178
180
183
176
180
190
179
186
183
182
180
183
179
179
174
182
189
181
180
175
185
180
177
179
180
185
185
179
185
178
183
178
181
182
185
176
181
178
185
186
182
190
185
187
178
186
189
182
185
182
184
191
185
183
190
179
176
177
187
184
181
184
178
180
184
184
180
186
182
180
183
182
181
177
184
173
176
181
184
181
182
186
184
183
185
175
176
179
179
182
180
182
187
185
182
180
186
170
178
178
179
194
188
179
181
185
179
181
183
186
182
181
177
182
191
181
188
179
186
174
185
181
188
182
183
179
188
182
174
186
183
180
178
175
181
183
182
182
183
186
189
185
180
181
175
192
179
185
179
175
181
183
181
178
178
179
186
183
179
184
182
178
184
187
182
184
187
179
178
184
184
171
183
176
184
183
178
178
183
177
180
180
181
184
184
179
178
183
187
181
178
182
187
176
181
177
184
183
179
184
184
184
189
182
180
182
183
181
180
184
179
186
185
182
178
183
183
187
187
179
177
180
181
183
179
182
185
179
177
182
178
186
184
181
181
184
184
177
185
188
187
175
186
186
187
184
182
187
179
182
178
187
181
172
177
180
184
182
184
180
176
190
179
175
178
185
179
188
191
179
184
175
173
176
176
185
185
185
174
181
177
177
180
179
178
186
183
179
187
179
191
181
184
182
188
173
188
178
177
179
187
182
180
185
185
175
180
185
180
183
180
187
182
184
179
184
187
185
181
182
183
191
187
177
180
182
177
182
191
181
183
184
177
179
188
178
183
188
179
175
179
187
181
182
186
192
189
182
189
175
187
173
185
183
179
181
181
187
173
178
187
175
181
188
181
178
181
178
184
177
175
185
183
179
177
188
180
187
187
183
187
