163
168
168
167
162
162
164
166
166
162
168
166
168
164
168
164
168
167
165
165
171
162
165
163
167
162
162
165
166
168
169
163
170
163
161
169
157
167
164
167
164
173
166
170
166
162
164
167
161
166
168
165
162
160
164
165
161
167
162
167
164
158
166
166
163
167
162
162
167
162
161
160
163
168
161
168
159
159
162
165
163
158
161
169
165
172
165
159
165
164
166
164
161
166
166
167
165
162
166
164
166
162
168
163
165
165
164
168
160
166
163
167
169
162
163
167
165
168
170
167
165
162
161
165
163
168
166
167
164
166
163
168
164
168
166
166
160
165
161
167
160
164
167
164
166
161
163
165
161
166
164
169
166
161
165
168
165
168
168
163
168
164
165
164
168
165
168
165
168
165
167
170
169
167
165
167
161
169
163
165
165
168
166
163
165
166
166
163
165
167
171
170
165
170
162
163
160
163
166
164
163
164
164
169
164
163
164
168
167
166
164
164
170
161
170
166
162
170
169
164
160
169
170
167
164
158
172
161
161
167
170
169
164
171
161
162
165
166
164
170
168
169
167
166
163
162
167
166
163
159
169
163
169
163
164
168
166
163
160
164
170
172
168
159
168
165
177
166
172
163
160
165
164
167
169
165
160
164
168
165
163
165
166
163
168
163
167
168
165
164
163
160
165
166
160
162
158
169
167
168
168
168
168
167
169
163
167
168
162
168
171
159
162
167
161
161
165
161
160
160
159
162
159
161
160
167
169
166
168
166
161
161
164
168
165
164
163
166
166
166
161
163
171
164
167
164
169
169
167
164
166
170
163
168
159
168
161
161
167
167
164
167
169
163
166
162
161
161
162
167
164
164
162
164
161
160
165
165
164
164
168
161
167
165
160
166
169
163
168
162
161
162
162
168
164
165
169
166
163
166
164
164
166
165
164
165
166
169
171
161
170
159
161
161
165
166
165
164
167
166
166
169
164
163
164
158
163
168
170
163
170
161
160
161
162
162
165
169
162
166
166
164
162
164
164
170
162
162
161
162
161
161
170
162
162
160
163
168
168
164
167
167
163
168
168
169
166
168
169
165
168
165
164
166
172
166
165
168
169
169
167
164
166
163
167
162
164
163
163
165
157
164
169
169
161
165
162
160
160
165
167
167
166
163
162
166
167
164
169
161
165
173
159
170
166
168
171
164
165
164
165
168
162
163
171
162
165
165
166
166
160
162
164
164
163
165
170
165
157
164
164
161
164
161
170
166
166
169
160
166
170
165
166
162
166
167
162
159
160
165
166
160
163
160
168
171
164
163
164
167
161
169
168
168
166
167
166
169
161
167
168
167
169
167
164
170
156
163
163
157
164
169
170
167
165
168
165
167
164
165
161
168
160
168
160
166
165
169
169
165
165
163
170
167
163
168
163
162
170
164
167
162
160
167
160
164
158
164
165
167
169
162
164
163
164
159
167
171
164
169
166
166
163
161
164
165
166
169
162
162
165
165
164
164
165
158
164
165
164
165
166
165
166
163
166
166
163
162
163
166
163
168
161
165
165
163
165
163
167
169
171
170
161
169
160
166
160
168
164
163
165
165
167
166
168
161
163
170
164
164
165
167
168
159
162
162
167
163
161
162
166
167
170
160
168
170
163
166
163
167
168
170
168
166
168
171
164
162
173
164
166
162
161
162
168
163
164
165
165
164
163
164
168
168
163
162
164
167
170
167
171
166
159
168
168
162
166
163
166
167
166
164
166
162
161
163
167
169
165
165
166
158
166
166
164
159
167
171
164
164
159
167
161
166
162
166
167
167
168
162
164
169
168
164
163
167
164
166
161
165
168
169
170
171
166
167
162
167
166
161
169
161
163
159
160
161
164
162
164
165
168
166
169
167
171
168
171
170
162
170
170
166
168
163
169
168
167
162
165
164
169
160
163
161
165
167
170
169
165
161
169
163
166
167
164
164
167
164
166
170
166
165
161
163
162
166
170
165
163
167
166
170
164
166
166
162
164
167
161
170
161
167
171
166
167
169
159
167
170
163
159
164
164
167
167
164
161
169
169
170
165
167
167
164
167
168
165
164
160
166
162
173
169
168
164
166
166
168
162
163
170
167
168
165
158
167
168
169
164
166
175
164
164
160
171
165
159
166
166
165
165
162
166
164
168
160
163
164
167
167
168
162
163
169
171
162
166
164
164
165
166
166
177
162
170
168
169
166
166
168
163
165
166
169
168
162
168
164
167
164
166
169
168
159
164
171
165
168
160
167
162
163
166
165
168
161
166
168
165
164
