172
182
184
182
173
182
179
180
173
175
177
167
174
180
175
179
168
182
177
173
176
182
171
185
176
174
178
181
176
180
176
174
183
176
177
180
182
177
178
174
175
177
174
174
174
174
179
179
175
175
175
180
177
180
181
177
175
174
179
182
180
168
185
177
183
181
174
177
182
174
183
180
177
178
175
171
181
178
174
174
176
174
176
172
176
182
178
180
181
176
185
181
178
183
179
174
180
178
175
181
179
175
176
174
177
176
184
179
183
178
173
177
183
176
177
183
176
176
173
178
182
178
175
182
182
175
179
184
178
175
179
180
170
179
175
179
180
180
176
172
173
178
178
181
180
171
178
181
177
178
181
175
178
181
184
174
179
183
175
174
186
180
178
180
183
172
181
183
180
176
175
185
176
178
179
175
178
176
178
173
181
180
180
174
173
178
185
174
178
170
181
176
180
179
181
178
173
182
178
180
179
182
176
177
179
176
177
179
182
176
179
170
184
180
186
168
181
179
176
181
175
175
177
180
176
183
184
180
177
177
181
176
180
184
181
178
179
176
172
171
177
177
181
176
185
177
171
169
177
176
177
177
175
183
176
178
171
181
176
177
178
176
187
177
179
184
177
179
172
179
173
177
180
179
179
177
178
177
171
180
173
180
176
173
174
180
172
181
180
175
174
183
179
180
178
182
183
182
176
179
186
173
183
180
181
176
174
179
173
180
179
176
181
176
179
177
180
180
183
178
172
179
177
177
178
174
176
179
180
176
176
172
177
184
172
179
176
171
176
174
177
179
178
179
173
177
181
172
176
177
176
171
182
178
180
177
180
179
177
180
179
181
179
182
180
182
175
180
173
175
187
178
177
177
177
177
171
181
185
175
179
181
176
179
182
176
184
179
178
176
176
178
175
180
183
180
176
178
179
173
180
181
173
180
178
178
177
176
176
182
180
183
178
178
177
179
186
180
178
177
177
181
179
178
182
184
169
178
179
179
182
172
174
173
176
179
178
177
182
176
178
179
184
176
173
180
179
184
171
186
181
181
176
177
177
177
175
175
175
176
180
175
184
181
178
174
176
175
178
178
181
180
178
177
174
179
180
176
177
178
174
184
179
174
173
180
180
185
181
172
175
177
183
179
171
176
178
180
178
183
182
178
173
182
174
180
181
175
180
177
178
182
179
183
177
178
175
178
184
182
171
172
179
181
176
172
180
181
179
181
175
178
178
179
182
183
173
182
179
175
182
177
178
176
173
177
177
184
182
180
184
177
173
176
174
177
180
177
180
179
180
181
181
178
170
180
181
169
177
176
181
175
181
180
176
185
178
175
179
181
174
180
179
172
180
181
175
177
186
176
182
176
180
173
176
181
178
178
184
184
182
177
182
183
179
174
172
182
177
181
180
180
177
179
181
179
175
175
171
180
178
178
181
183
183
180
181
176
180
181
173
181
183
176
175
176
181
181
184
178
173
176
181
173
183
180
181
177
173
179
176
182
177
178
178
179
166
172
177
176
180
175
174
171
186
183
175
176
180
180
179
177
179
177
176
176
179
178
181
175
177
177
176
178
181
181
173
184
172
176
180
180
179
180
179
181
177
179
179
174
182
181
177
178
176
177
188
181
182
179
179
175
171
180
180
186
181
177
175
181
172
187
178
176
178
175
184
179
182
181
186
173
180
187
174
173
180
173
186
176
180
174
179
172
174
179
178
172
177
177
171
175
175
184
180
182
171
178
178
174
177
177
183
181
183
182
181
174
182
177
182
175
183
176
193
178
178
176
179
176
175
177
182
177
176
170
186
180
174
175
169
173
180
181
178
181
175
172
172
174
179
180
175
176
170
178
176
174
180
177
182
181
177
183
177
180
176
188
179
180
184
180
181
180
186
175
177
184
175
177
179
175
171
179
178
183
174
174
180
176
181
177
179
182
173
173
181
179
178
177
180
179
175
176
179
172
184
180
173
179
176
177
178
176
182
171
181
179
174
180
178
180
170
179
177
180
181
175
176
172
183
183
187
179
176
173
175
184
182
178
178
186
180
178
177
181
178
176
180
175
174
173
181
180
180
182
182
176
178
173
176
180
173
173
179
176
177
182
173
175
180
179
175
178
173
173
175
175
179
177
174
177
173
176
183
178
186
176
173
179
179
182
174
178
176
182
179
184
171
179
180
179
181
179
183
180
174
177
180
178
172
179
177
176
180
187
174
184
181
180
177
175
181
178
171
172
180
178
181
186
173
180
175
182
174
182
184
177
176
179
180
181
180
175
175
176
174
174
177
182
