175
175
176
172
171
169
180
176
177
172
173
175
175
171
174
173
174
175
176
178
173
172
171
163
173
174
168
171
168
169
167
170
174
171
174
176
168
164
172
169
169
169
175
173
173
173
167
171
180
173
180
174
172
175
172
172
172
171
170
171
166
171
164
169
171
176
175
168
174
175
169
172
170
167
172
180
175
175
171
169
171
167
174
169
173
176
167
173
170
169
174
175
165
169
173
170
172
172
170
170
175
173
173
169
175
174
176
172
171
170
174
167
177
172
166
169
165
175
169
172
164
175
174
172
174
167
163
170
168
176
169
171
167
174
172
171
179
174
174
174
173
171
171
164
167
170
179
177
168
174
173
172
175
170
170
174
173
174
170
177
170
171
172
172
171
179
179
170
172
176
169
174
169
169
177
170
165
172
172
167
168
171
169
170
176
174
170
169
176
171
173
176
174
176
177
169
173
170
172
170
174
173
175
171
169
169
177
171
172
174
170
169
172
168
168
167
177
174
170
167
173
173
168
174
174
172
177
178
174
174
171
173
167
174
171
172
168
176
167
163
167
175
171
170
170
167
172
163
168
170
165
173
170
168
173
176
172
171
173
174
171
168
166
173
167
171
175
169
169
172
171
174
169
167
167
169
175
168
177
171
171
174
168
176
173
178
171
173
176
171
175
169
167
172
174
172
174
167
174
173
173
171
169
173
163
170
171
166
176
176
171
170
175
174
171
175
171
175
169
171
170
169
175
176
176
169
177
168
175
167
166
170
167
173
169
179
176
172
171
171
170
174
174
173
170
172
169
169
168
178
170
175
173
170
177
174
162
171
170
168
173
167
169
176
175
165
167
170
168
175
175
174
175
165
174
171
171
170
164
172
175
171
169
169
173
169
170
177
170
172
167
175
172
175
171
168
170
173
172
175
173
169
172
171
165
173
171
170
174
172
169
172
173
173
167
165
166
178
175
170
174
171
173
177
173
173
171
178
173
173
172
175
170
172
175
169
166
175
173
174
168
176
165
174
172
164
170
177
165
169
174
175
170
169
173
171
177
165
172
175
170
168
173
167
169
172
170
172
168
179
167
174
170
170
168
173
169
169
174
174
172
173
173
168
174
174
171
172
171
169
168
173
176
166
173
169
170
172
178
176
173
169
173
169
172
173
174
173
171
173
164
167
172
166
172
175
177
170
168
172
167
168
166
166
173
172
169
168
173
173
176
171
175
176
170
174
173
169
170
176
171
175
173
169
165
174
170
175
169
170
172
177
162
174
170
171
175
175
168
169
174
172
166
175
175
172
171
172
169
168
172
177
173
176
180
168
167
177
171
171
169
175
168
176
176
173
174
169
170
172
177
166
173
170
168
171
171
168
165
173
171
172
167
177
170
170
170
171
169
170
176
173
172
170
178
169
173
173
174
170
172
172
177
174
171
169
171
172
169
172
170
168
177
173
169
167
168
171
168
166
172
177
168
171
170
166
170
174
166
170
180
168
170
169
171
173
174
169
172
173
167
174
165
170
172
171
167
169
176
169
178
179
171
172
170
171
172
175
170
170
172
167
172
172
171
175
167
172
170
167
177
169
173
174
173
173
173
172
176
174
173
176
172
172
174
168
165
169
176
171
171
175
175
176
169
174
173
173
169
172
172
173
178
171
179
178
176
179
173
171
172
173
176
171
169
170
171
166
169
172
168
172
173
169
177
171
170
173
170
170
173
169
173
176
175
177
175
180
171
176
167
171
168
171
170
174
175
171
173
170
172
174
170
174
167
170
165
172
170
176
171
169
169
174
175
173
173
168
168
173
173
172
174
175
171
170
172
176
172
176
164
171
172
169
174
173
169
177
173
172
176
179
173
176
170
166
175
173
171
173
170
169
176
172
165
177
174
172
168
175
173
176
170
171
167
167
170
175
170
168
166
170
179
172
168
165
174
164
175
171
165
172
168
176
171
164
172
171
165
172
169
170
172
170
172
179
173
172
172
167
175
177
166
172
174
172
179
175
175
168
177
173
170
174
179
168
175
177
170
173
166
176
170
175
170
169
160
167
171
175
174
172
173
167
176
172
171
172
170
163
177
177
173
166
169
172
171
164
171
174
171
174
169
169
174
170
170
166
172
176
169
173
172
169
175
174
173
171
178
174
175
171
168
168
168
172
178
166
173
170
171
174
172
171
167
175
168
168
163
176
175
174
173
175
169
170
172
169
173
177
167
171
170
175
171
173
170
170
168
168
170
171
174
174
166
175
168
171
174
177
168
175
174
170
171
174
171
172
172
173
