283
283
284
285
283
281
287
283
286
281
290
281
284
285
287
288
277
286
285
278
285
284
286
287
282
286
283
284
285
282
284
287
283
284
283
279
282
284
285
281
277
286
289
284
285
285
283
284
285
284
281
284
288
286
288
285
281
284
282
280
285
288
283
287
287
287
285
281
281
286
283
283
285
280
284
288
277
285
289
283
284
285
283
281
283
285
282
283
287
279
286
287
284
281
282
281
288
282
280
284
284
285
284
286
285
284
283
285
281
284
285
284
284
281
276
283
284
280
278
279
286
285
285
287
286
290
283
285
289
280
280
280
280
285
278
285
281
281
282
279
277
285
283
287
286
288
291
282
280
286
287
284
284
279
287
288
284
281
283
282
280
281
281
283
282
285
285
283
276
283
281
288
281
283
285
282
281
282
289
284
285
284
284
282
286
281
281
287
287
287
286
283
283
285
278
286
289
286
279
286
286
281
281
279
281
285
294
289
280
284
287
284
284
293
282
283
287
287
287
284
279
281
282
282
284
282
285
286
287
286
284
283
288
289
281
285
282
283
284
284
279
285
286
281
284
284
278
284
283
287
283
280
290
289
277
282
286
279
287
284
287
286
280
286
284
283
284
284
284
285
282
286
284
285
283
282
281
283
289
285
287
288
289
285
278
283
284
285
276
284
278
282
288
285
283
285
291
285
282
287
282
283
288
291
283
288
282
289
287
279
283
284
283
278
279
286
287
285
287
285
280
284
285
286
282
289
283
286
286
285
282
283
287
282
284
283
289
283
284
281
284
284
289
286
285
279
282
287
285
289
278
280
283
282
282
286
284
281
282
282
283
282
282
283
284
285
282
278
285
287
286
284
279
285
287
288
285
284
284
283
286
286
281
279
288
287
292
281
284
283
283
283
283
286
282
284
283
287
285
285
283
286
283
281
289
287
287
289
288
284
280
285
286
285
281
279
282
283
282
283
284
280
281
287
282
282
283
285
284
284
283
284
281
282
284
288
285
283
286
281
291
279
281
281
285
283
283
286
281
284
285
285
279
286
284
281
287
287
280
284
288
287
282
280
285
283
286
280
281
282
283
285
286
286
285
285
282
288
284
288
284
284
283
282
282
282
285
287
288
283
281
280
280
284
285
283
280
286
282
289
282
285
284
286
286
283
285
282
283
287
282
282
282
282
279
283
284
287
278
285
284
282
281
281
285
288
282
284
287
283
279
282
286
284
286
284
280
283
282
287
282
277
284
282
287
279
286
285
285
284
286
282
285
279
283
285
290
285
282
285
282
281
283
281
285
287
291
282
284
279
284
284
287
288
283
283
283
281
280
284
284
285
285
287
282
287
287
281
280
283
282
283
283
283
282
287
282
285
284
282
281
282
280
281
281
285
283
282
283
280
286
279
286
283
288
282
283
281
285
284
282
285
281
289
287
286
277
288
286
283
284
277
283
279
282
285
281
288
289
286
284
287
283
289
286
285
276
281
283
283
283
290
286
284
287
287
280
288
283
288
288
287
280
282
279
283
283
288
283
285
288
282
284
288
281
288
287
283
281
283
287
284
288
282
285
281
283
290
286
287
276
283
284
286
285
282
287
285
282
282
286
287
287
286
283
287
283
284
277
282
283
282
288
286
282
286
284
285
284
288
284
287
281
287
284
284
287
281
282
283
281
283
282
286
287
284
280
285
279
279
284
279
283
279
290
285
285
288
282
285
280
287
283
279
284
278
280
284
283
287
287
283
281
285
285
284
281
285
285
283
285
280
281
280
281
283
278
286
282
282
284
285
285
286
285
283
281
281
288
286
282
280
288
277
281
285
289
277
279
280
284
284
278
284
284
283
285
284
286
288
285
282
292
284
290
285
286
281
287
285
275
284
278
284
287
283
281
283
287
280
283
285
284
281
286
285
281
285
287
286
281
281
283
278
282
289
286
282
283
287
283
283
283
286
282
281
287
282
281
286
284
281
281
285
284
283
286
285
283
282
286
283
285
285
284
289
281
282
289
282
278
278
280
283
284
281
279
282
284
283
284
283
283
281
287
283
286
284
283
286
277
282
282
281
284
286
284
284
282
281
281
286
289
281
283
285
288
284
287
287
287
280
282
283
282
285
280
290
286
283
284
282
281
281
282
285
279
286
283
285
285
285
287
280
282
285
282
286
284
280
278
285
280
290
284
281
286
281
284
283
280
283
282
286
283
288
290
286
284
282
283
288
286
283
283
287
282
282
284
283
283
289
283
282
282
284
286
284
286
282
284
284
284
285
286
286
284
284
284
287
