0.614481925964
1.19419813156
0.645930051804
0.631078958511
0.534441947937
1.07100296021
1.0396900177
0.620782852173
0.721661806107
0.540838956833
0.676416873932
0.667122840881
0.793759822845
0.859276771545
0.744642972946
0.686214923859
0.805502176285
0.997663974762
1.22134304047
0.632076978683
0.594080924988
0.596437215805
0.988114833832
0.837446928024
0.710573911667
1.26087903976
0.738432884216
0.760157823563
0.787276029587
0.688596010208
1.19621300697
1.15210103989
0.984363079071
0.890599966049
0.753174066544
0.634890079498
0.865448951721
0.806156873703
0.658261060715
0.525109052658
1.04210805893
1.07613182068
0.70783495903
0.681898117065
0.644285917282
0.606839179993
0.910200834274
0.775361061096
0.641144037247
0.654590129852
0.585795879364
0.616435050964
0.993990182877
1.19830322266
0.720930099487
0.618214130402
0.797089099884
0.785753011703
0.851063013077
0.80303812027
0.541012048721
0.880112886429
1.00145101547
0.878473997116
0.672159910202
0.800529956818
0.712310791016
0.586355209351
0.627220153809
0.867024898529
0.95575594902
0.81979393959
0.572848081589
0.939940929413
0.993832111359
1.23680996895
0.742508888245
0.854158878326
0.591352939606
0.568068027496
0.711123228073
0.572590827942
0.67010307312
0.598120927811
1.03784894943
0.579152107239
0.70314002037
0.540817022324
0.637709140778
0.623788118362
0.712703227997
0.618488073349
0.458181142807
0.571887016296
0.623497009277
1.14180707932
0.895797967911
0.715577125549
0.615921974182
0.720162153244
0.764936923981
0.627304792404
0.808423995972
1.1174621582
1.03846406937
0.857609987259
0.789628982544
0.917618989944
0.816838026047
1.03560590744
0.752776861191
0.931839942932
1.22964000702
0.771084070206
0.62801194191
0.692323207855
0.931114196777
0.743600130081
0.641408205032
0.949960947037
0.869975805283
1.05107212067
0.691097021103
0.649422883987
0.588819026947
1.01735901833
0.993524074554
0.944504976273
0.702139139175
0.564528942108
0.719050168991
0.741140127182
1.1680059433
0.725024938583
0.685403108597
0.801869869232
0.915041923523
0.867806196213
0.78568315506
0.944761037827
1.21955800056
0.835930109024
1.09001398087
1.10575580597
1.14924907684
1.02137494087
1.01361298561
0.9224588871
0.675086975098
0.557432889938
0.805568933487
0.878811836243
1.04996609688
0.621492862701
1.00273394585
0.808125972748
0.892842054367
0.673990011215
0.687376976013
0.893471956253
0.959774971008
0.566836833954
0.613930940628
0.611556053162
0.622242212296
0.668836832047
0.66972899437
0.727003097534
0.794388055801
0.909906864166
0.693851947784
0.778580904007
0.649070978165
0.799364089966
0.607236146927
0.68064904213
0.709108829498
0.621423006058
0.632870912552
0.720175027847
0.709792137146
0.775358915329
0.658318042755
0.605042934418
0.6485850811
1.1142950058
0.65873503685
1.00202679634
0.982903003693
0.998249053955
0.829746961594
0.956881999969
1.21754312515
0.699781894684
0.69682598114
0.989787101746
0.852311849594
0.620981931686
0.997231006622
0.910427093506
1.09132194519
0.669010877609
0.864798069
0.843782901764
0.972007036209
0.611763000488
0.646019935608
0.757136821747
0.699648141861
0.625936985016
0.859149932861
0.699748039246
0.860106945038
0.672897100449
0.805643081665
1.09247899055
0.783806085587
1.14029407501
0.789128780365
0.749280929565
0.7141020298
0.578891038895
0.908597946167
0.697760105133
0.735907793045
0.706660985947
0.6902821064
1.16535615921
0.789053916931
0.735794067383
0.674499988556
1.02775502205
0.945842981339
0.744072914124
0.588953971863
0.683645009995
0.625775814056
1.1905310154
1.15646195412
1.10225009918
1.09962010384
1.13538098335
0.749513864517
0.952440977097
0.721970081329
0.806771039963
0.889999866486
0.903594970703
0.723102092743
0.689954042435
0.82581782341
0.70094704628
0.734982967377
1.01283693314
0.701362133026
0.681379079819
0.786442995071
0.992490053177
0.712463855743
0.900854110718
0.901094913483
0.787508964539
0.5808801651
0.68744301796
1.07861804962
0.643821001053
0.755929946899
0.975131988525
0.818536043167
0.669903993607
0.767086982727
1.32163786888
1.06774282455
0.639115095139
0.684646129608
0.897774934769
0.602425098419
0.656760931015
0.7542719841
0.750554084778
0.706273078918
0.667104005814
0.710697889328
0.850732803345
0.974636077881
0.867176055908
0.661154985428
0.662961006165
0.595313072205
0.640585899353
0.853124856949
0.619926929474
0.603556871414
0.768386125565
0.761559963226
0.983635902405
0.910274982452
0.972270965576
0.844979047775
1.05211687088
1.13201904297
0.613216161728
0.70249414444
0.809649944305
1.17786097527
0.684340000153
0.910736083984
0.800926923752
1.03519582748
0.921424865723
0.685086011887
0.625851869583
0.900682926178
0.939738988876
0.91635799408
0.803656816483
0.785101890564
0.683545827866
0.588379144669
0.841234922409
0.794548988342
0.709133148193
0.486598014832
0.652145147324
0.657627105713
1.00275278091
0.691014051437
0.772274971008
0.692321062088
0.861465930939
0.991984844208
1.08590698242
0.875200033188
0.851512908936
1.12736296654
0.922847032547
0.737282037735
0.617136955261
0.789686918259
0.787390947342
0.644921064377
0.641899108887
0.612166166306
0.545552015305
0.593746900558
0.842314004898
0.663534164429
0.79508805275
0.792587041855
0.744606971741
0.745864868164
0.551716089249
1.18940782547
1.22278189659
1.11817312241
0.657114028931
0.948408126831
0.74721288681
0.653263092041
0.747261047363
1.18573403358
0.76290512085
0.855952978134
0.712179899216
0.900294065475
0.639070034027
0.697985172272
0.690958976746
0.677541017532
0.699322938919
0.669942140579
1.01420807838
0.904070138931
0.688621997833
0.732573986053
0.834441900253
0.878014087677
0.875619888306
0.789659976959
0.93616604805
0.721692085266
1.10254716873
0.890685796738
0.916098117828
0.640867948532
0.926995992661
0.852335929871
0.774421930313
0.86869096756
0.768845081329
1.12827396393
1.15523290634
1.07898211479
1.030408144
0.92556810379
1.08024907112
0.865041971207
0.985929012299
1.15638589859
0.798439979553
0.698997974396
0.965278863907
0.587119102478
0.924028873444
0.830537080765
0.902499914169
0.919250965118
0.827809095383
0.722727060318
0.677831172943
0.922491073608
0.641524076462
0.811980009079
0.899479150772
0.631711006165
0.91349697113
0.867835044861
0.742407083511
0.772180080414
0.753312826157
1.12187886238
0.773916959763
0.812656164169
0.852200984955
0.878915786743
1.23155498505
0.693665027618
0.781193971634
0.795249938965
0.577299118042
0.725020885468
0.947405099869
0.675843000412
0.939874887466
0.98214507103
0.672554016113
0.824619054794
0.672928094864
0.881323099136
0.675781011581
0.867331027985
0.670670032501
0.710624933243
1.23350596428
1.29235601425
1.23412179947
1.05293607712
0.910798072815
1.04927802086
1.09324121475
1.02653002739
0.984060049057
0.975850105286
0.877768993378
0.745758056641
0.639712810516
0.687522888184
0.89182305336
0.911618947983
1.01683092117
0.880187034607
0.957182884216
1.14655995369
0.551977872849
0.750973939896
0.688199996948
0.748511075974
0.654083967209
0.669860839844
0.686542034149
0.742608070374
0.968014955521
0.925380945206
0.80693602562
0.780458927155
0.634609937668
0.931255102158
0.621641159058
0.873027086258
0.557028055191
0.623674869537
0.665280103683
0.817977905273
0.615333795547
0.64610004425
0.655336141586
0.800920009613
0.892857074738
0.997973918915
0.607558965683
0.701663970947
0.768348932266
0.821486949921
0.751708030701
1.2386238575
0.860121011734
1.13926196098
0.7585709095
0.664505004883
0.8508040905
0.608680009842
0.921550035477
0.737758159637
0.691190004349
0.860468864441
1.1074090004
1.04509401321
0.947109937668
0.933805942535
0.770735025406
0.675060033798
0.83312702179
0.848120212555
0.909914016724
1.17013382912
0.893941879272
0.663507938385
0.680196046829
0.75572013855
0.643469810486
0.646712064743
0.846060991287
1.23111200333
1.16680979729
0.605559110641
0.606178045273
0.62720489502
0.707883834839
0.724968194962
0.575062990189
0.688182115555
0.652293920517
1.20426988602
1.15546989441
0.894104003906
0.556641101837
0.612044811249
0.813702106476
1.15068912506
0.533872842789
0.798951864243
0.883105039597
0.750612020493
0.992454051971
0.901721954346
1.19608592987
1.09081912041
0.582556009293
0.672806024551
0.709685087204
0.840566158295
0.711400032043
0.789188861847
0.794504880905
0.769175052643
0.977786064148
0.593805074692
0.781015872955
0.609115839005
0.564401865005
0.764621019363
0.974110841751
0.821020126343
0.587080955505
0.889121055603
0.549831151962
0.973538160324
1.06496500969
0.758234977722
0.616797924042
0.71661400795
0.488358020782
0.981012105942
0.509747982025
0.624859809875
0.600429058075
0.66844701767
0.598376989365
0.566895961761
0.851598978043
0.709738969803
0.583520889282
0.653898000717
0.555433034897
0.608674049377
0.912256002426
0.977986812592
0.596202135086
0.627641916275
0.677822113037
0.621484041214
0.658653020859
0.808893203735
0.913506031036
0.900885105133
0.621508836746
0.779575109482
0.921230077744
0.911089897156
0.699105978012
0.796452045441
0.688597917557
0.886430978775
0.954110145569
0.553236961365
0.592211961746
0.690428972244
0.679461956024
0.694408178329
0.750182151794
0.782479047775
0.643221139908
0.646872997284
0.595785856247
0.666236162186
0.730851888657
0.644884109497
0.736905813217
0.886840105057
0.826472997665
0.833109855652
1.13616394997
0.868274927139
0.504297971725
0.564803123474
0.864822149277
0.602477073669
0.522351026535
0.663071155548
0.766940116882
0.774599075317
0.633897066116
0.821696996689
0.913081884384
0.973494052887
0.656605005264
0.835291862488
0.670413017273
0.643371105194
0.796741962433
0.543071985245
0.606542110443
1.04265213013
0.64333820343
0.665048837662
0.663385868073
0.558609962463
0.742697954178
0.812439918518
0.73493885994
0.815857172012
0.766886949539
1.1361811161
1.17396092415
0.90261387825
0.834942102432
0.630192041397
0.987561941147
0.87228679657
0.843832969666
0.797945976257
0.508534908295
0.576627016068
0.698168992996
0.972445011139
1.35672998428
0.634006023407
1.05901312828
0.547832012177
0.89192199707
1.27741789818
0.923192977905
0.593245029449
0.542585849762
0.587833166122
0.910041809082
0.764070987701
1.16507482529
0.706202983856
0.893738031387
0.990444898605
0.512106895447
0.916150808334
1.18250012398
0.840617895126
0.549571990967
0.641246080399
0.796302080154
0.589638233185
0.694225788116
0.731322050095
0.618276834488
0.588593006134
0.709474086761
0.797515153885
0.600506067276
1.22392582893
1.14411997795
0.731788873672
0.905519008636
1.20145606995
0.70504784584
0.551961898804
0.577430009842
0.985582113266
0.596898078918
0.551674127579
0.607273101807
0.657804965973
0.677084207535
0.646949052811
0.979066133499
1.19429898262
0.729519844055
0.553075790405
0.583458900452
0.519680023193
0.656825065613
0.736485004425
0.725734949112
1.12747812271
1.00764489174
0.507137060165
0.652605056763
0.84481883049
1.18256211281
0.500694036484
0.508136987686
0.548746109009
0.538238048553
0.616957902908
0.624928951263
0.595214128494
0.659605979919
0.614314079285
0.551046133041
0.650921821594
0.635304927826
0.706867933273
0.54713010788
0.5789270401
0.565284967422
0.743766069412
0.68963098526
0.64151096344
0.606718063354
0.689616918564
0.65597319603
0.629410982132
0.503720998764
0.546923875809
0.602181196213
0.624451875687
1.0242369175
0.638751029968
0.538826942444
0.555766105652
0.600798845291
0.61291718483
0.676378011703
0.585840940475
0.590286970139
0.652430057526
0.635295152664
0.928593873978
0.611207008362
0.512833118439
0.519680023193
0.493416070938
0.557497024536
0.713475942612
1.27644491196
1.16203904152
0.782016992569
0.773566961288
0.67299413681
0.603479862213
0.644674062729
0.672045946121
0.517072916031
0.700898885727
0.695129156113
1.06831479073
1.1918258667
0.812019109726
0.604609012604
0.600203037262
0.484722852707
0.482640981674
0.673539161682
0.594848155975
0.577502012253
0.59707403183
1.00283718109
0.728697061539
0.558661937714
0.669674873352
0.950078010559
0.88750910759
0.717520952225
1.06680417061
1.07545304298
0.563451051712
0.630348920822
0.891252994537
0.663850069046
0.728623151779
0.509817838669
0.546220064163
0.576444149017
0.506078958511
0.503274202347
0.655668020248
0.730991840363
1.04752397537
0.64333987236
0.572867870331
0.682619094849
0.615302085876
0.682324886322
0.929911136627
0.557461977005
0.651700973511
0.639373064041
0.578346014023
0.88406586647
0.837400913239
1.18015408516
0.859999895096
0.509090900421
0.599827051163
0.549562931061
0.580309867859
0.660418987274
0.761604070663
0.584942102432
0.509346961975
0.624959945679
0.571881055832
0.624175071716
0.590893983841
0.514348983765
0.650419950485
0.592367172241
0.649121046066
0.538991928101
0.549610137939
0.690582990646
0.910816192627
1.05412983894
0.828454971313
0.57656788826
0.66521692276
0.820811986923
0.692317962646
0.750661849976
0.739703893661
0.597519159317
1.02805781364
0.771186113358
0.657921791077
1.06288695335
0.721553087234
0.900779008865
1.01447296143
0.59686589241
0.65777182579
0.957504034042
0.956452131271
0.827560186386
0.686434030533
0.800650119781
0.996332883835
0.679428100586
0.565767049789
0.634197950363
1.0634329319
1.11911892891
0.613031148911
0.829035043716
0.778384208679
0.942250967026
0.649176836014
0.757158994675
0.989353895187
0.979977846146
1.01184797287
0.935237884521
0.655216932297
0.913505792618
0.83956193924
0.73059296608
0.633798122406
0.671622991562
0.557830095291
0.509047985077
0.582750082016
0.733455181122
0.840692996979
0.602656126022
0.674241065979
0.98464012146
0.610655784607
0.78822183609
0.825795888901
0.733000040054
0.65834903717
0.513304948807
0.583237886429
0.650367021561
0.651987791061
0.765277147293
0.753560066223
0.60981798172
0.784291028976
0.809056997299
0.86431479454
0.830883979797
0.895262002945
0.803467988968
0.661338090897
0.717423915863
0.698364973068
0.86802482605
0.802130937576
0.629368066788
0.883991003036
0.644021987915
0.830685138702
0.673756837845
0.693556070328
0.661014080048
0.584278106689
0.612491846085
0.597744941711
0.864235162735
0.782046079636
0.780761003494
0.539808988571
0.543775081635
0.539693832397
0.571378946304
0.531147003174
0.573209047318
0.635792016983
0.68406701088
0.743738889694
0.657007932663
0.634826898575
0.629703044891
0.620141029358
0.51686000824
0.799372911453
0.69863820076
0.506397008896
0.513897895813
0.619489908218
0.619884967804
0.488985061646
0.558595895767
0.479669809341
0.47731590271
0.502920150757
0.569209814072
0.506482124329
0.503417015076
0.514633893967
0.689471960068
0.677117109299
0.473032951355
0.609204053879
0.532866001129
0.585259199142
0.666207075119
0.670560836792
0.653984069824
0.682614803314
0.672492980957
0.628578901291
0.616947889328
0.783784866333
0.721670150757
0.747970104218
0.618282079697
0.564668893814
0.568177938461
0.597332000732
0.535128116608
0.610631942749
0.566441059113
0.559345006943
0.553103923798
0.517669916153
0.553220033646
0.499988079071
0.487529993057
0.499061107635
0.508079051971
1.0786550045
1.12632393837
