0.771512031555
0.654458045959
0.751024961472
0.651280164719
0.770880937576
0.675493001938
0.777156114578
0.737838983536
0.749353170395
0.666141986847
0.708704948425
0.920159816742
0.675754070282
0.733402013779
0.756077051163
0.664665937424
0.613423109055
0.700807094574
0.715779066086
0.670467853546
0.66851401329
0.670554876328
0.728697061539
0.702772140503
0.675302028656
0.753727197647
0.664676189423
0.711199998856
0.731342077255
0.705605983734
0.7279920578
0.824625968933
0.669957876205
0.665598869324
0.66780090332
0.701694965363
0.68593621254
0.679553985596
0.652491807938
0.632843971252
0.762943983078
0.681003093719
0.724101066589
0.787935972214
0.707523107529
0.720158815384
0.778010845184
0.694348812103
0.734312057495
0.763871908188
0.681327819824
0.75739812851
0.677883863449
0.734076023102
0.76824593544
0.626760005951
0.712929010391
0.619790077209
0.753390073776
0.76083111763
0.72247004509
0.725509881973
0.636646986008
0.733649015427
0.662312984467
0.786486148834
0.670524120331
0.701900959015
0.697687864304
0.758212089539
0.674118041992
0.677660942078
0.751814126968
0.806351900101
0.848691940308
0.768231153488
0.751518964767
0.797935009003
0.79672908783
0.710273981094
0.712754964828
0.794014930725
0.743085861206
0.668571949005
0.790284872055
0.688133001328
0.683183193207
0.71613907814
0.725348949432
0.766020059586
0.739490032196
0.722692966461
0.70525097847
0.677399873734
0.695225954056
0.691833019257
0.631534814835
0.649411916733
0.765729904175
0.718775033951
0.683861970901
0.664652109146
0.67619395256
0.644660949707
0.679775953293
0.698601007462
0.715923070908
0.710977077484
0.672908067703
0.750706911087
0.736313819885
0.68794298172
0.741964817047
0.729430913925
0.800070047379
0.916600942612
0.738138914108
0.694249153137
0.82970905304
0.731088161469
0.70645904541
0.712953090668
0.691782951355
0.646822929382
0.754362106323
0.683051109314
0.716928005219
0.772760152817
0.686784982681
1.56331396103
1.43771982193
0.791619062424
0.714421987534
0.678431034088
0.735769987106
1.07905888557
0.814445018768
0.757236003876
1.25079298019
0.857807159424
0.816979885101
0.924867868423
0.77952504158
0.679113864899
0.674152851105
0.632588863373
0.754119873047
0.709115028381
0.789331912994
0.873936891556
0.745409011841
0.674053907394
0.716672182083
0.733535051346
0.741170883179
0.924644947052
0.966623067856
0.753338098526
0.70788693428
0.697213172913
0.893380880356
0.760856151581
1.09204792976
0.886870145798
0.784543037415
0.735508918762
0.912234067917
0.80392408371
0.795460939407
0.767781019211
0.764281988144
0.66174697876
0.857079982758
0.765425920486
0.732465982437
0.661221981049
0.811336994171
1.59753012657
0.738170146942
0.677170991898
0.68673491478
0.865298032761
0.95469212532
0.978790998459
0.869731903076
0.935480117798
0.906049966812
0.846946954727
0.728119134903
0.869231939316
1.42563509941
0.944892883301
0.729192018509
0.677658081055
1.42227196693
0.925004005432
1.01503491402
0.893202066422
0.696402072906
0.836255073547
1.04219102859
0.800311088562
1.05800700188
0.65580201149
0.791854858398
0.791093111038
1.12531781197
0.91227388382
0.786787033081
0.905766963959
1.11476707458
0.74198102951
0.714682102203
1.56476402283
0.925981998444
0.796566009521
0.70326590538
0.737539052963
0.659253835678
1.42760515213
0.740437030792
1.19272899628
1.17789292336
1.37084412575
1.26703381538
1.53254008293
0.805531024933
0.913614034653
0.955267906189
0.890079975128
0.930732011795
0.793402910233
0.762663841248
0.843175888062
0.962383985519
1.24883103371
0.904258966446
0.717584133148
0.74701499939
0.867363929749
1.50387096405
0.951534032822
1.23965406418
1.29336094856
0.939179182053
0.788600921631
1.27763104439
0.793092012405
0.719161987305
0.804770946503
0.871716976166
0.790132045746
0.927844047546
0.849258899689
0.733917951584
0.979826927185
0.833694934845
0.821302890778
0.972877025604
1.50441217422
1.41182088852
0.983604192734
0.951112985611
0.977155923843
1.04618597031
0.869600057602
1.03583192825
1.08577203751
1.23062205315
0.913340091705
0.871065139771
0.85674905777
0.904009103775
1.11481714249
1.00058507919
1.5276761055
1.06316709518
0.952664136887
0.785807132721
1.00056314468
1.07716703415
0.71918296814
0.900452136993
0.711900949478
0.843487977982
0.88310790062
1.23572802544
1.18125700951
1.06376004219
1.14652299881
0.849438905716
0.70178604126
0.724159955978
0.8150639534
0.670585155487
0.795284032822
0.765504837036
0.756078004837
0.754658937454
0.839815139771
0.913452863693
1.49853205681
0.791002035141
0.981094837189
1.06068181992
1.08731603622
0.839616060257
0.797362089157
1.36627411842
1.03909492493
0.902031898499
0.901559114456
0.802491903305
1.56433701515
0.877610206604
0.798757076263
0.935870885849
0.852989912033
0.889409065247
1.23905801773
1.06504201889
0.930150032043
0.856137990952
1.13502788544
0.944927930832
0.901010036469
1.26774811745
0.999788045883
0.962825059891
1.57007813454
1.21141195297
1.17658209801
1.21015787125
1.03260087967
1.1428539753
0.867480993271
0.936213970184
0.712696075439
0.954333782196
0.931012868881
1.23604917526
0.809221982956
0.797971963882
0.954823970795
0.927997112274
0.999927997589
0.828876018524
0.985079050064
0.881843805313
1.14279103279
0.673765182495
0.79144692421
1.37596321106
1.11501193047
0.969882965088
1.02535295486
1.64251995087
1.42532300949
1.01248812675
0.925082206726
1.58360695839
1.19070315361
0.781375169754
0.92062497139
1.34043908119
0.968045949936
0.915578126907
1.14571499825
0.804518938065
1.15776896477
1.23070287704
0.814774036407
0.850662946701
0.827791929245
1.09510016441
0.937721014023
0.887053012848
1.19239091873
0.898418903351
0.918422937393
0.80702996254
1.40214920044
0.932047128677
1.7841501236
1.20617103577
0.93257689476
0.807652950287
1.40734791756
1.10660791397
0.991089820862
0.7921230793
0.777650117874
0.814032077789
1.05354881287
1.29707598686
1.02815699577
1.03242206573
0.927698135376
1.54633688927
1.12408494949
0.798545837402
1.03768110275
0.918677091599
1.40019989014
1.03698897362
1.73584699631
0.885363101959
1.15422296524
0.826519012451
0.93407201767
0.973120927811
1.09947299957
0.914113998413
1.1297929287
0.844273090363
0.886925935745
1.12222909927
0.87703704834
0.805835962296
1.18619799614
0.713772058487
0.7605240345
1.30043506622
1.80501508713
1.50642895699
0.967587947845
1.16151595116
1.35641813278
1.43000197411
1.32329702377
1.57911801338
0.89866399765
0.837373018265
0.825973033905
0.727303028107
0.847566843033
0.868185043335
0.813488006592
1.13244509697
0.989956140518
0.985567092896
1.1213760376
0.892608165741
1.43412804604
1.0790438652
0.871078014374
1.12012505531
0.889546871185
0.949678897858
0.758699893951
0.973594903946
0.931437969208
1.12672710419
0.922902822495
0.874844074249
0.964679002762
1.13796806335
1.17459511757
0.843947887421
1.14036393166
1.00778698921
1.38696193695
0.909608125687
0.934080123901
1.054240942
0.99458694458
1.19121694565
0.790786027908
1.16634988785
1.35889911652
0.878911972046
0.815577983856
0.927555084229
0.73689699173
0.784123897552
1.03480386734
1.02619600296
1.24011111259
0.710843086243
1.48249292374
1.3765399456
0.921623945236
0.946886062622
0.861900091171
0.909102916718
1.02166604996
0.961393117905
1.28767895699
1.26076006889
1.04540395737
1.11164712906
1.19210910797
1.08667302132
1.32500314713
0.969166040421
1.26787185669
1.00360703468
0.712844848633
0.986860990524
0.825851917267
1.12549185753
1.08231592178
1.69087386131
1.02861213684
0.968134880066
0.980916023254
1.22591400146
1.30201601982
0.973061084747
0.726156949997
0.976145982742
0.874138116837
1.57943487167
0.925574064255
1.23192596436
1.17604804039
0.956177949905
1.50567007065
1.15644907951
0.999293088913
0.824782848358
0.902981996536
0.958592176437
0.993720054626
1.2220518589
1.11963295937
0.865129947662
0.838106155396
1.27583098412
0.99677491188
0.97765994072
1.27694296837
1.25536298752
1.09772205353
0.85852599144
1.50419306755
1.16522812843
0.96602678299
0.89678311348
1.40360999107
1.07983016968
0.823297023773
1.29841399193
0.973497152328
1.15783190727
1.508934021
1.44448208809
0.802188158035
1.1363260746
1.28925418854
0.993629932404
0.929727077484
0.876096010208
1.00177788734
0.931133985519
0.900583982468
0.89585018158
0.988905906677
0.954221010208
0.810436010361
1.10609102249
1.34593605995
0.940064907074
1.37093186378
1.06248497963
0.90016913414
1.01509094238
0.881548881531
1.10937190056
1.10483384132
1.01977586746
1.08663105965
1.46161389351
1.26483392715
1.50035500526
1.12626719475
1.18692111969
1.30555319786
1.41083884239
1.00377583504
1.12471795082
0.829315900803
0.991896867752
1.15580296516
0.902385950089
1.3503279686
1.19751405716
0.876944065094
0.775619029999
0.799659013748
1.03562402725
0.884946107864
0.878395080566
1.14716982841
0.840036153793
0.8602039814
1.24063587189
1.17064499855
1.10557413101
0.931747913361
1.31543493271
1.09167098999
0.88494181633
0.820384979248
0.869600057602
0.765124797821
0.954833984375
0.984264135361
0.954335927963
1.05824518204
1.13234615326
1.04647898674
0.82474398613
1.08340406418
1.22908401489
1.10785198212
1.05875205994
0.983480215073
1.23181700706
1.05989599228
1.08071804047
0.895126104355
1.05743694305
1.01326298714
0.997270822525
1.01252794266
1.18908214569
0.970099925995
1.02722907066
0.921898126602
1.18651103973
1.09580802917
1.17598199844
1.54456400871
1.16632199287
1.09508299828
0.910487890244
1.427932024
1.5319879055
1.11964702606
1.56223607063
1.04620599747
1.38212203979
1.00132012367
0.861319065094
1.16911101341
0.832685947418
0.986289024353
0.82386803627
1.41001582146
1.00025105476
1.35612893105
1.28471398354
0.814712047577
1.33456897736
1.00997591019
1.23587298393
0.904261112213
0.967043876648
1.17871403694
1.31765604019
1.44870495796
1.45082116127
1.11951398849
1.08807682991
1.00099301338
0.914772987366
0.878085136414
0.98580288887
0.83705496788
0.995018005371
0.837646007538
1.20289802551
0.82795882225
0.92228603363
0.813083171844
0.936856985092
0.952555894852
1.01879286766
0.9778881073
1.12107896805
1.25988698006
1.19229102135
1.62397694588
1.08686494827
1.03362298012
1.01926207542
1.52873492241
0.89963722229
0.971730947495
1.24742507935
1.31496286392
0.958623170853
1.14539885521
1.09360694885
1.49422001839
0.971113204956
1.23712897301
1.0820851326
0.866251945496
1.07669186592
0.824316978455
0.789574861526
0.833592891693
1.03168797493
0.852789878845
0.882710933685
0.758470058441
0.962762832642
0.812335014343
1.17096710205
0.805552005768
0.915837049484
1.50405693054
1.04348015785
1.22350692749
0.917418956757
1.25379705429
1.52453684807
1.45138311386
0.978826999664
0.796377897263
0.730674982071
0.819715976715
0.874405145645
1.12107276917
1.03753209114
0.959599018097
0.963320016861
0.891524076462
1.02707910538
0.972837924957
0.832764863968
1.58787608147
1.5310690403
1.23525595665
0.969063043594
1.22382712364
1.22381591797
1.65768098831
1.38158106804
0.959208965302
0.895967006683
1.04544591904
0.79611492157
0.92258810997
0.886813879013
1.18782114983
0.855755805969
1.51466488838
1.5126760006
1.15864419937
0.911045074463
0.812735080719
0.623956918716
0.747682094574
1.21658110619
0.815375804901
1.03409695625
1.4222009182
1.52709507942
1.39742088318
1.07710886002
1.51881098747
0.751945972443
1.12049794197
1.05435013771
1.23499917984
0.885134935379
1.30509996414
0.73443198204
0.79478096962
0.930001020432
0.965182065964
1.14712285995
0.851798057556
0.706277132034
1.37403297424
1.02082395554
1.27074980736
0.887377977371
0.720911026001
0.940192937851
1.26740098
1.25819516182
1.47346997261
1.47104501724
1.20046186447
1.47526788712
1.58620715141
1.40044093132
1.58703899384
1.1504380703
0.865811109543
0.931458950043
0.847050905228
0.904273986816
1.5471830368
0.673099040985
0.903016090393
1.10186004639
1.34425210953
1.07746291161
0.739249944687
1.20130419731
0.824295043945
1.18808412552
0.782598018646
0.746138095856
0.872716903687
1.4319589138
1.24375796318
0.926847934723
1.15461206436
1.24705505371
1.29673290253
1.04331707954
0.825309038162
0.911576986313
0.893270015717
0.768961906433
0.83608007431
0.991729021072
1.63226389885
1.21079492569
1.65450286865
1.61149001122
1.02108478546
1.01817202568
0.859492063522
0.987504005432
0.788798093796
0.774259090424
0.929324865341
0.798166036606
0.757816791534
0.936190843582
0.806362867355
0.80490899086
0.633682966232
0.862519979477
0.780111074448
0.652812957764
0.741307973862
0.883924007416
0.883317232132
0.800943851471
0.772052049637
0.864870071411
0.854336023331
0.928522109985
0.807645797729
0.768630027771
1.49774193764
1.19552993774
1.12079310417
1.42437791824
0.928251028061
0.904443979263
0.655200004578
0.904628992081
1.01704716682
1.55516791344
0.942671775818
0.87748503685
0.793523073196
0.936649084091
0.838083028793
0.805813074112
0.893139839172
0.96945309639
0.82647395134
0.834038972855
0.978669881821
1.3273730278
1.2691090107
0.841111183167
1.31660294533
1.18952798843
0.66323018074
0.885275125504
0.698981046677
0.795499801636
1.00390386581
0.756063938141
0.714457035065
0.829622030258
0.77495098114
0.84051990509
0.689770936966
1.0253469944
0.80687713623
0.712247133255
0.746881961823
0.84325003624
0.638669967651
0.783493995667
0.917948007584
0.751282930374
1.2687959671
0.951794147491
0.758731126785
1.1794500351
1.26624107361
0.817507982254
0.897449016571
0.948673009872
0.814176082611
0.810774087906
0.754479169846
1.48432087898
1.18183612823
0.712162971497
0.84924197197
0.93950009346
0.672523021698
0.768718004227
1.09813094139
0.725912094116
0.98308300972
1.44024205208
1.01395702362
1.27814292908
1.10515499115
0.713567972183
0.784453868866
0.763592004776
0.704623937607
0.969640016556
0.840648174286
0.606487035751
0.844261884689
0.845377206802
1.01407289505
1.14623188972
1.61063981056
0.863721847534
0.854108095169
0.692464113235
0.755655050278
0.871876001358
0.86955499649
0.860157012939
0.704774141312
0.797522068024
0.983211040497
0.70601606369
1.0464618206
0.827581882477
0.710490942001
0.837913990021
0.740916013718
0.848341941833
0.695817947388
0.845959186554
0.883270978928
0.903609991074
1.03283596039
1.16366910934
0.862736940384
1.11013507843
1.36079406738
0.882339954376
0.813494920731
0.799689054489
0.725805044174
1.03021001816
1.53196287155
1.03782701492
1.21277499199
1.16477394104
1.43664503098
0.772225141525
0.894324064255
0.868104934692
1.20314288139
1.14772319794
1.51756501198
1.12726712227
0.863509893417
1.03152799606
0.856644868851
0.681209087372
0.967117071152
0.971290826797
0.935677051544
0.794106006622
0.902544975281
0.883324861526
0.879092931747
0.850917100906
1.35457611084
1.18188714981
0.940643072128
0.981932163239
0.803881883621
1.08221507072
0.916265964508
1.1509809494
1.21017789841
