1.01034808159
1.3585588932
0.677021026611
0.958431959152
0.738999128342
0.711156129837
0.706748962402
1.34502387047
0.992290019989
0.82584810257
0.806951999664
0.793483018875
0.787330150604
0.80806183815
0.819396972656
0.649034023285
0.734751939774
0.74828004837
0.756558179855
0.638152837753
0.719105005264
0.786175012589
0.70183801651
0.583550930023
0.764801025391
0.808354139328
0.596143960953
1.0071079731
1.10563588142
0.750095129013
0.801427841187
0.719731092453
0.678560972214
0.694944143295
0.697502851486
0.77956199646
0.636790037155
0.685002803802
0.665422916412
0.609652996063
0.64176607132
0.808223009109
0.801388025284
0.820941925049
0.713827133179
0.56843996048
0.621495008469
0.716809034348
0.713874101639
0.803368806839
1.60649180412
0.914878845215
0.795609951019
0.858422994614
0.683889865875
0.750411987305
0.917948961258
1.3813970089
1.45824384689
0.995963096619
1.32737278938
1.47262692451
0.998419046402
1.06285309792
0.97437286377
0.814419984818
0.819055080414
0.80223107338
1.4304227829
0.762658119202
0.619860887527
1.2167570591
0.605497121811
0.712074041367
1.00310015678
1.31636309624
1.12119793892
0.682239055634
0.806226968765
0.787416219711
1.21885991096
1.0411939621
0.73118019104
0.916989088058
1.17685604095
1.03841590881
0.826673984528
0.831881999969
0.650326967239
0.732234954834
0.700371026993
0.994383811951
1.03803086281
0.761092185974
0.78685092926
0.887325048447
0.670958042145
0.839179039001
0.604965925217
0.652702093124
1.19278907776
0.771293878555
0.604734182358
0.724942922592
0.746782064438
0.650519132614
0.812124013901
0.590708017349
0.712630033493
1.12109494209
1.35934591293
1.41077494621
1.49302601814
1.13513112068
0.695332050323
1.12654495239
0.617874145508
0.59902215004
1.10236597061
0.866384983063
1.21973800659
0.878463029861
0.950159788132
0.644544839859
0.71993303299
0.692242860794
0.778812170029
0.825481891632
0.884680986404
0.834298849106
0.867192983627
0.837215185165
0.770220994949
0.854362010956
1.30781507492
1.46104311943
1.39971899986
0.820261001587
0.862824201584
0.806403875351
0.957432985306
0.812826871872
0.654780864716
0.980354070663
0.875301122665
0.884516000748
0.708205223083
0.702981948853
1.29885005951
1.02063703537
0.727292060852
1.09828710556
0.786708116531
0.915012121201
0.864150047302
0.8075299263
1.06131315231
0.970288991928
0.910689115524
1.18768906593
1.5106139183
1.25573587418
0.716048955917
1.15818190575
1.32047605515
0.796514987946
0.795387983322
1.35345506668
1.1080160141
0.715126991272
0.79683303833
0.966238021851
0.827995061874
1.00379014015
1.39307403564
1.05383014679
1.32677793503
0.874637126923
0.80539894104
0.924268960953
0.764672994614
0.634903907776
1.13925790787
1.05071210861
1.22734689713
1.29866719246
0.951500177383
0.971570968628
1.19109916687
0.89036989212
1.03279685974
0.819676876068
0.884416818619
0.765209913254
0.684234142303
0.789761066437
0.904546976089
0.994626045227
0.883496999741
0.710500955582
0.861680030823
0.806365013123
0.678608894348
0.664036035538
0.940639972687
0.868587017059
1.29817795753
1.14178991318
0.873151063919
0.896197080612
0.922697782516
0.756161928177
0.770758152008
1.1508140564
0.792659044266
0.884243011475
0.69455909729
0.899388074875
0.838066101074
0.966653823853
0.891103029251
0.623941898346
0.821920871735
0.795759916306
0.999248027802
0.754545927048
0.843802928925
0.924911022186
1.12724304199
0.965915203094
0.765178918839
0.672205924988
0.870060920715
0.90119600296
1.35276794434
0.788042068481
0.827405929565
1.08362197876
0.829101085663
0.776077985764
0.907899141312
1.03819203377
1.19816589355
0.90140914917
1.42353510857
1.17256689072
0.866050004959
0.930855989456
0.971070051193
1.06725907326
0.839848041534
0.834018945694
1.01892518997
1.34188508987
0.642106056213
0.733154058456
0.8990650177
0.774049043655
1.39864301682
0.942513942719
0.66771197319
0.678246021271
0.807323932648
0.739821910858
0.56817984581
1.0869281292
0.802680969238
1.01016187668
0.884009838104
0.84387087822
1.55699205399
0.749636888504
0.876296043396
0.953855037689
0.723508119583
1.24136900902
1.27521586418
0.863603830338
1.36084294319
1.36756491661
1.20436310768
0.858597993851
1.21362900734
1.3149459362
1.20545697212
1.04220104218
1.2218978405
0.8314640522
1.00050592422
0.934468984604
1.16853809357
0.709479093552
0.972320079803
1.00953102112
0.886515855789
0.898979187012
1.14293289185
1.18650507927
1.19536304474
1.46795296669
1.27036380768
0.936128854752
0.871152877808
0.692673921585
0.639292001724
0.799227952957
0.827162027359
0.78640294075
0.909193992615
0.89536690712
0.788702964783
1.11813306808
0.756371974945
0.73740196228
0.921890974045
0.901025056839
1.01259589195
1.10204100609
0.862006902695
1.18911194801
0.654067993164
0.809397935867
1.13225388527
0.760296106339
1.25882387161
0.998173952103
0.916112184525
0.91912984848
1.03902387619
0.833641052246
1.24238300323
0.976505994797
0.874957084656
0.702662944794
1.13631296158
0.83455491066
1.28611278534
1.07813000679
1.10357999802
1.28286194801
0.884047031403
1.03370594978
0.860414981842
0.944193124771
0.984830856323
0.81884598732
1.14787006378
1.15121102333
1.08826994896
0.824712991714
1.12363600731
1.02756094933
0.885381937027
0.763300895691
0.922492027283
1.19262599945
1.18057107925
0.724481105804
1.10363602638
0.794533014297
1.13395094872
1.00320601463
1.23641014099
0.818802118301
0.772479057312
0.932494878769
0.716313123703
0.832994937897
1.40189790726
1.35391902924
1.02279877663
1.03311181068
1.31627511978
0.852895021439
1.25140380859
0.987681150436
1.00055122375
1.24671316147
1.16662406921
0.996428966522
0.904110193253
1.24501800537
1.17187404633
1.2088701725
0.889630079269
0.792904138565
1.35526299477
1.2837741375
1.20128202438
0.961457014084
0.842283964157
0.776524066925
0.748237133026
0.958363056183
0.962326049805
0.649540901184
0.736680984497
0.646347045898
0.695299863815
0.89888215065
1.04144692421
1.04452800751
1.07206106186
0.895258188248
1.52631497383
1.03481507301
1.11905097961
1.55995392799
1.35454702377
0.859740018845
0.692825078964
0.817388057709
0.954204797745
0.960146903992
1.12594795227
0.957883119583
0.734848976135
1.20081400871
1.32176208496
1.18744802475
0.851856946945
0.810516834259
0.904131174088
0.936159849167
1.25539803505
0.840445041656
0.772428035736
0.720490932465
0.996835947037
1.24086999893
1.09699296951
0.785501003265
1.44183111191
1.23048686981
1.2492890358
0.8116710186
0.870922088623
0.872595071793
0.743502140045
1.00206184387
1.14672899246
1.08594202995
0.808586120605
1.08489394188
1.03517794609
1.20938587189
1.0977230072
0.989226102829
0.810269117355
0.870208978653
0.907639026642
0.893480062485
0.988478899002
0.978348016739
1.13997101784
0.865308046341
1.01443600655
1.14568901062
0.762636899948
0.992165088654
1.17454814911
1.52114582062
0.863023996353
0.982481956482
0.963992834091
1.24661016464
0.815284013748
0.746912956238
0.819715976715
0.85165309906
1.24032711983
1.06777191162
0.931361913681
0.927500009537
0.815346956253
0.824486017227
0.762246847153
1.25988006592
1.42267799377
0.948780059814
0.911285877228
0.957189083099
1.04153704643
1.11749196053
1.17774796486
0.953650951385
0.983752012253
0.86444401741
1.0674161911
1.17490792274
1.18185186386
0.858492136002
0.968607902527
1.03316497803
0.737983942032
0.874253988266
0.825327157974
0.987754106522
0.880524158478
0.791825056076
1.18750309944
0.811609983444
0.890209913254
0.891017913818
0.956221103668
1.04454994202
0.894073009491
1.29276013374
0.95062994957
1.26147007942
1.09393978119
1.11320185661
1.20208191872
0.757897138596
1.07737112045
0.893310785294
1.25123310089
0.862045049667
1.06924295425
0.762660980225
1.08862900734
1.18589806557
1.00848197937
0.979120969772
0.872406959534
0.835284948349
0.985409975052
1.38448905945
0.753101825714
0.967017889023
0.7026720047
1.22106719017
1.08309102058
1.05175304413
0.922291040421
0.921431064606
0.738012075424
0.871740102768
1.00511312485
0.863425016403
1.05095505714
1.25424814224
1.37254214287
0.994168043137
0.704092025757
0.615731954575
1.0550570488
1.03882193565
0.879950046539
0.964974164963
1.09026503563
0.838843822479
1.05725288391
0.945051908493
0.921944141388
0.919878959656
1.04196286201
0.799617767334
0.77863907814
0.797757148743
0.783393144608
0.749135971069
0.835333108902
1.33272910118
0.876618862152
0.796157121658
0.811667919159
1.02769494057
0.873400211334
0.785583019257
1.26362991333
1.0061340332
0.83989906311
1.47672796249
1.50851488113
0.841769933701
0.818941116333
0.812048196793
0.857319116592
0.960224866867
0.742331027985
1.16339993477
0.931115865707
0.795429944992
0.651820898056
0.851732969284
1.20400214195
1.03844690323
1.18024301529
0.984114170074
1.42650008202
0.829788923264
0.703722000122
0.711682081223
0.687661886215
0.981340885162
0.782310962677
0.884353160858
0.70768904686
0.784005880356
0.834969997406
0.697613954544
0.873673915863
0.890170812607
0.840890884399
0.953473091125
0.722707986832
1.23033308983
0.971569061279
1.33351492882
1.31117892265
0.855017900467
1.39650011063
1.00750303268
0.924112081528
0.890750169754
1.30546593666
1.22808098793
1.36891913414
1.37828207016
1.2547109127
0.785766839981
0.692588090897
0.96088385582
0.846314191818
0.687758922577
0.849109888077
0.779144048691
0.836895942688
0.785187005997
0.785821914673
0.616753101349
1.09784698486
1.04411292076
0.759648084641
1.15438508987
1.13368201256
0.842207193375
1.00015997887
0.699068069458
0.596335887909
0.867540836334
0.7916431427
0.77453994751
0.98842716217
0.890003919601
0.84387588501
1.32542181015
1.38001990318
1.36407899857
1.0819208622
1.30407500267
0.859493970871
1.30241799355
0.779346942902
0.832421064377
0.764561891556
1.04296898842
0.85252904892
1.08506608009
0.786249876022
1.38049197197
1.26136183739
0.959177017212
0.855053186417
0.999835014343
0.981657981873
1.25538706779
1.02530884743
0.89133310318
0.952264070511
0.849462985992
0.904953956604
1.25267982483
0.799642086029
0.775592088699
0.773331880569
0.839471101761
0.802164077759
0.887480974197
0.659960985184
0.756601810455
1.07260704041
1.44584608078
1.03088712692
1.08125090599
0.741762161255
0.844676017761
0.815570116043
0.849683046341
0.820923089981
0.849605083466
0.881509065628
0.723842144012
0.801029205322
0.754533052444
0.72998213768
1.14647388458
1.46648812294
0.782454013824
0.708313941956
0.859597921371
0.800343990326
0.722213029861
1.01673603058
1.36135911942
0.788232088089
1.03521704674
0.837922811508
0.840573072433
0.75923204422
0.723583936691
1.3153181076
1.17303299904
1.1847910881
0.883263111115
0.806087017059
0.8171479702
0.813814878464
1.34176301956
1.39457297325
0.771723985672
0.621566057205
0.721546173096
0.748435020447
0.866311073303
0.737195968628
1.06790494919
1.15051007271
0.749564886093
1.20156383514
0.619782924652
0.580010175705
0.641149997711
0.76459813118
0.800930023193
0.599483013153
0.694438934326
1.30079078674
1.46486186981
0.731998205185
0.870012044907
0.720314025879
0.697756767273
0.683387994766
1.07752084732
1.3756737709
0.836360216141
0.92334485054
0.850663900375
0.650074005127
0.636456012726
0.672992944717
0.933017969131
0.719496011734
0.742810964584
0.644448041916
1.08632612228
1.49078893661
1.25746011734
1.35242295265
0.890288114548
0.773819923401
0.954514026642
1.57065010071
1.35225486755
1.119576931
0.636731863022
0.747979164124
0.784065961838
0.971509933472
0.688083171844
1.09399104118
0.691199064255
0.60810303688
0.838315963745
0.853716135025
1.26965093613
1.32909321785
1.46445298195
1.47197604179
0.633371114731
0.773555994034
0.819889068604
0.925586938858
1.18666505814
0.714373111725
0.766763925552
0.757165908813
1.00190591812
0.823150873184
1.01263999939
0.878539085388
0.721892118454
0.699906110764
0.787322998047
0.732434988022
1.30999398232
0.891702890396
0.634509086609
0.835277080536
1.32464981079
1.28457808495
0.763397932053
1.04996180534
0.655117988586
1.22045588493
1.46354389191
0.683485031128
0.788443088531
0.939265966415
0.732572078705
0.76846408844
0.644847869873
0.712136030197
0.640156030655
1.2612080574
1.20414495468
0.995067119598
0.693634986877
0.611904144287
0.69367814064
1.0995631218
1.14779496193
0.836167097092
1.14380717278
0.786908864975
1.24940299988
0.915754079819
0.585919857025
0.62369799614
0.790846824646
0.767488002777
1.04585409164
1.19292783737
0.908493041992
0.903922080994
0.67907500267
0.740859985352
0.964464187622
1.06541109085
0.759521961212
1.39768004417
1.35272097588
0.804577827454
1.21755099297
1.44369888306
0.889240026474
0.596268892288
0.801352024078
0.76284122467
0.904145956039
0.835860013962
0.928461074829
0.786447048187
1.36574578285
1.41659617424
1.10558009148
0.794718027115
0.965719938278
1.35535597801
0.78327703476
0.85906791687
1.14849185944
0.720180988312
0.62498497963
0.748903036118
0.968233823776
0.775431871414
0.835314035416
0.761584997177
1.31305909157
1.04162812233
1.14883804321
0.629108190536
0.852406024933
0.884088993073
0.72789812088
1.12204408646
0.825067996979
0.770059108734
0.660402059555
0.744454860687
0.784550905228
0.7768201828
0.769253015518
0.722990036011
0.684213876724
0.782935142517
0.772083997726
0.757156133652
0.680034160614
0.610012054443
0.695686101913
1.1329240799
1.02571797371
0.77832198143
0.706223964691
0.788554191589
1.12240815163
0.865292787552
0.907863855362
1.02779698372
1.00877189636
0.990889072418
0.889871835709
0.785094976425
0.785104036331
0.835301160812
0.848992824554
1.12847709656
0.764122962952
0.639698028564
0.633376121521
0.679157018661
0.659326791763
0.62868309021
0.867383003235
1.04662084579
0.68452000618
1.22937488556
0.946218013763
0.638200044632
0.571159124374
0.619946956635
0.668159008026
0.632144927979
0.638852834702
0.624444961548
0.59626698494
0.613537073135
0.753206014633
0.697777986526
0.785489082336
0.88801407814
0.927018165588
0.658712863922
0.823763847351
0.733748912811
0.680665969849
0.667546033859
0.653433084488
0.759132146835
0.59931397438
0.966691970825
1.00062894821
0.644396066666
0.698929071426
0.633030891418
0.747335910797
0.588973045349
0.591575860977
0.630958795547
0.5836789608
0.610026836395
0.634196043015
0.646856069565
0.572333097458
0.659174919128
0.637675046921
0.786421060562
0.70552611351
0.714684963226
0.695423841476
0.643967866898
0.578027963638
0.636106967926
0.628846883774
0.575490236282
0.606827974319
0.602738857269
0.605668067932
0.648734092712
0.638329982758
0.827984809875
0.632739067078
0.652248859406
0.586580038071
0.623941898346
0.574725151062
0.544120073318
0.59838104248
0.593224048615
0.615437030792
0.612713098526
0.558650970459
0.637131929398
0.642669916153
0.633913993835
0.624725818634
0.612105846405
0.599811077118
0.583594083786
0.584171056747
0.58232998848
0.597810029984
0.572741985321
0.565862894058
0.618241071701
0.662688016891
