1.31879591942
1.31449508667
1.33055186272
1.35539889336
1.27270007133
1.27945995331
1.26796483994
0.953731060028
0.814768075943
0.723388910294
0.759706020355
0.820149898529
1.26268005371
1.29187083244
1.29319906235
1.16243910789
1.33188009262
1.3451859951
1.27606606483
1.28218197823
1.30759096146
1.31667494774
1.36051988602
1.32345700264
1.29214692116
1.26688981056
1.27938699722
0.997187852859
1.22946810722
1.33243107796
1.30779600143
1.33415198326
1.31440281868
1.31005311012
1.2504119873
1.26954197884
1.2630341053
1.27148413658
1.24227595329
0.998513936996
1.21396684647
0.721200942993
1.25036001205
1.27596116066
1.31777215004
1.302932024
1.36270594597
1.28228211403
1.29481196404
1.35071206093
1.33327293396
1.34562897682
1.32827711105
1.26304197311
1.25897288322
1.25516605377
1.29907107353
1.34239506721
2.10251188278
1.58353996277
1.61714792252
2.92502403259
1.81969404221
1.28412795067
1.2636950016
1.69633316994
1.34418296814
2.53009009361
2.95084190369
2.14095211029
1.6622440815
2.8624060154
1.37203407288
1.72818398476
2.01731514931
2.63713407516
1.76928901672
1.83867287636
1.37063503265
2.71160507202
2.47916698456
1.95647788048
1.74741196632
2.64892101288
1.64588308334
2.04785394669
2.11743378639
2.49881386757
2.11321806908
2.36564016342
2.19714307785
1.90457701683
2.27367997169
1.94554018974
2.3247449398
1.4410071373
1.95172405243
2.13311481476
2.26062607765
2.40196418762
2.09446287155
1.88228797913
2.13384699821
1.76856398582
2.17626714706
1.72815704346
2.33173012733
1.9779920578
1.71745491028
1.99018001556
1.85056400299
1.93255996704
2.18834495544
2.05359792709
2.34912395477
1.69124102592
2.06475520134
2.07251000404
1.66620993614
1.6021130085
1.77210998535
2.24897623062
2.35850095749
1.97356820107
2.65402793884
2.13882923126
1.74391698837
1.7442419529
1.51674103737
2.1751229763
1.86064696312
2.60355710983
1.490899086
1.59821486473
1.47947001457
1.52171897888
1.71812200546
1.83695602417
2.58266782761
1.78481793404
2.29884004593
2.02491092682
2.91566300392
2.57668995857
1.75030899048
1.95667290688
1.63822197914
2.40005993843
1.53060102463
1.56426501274
1.54169797897
1.85121202469
1.99214100838
1.66063594818
1.57524514198
2.03762602806
2.10495209694
1.87909603119
1.56910395622
1.8008480072
1.9796860218
1.77278089523
1.63714599609
1.93558621407
1.9831969738
1.91143107414
2.19144201279
1.99301886559
2.57744193077
2.32826590538
2.05567502975
1.90375518799
1.94757008553
2.35400605202
2.1851580143
2.4796538353
1.71788787842
1.81650114059
2.39263510704
1.94969010353
2.1846408844
1.72318291664
2.123057127
1.94995689392
2.65278577805
2.8214430809
1.66332101822
1.89519715309
2.45529198647
1.67439103127
1.70827484131
1.97920417786
2.16460108757
2.0723400116
2.24186396599
1.54094600677
2.58949589729
1.97559785843
1.77984309196
1.84273719788
2.78622722626
1.75854587555
1.72825717926
1.61181712151
1.89164113998
2.19179916382
2.2474398613
2.00948691368
2.47314310074
2.18735122681
2.57381391525
1.68631315231
1.70315909386
2.27018904686
2.17623496056
2.60759997368
2.10229110718
2.0550391674
1.94527101517
2.23006796837
2.42781305313
1.62001109123
1.60239195824
1.92947912216
1.90807104111
1.64461898804
2.08467698097
1.61188197136
1.7026309967
2.82448601723
2.14315199852
2.30578398705
2.85452699661
2.21784996986
2.266726017
1.91113185883
2.39271712303
1.65310406685
2.29695415497
2.18322682381
2.69563984871
2.61054301262
1.50507283211
1.62699794769
2.49987196922
1.82282996178
1.85044503212
2.1473710537
2.38388180733
2.11310505867
1.67046380043
1.85435605049
1.71533894539
1.87838196754
2.77251505852
2.53486180305
2.63929986954
2.34830498695
2.07000207901
1.98872709274
1.64899110794
1.58106684685
1.71814799309
1.6862578392
2.1846101284
1.99343705177
1.58941483498
1.67076206207
1.70330786705
1.95632982254
1.63449406624
1.67753696442
2.23832201958
2.80253696442
2.37518286705
1.74048495293
1.62069106102
2.50734090805
2.364538908
2.37791705132
1.75631308556
2.61443710327
1.80857276917
2.06283998489
1.70096588135
1.69090104103
1.77663207054
1.50634694099
1.58377790451
2.36665916443
1.76645112038
1.58215785027
1.62064695358
1.75916099548
1.77642393112
1.93533396721
1.96164011955
1.63841986656
2.14167809486
1.86818599701
1.46721506119
1.37282896042
2.21131300926
2.00675702095
1.87037706375
1.46546792984
1.77885699272
1.64518809319
1.7027361393
1.58460402489
1.70988893509
1.79910802841
2.26831197739
2.15231084824
1.63292694092
2.40179586411
1.96402287483
1.56397509575
1.71763205528
1.8907520771
1.78745603561
1.42969799042
2.64940500259
2.10190391541
1.66394710541
2.27621603012
1.89384198189
2.59895300865
1.63354992867
1.74975419044
2.28973603249
2.29449701309
1.8224670887
1.83955001831
2.03218483925
2.01159000397
1.87073588371
1.5771510601
2.62140488625
1.70068597794
1.61941313744
1.55924487114
2.00232791901
2.5968580246
1.60366511345
2.54477500916
2.27934193611
2.06214690208
1.74494695663
1.94311594963
2.37953901291
2.61488080025
1.63334298134
1.49770212173
1.6762740612
1.8567841053
1.67129802704
1.72330713272
1.85014605522
1.76682305336
1.6877219677
1.67292284966
1.59689211845
1.64580702782
1.64081811905
1.5564467907
2.37934494019
2.20160984993
1.67152094841
1.67173099518
3.00398206711
1.9441421032
2.17567205429
1.55201411247
1.65620303154
1.65886878967
2.76766419411
2.3908932209
1.54420518875
1.64436912537
2.7734618187
2.61633706093
1.48961186409
1.60344004631
1.83687186241
2.5988919735
2.20426607132
1.9734120369
1.7115521431
1.48067712784
1.599421978
1.71911597252
1.61180400848
1.97991013527
2.38247895241
1.49451184273
1.77126407623
1.73877096176
1.8728518486
1.77020096779
1.74060797691
1.70368003845
1.64487218857
1.61897301674
1.70498895645
1.88409495354
2.55456900597
2.16132116318
2.0928030014
2.10995197296
1.90256810188
2.54716897011
1.69038915634
1.71809101105
2.11288905144
1.85121703148
2.58822107315
2.19980883598
2.71879005432
2.11974191666
1.79464316368
1.82994508743
1.5780980587
1.69992995262
1.65492296219
1.99521803856
2.13347315788
2.16155791283
1.83225798607
1.59266805649
2.02287483215
2.1290538311
2.02084112167
1.63617396355
1.67989301682
2.46248602867
1.97178697586
2.23367786407
1.77417182922
1.52708387375
2.28796195984
1.94163179398
1.95647287369
2.55453681946
1.87603902817
1.85772705078
1.56785607338
1.58659100533
1.55698299408
1.51367783546
1.92531704903
1.69907593727
1.94673895836
1.98453783989
2.23279905319
1.75437402725
1.9477751255
1.98618388176
1.7386329174
2.52096915245
1.64060306549
1.98606705666
1.84889793396
2.05303311348
1.51380586624
1.63295507431
2.12152504921
1.88998103142
1.66943717003
2.3686978817
2.74854207039
2.1459839344
1.68407511711
2.39907312393
1.51882696152
2.0386030674
1.87156295776
1.7637629509
2.13091111183
1.67878198624
1.66751718521
1.763630867
1.9361000061
1.3379471302
2.12877202034
1.87417602539
2.13331389427
1.42451810837
2.06941819191
1.76040506363
1.82852101326
2.54812502861
2.17080903053
2.76022601128
1.71993899345
2.01180815697
2.08591890335
1.8830370903
1.69998884201
2.0984389782
1.85759997368
2.46684503555
2.29501700401
1.88322782516
1.65035510063
1.74911808968
2.27164697647
1.957228899
1.86291718483
1.94325089455
1.8802819252
2.06984210014
2.18160891533
1.8457570076
1.85243606567
2.12816286087
2.24786806107
2.03571891785
2.03278207779
1.62462306023
1.68912100792
1.91707587242
2.66397809982
2.16037988663
2.95632600784
1.94688892365
1.50726795197
1.63983297348
1.83193397522
1.60980510712
1.51364421844
1.70258307457
1.97625112534
2.37214279175
1.73144507408
1.64584088326
2.48556303978
1.5858039856
1.7544491291
1.62554717064
1.82556796074
1.98614811897
1.46336197853
1.86195492744
1.51043486595
2.35238409042
2.56341314316
1.81343793869
2.39998292923
2.20886301994
2.38782501221
2.54694509506
1.86083698273
2.26284408569
1.91751599312
1.60335206985
2.06296086311
2.84282779694
2.41513800621
2.03271007538
1.47052693367
1.98019385338
1.97221899033
1.50997710228
2.46583819389
2.05747318268
1.83198690414
1.65681004524
1.77198791504
2.8879199028
2.07099699974
1.74723482132
2.043653965
1.85388898849
2.26639795303
1.4494740963
1.86631703377
1.83795905113
1.7304110527
2.2917509079
2.63124084473
1.64270496368
1.62774419785
1.59784793854
1.74697899818
1.60640883446
1.92727303505
1.60731005669
1.59588313103
1.55536317825
2.05307006836
2.79193902016
2.46170377731
1.73986792564
1.90015292168
1.96315121651
1.89667677879
1.86652898788
2.45589494705
2.02149295807
1.69795298576
1.79995179176
1.43795013428
2.0165951252
1.62394094467
2.09612107277
1.81102395058
1.7513051033
1.71546411514
1.77187085152
1.85751414299
1.68060994148
1.67020893097
2.17771100998
1.63568687439
2.52531099319
1.88951301575
1.71503090858
2.38971710205
1.53497004509
1.54288887978
1.81912899017
2.3965818882
2.56724500656
2.81536388397
1.86233305931
2.3818628788
1.91781401634
1.78059506416
1.88045907021
1.68018484116
1.55260682106
1.7476708889
2.17071199417
1.69356489182
1.80066013336
2.57255482674
1.57221913338
2.28687500954
1.71491599083
2.16402196884
1.45586800575
2.0622279644
1.82828783989
1.70982289314
1.87162804604
2.49731707573
1.69241905212
1.58445906639
1.65785908699
1.69448494911
1.71124005318
1.88724994659
2.67804408073
1.74057197571
2.18313503265
1.87064695358
1.94463706017
1.67719316483
1.71576809883
1.81788110733
2.29748296738
2.59365200996
3.06024098396
2.42709803581
2.49378800392
2.37533307076
2.10634088516
1.7715511322
1.79462695122
2.27490305901
2.19475793839
2.13769888878
1.83323192596
1.51726698875
1.65463089943
1.95486521721
1.83027815819
2.48067998886
2.384745121
2.27131605148
1.52987098694
1.80823898315
2.41523385048
1.42914104462
1.71687102318
1.96991610527
1.54301095009
2.75510406494
2.58321690559
1.75824189186
2.57880496979
2.40103602409
2.63476896286
1.90166592598
2.52214384079
2.01017212868
1.63921999931
1.69219398499
1.72724699974
1.75053501129
1.66441392899
1.99550294876
2.39870405197
1.55260896683
1.67297387123
1.7517080307
1.5981221199
2.20720410347
2.49040317535
1.87934494019
1.79316902161
1.5263209343
1.59680294991
1.97090196609
1.65401387215
1.66073703766
1.5291018486
2.1641330719
2.70926785469
2.46193099022
2.40200996399
1.77857804298
1.73979115486
2.41134405136
1.91484498978
1.96712994576
1.90056681633
1.49667215347
1.81379103661
2.32240200043
1.82539582253
1.79156398773
1.79445815086
2.02313303947
2.32455682755
1.8312420845
1.90578603745
1.67746806145
2.02788305283
2.03038215637
1.69909095764
1.5852060318
1.56634998322
1.81212997437
1.92872810364
1.56199193001
2.1606118679
1.81089496613
1.91519904137
2.44041705132
1.80670809746
1.90676498413
1.67764496803
1.88519501686
1.71615600586
1.60083293915
2.17454004288
2.2368221283
2.44545507431
1.55298399925
1.75658392906
1.42555904388
2.61570286751
1.81793308258
1.96988296509
2.04113602638
1.83013415337
2.25494098663
2.1165869236
2.47643899918
2.11727809906
1.92118191719
2.51236987114
1.652105093
1.80955195427
1.96848583221
2.07872819901
1.68997192383
2.56186199188
1.93748092651
1.80649495125
1.75721907616
3.03620195389
1.75054597855
2.3893969059
2.21399211884
2.44446206093
2.22501111031
2.18359398842
1.88646697998
1.85346603394
1.4356482029
1.57279396057
2.52642297745
2.55387306213
2.07827687263
2.16672492027
1.71128606796
1.53625178337
1.97194600105
1.92440700531
2.18435907364
2.21746897697
2.10879707336
1.46948289871
1.73529815674
1.97880411148
1.44999504089
2.618268013
2.04363894463
1.79058289528
2.75711107254
2.86335396767
2.79163002968
1.97733211517
1.74389600754
1.73280692101
1.87887096405
1.88979506493
2.51120209694
2.33487296104
1.80482292175
2.04626703262
2.22310495377
3.0662150383
1.66275310516
2.1033718586
1.89895296097
1.43771719933
2.05887722969
1.6034681797
2.43314790726
2.35710597038
1.48524999619
1.73044490814
1.77264690399
1.77711391449
1.98869085312
2.11009192467
1.75039291382
1.7268781662
1.53337693214
1.73729300499
1.6999270916
1.7870490551
1.79140305519
1.82806301117
1.73200416565
2.49850296974
1.3375351429
1.84980988503
2.39363789558
2.15833187103
1.88256001472
2.21137309074
2.50277400017
1.90062093735
1.80090498924
2.04542803764
1.64021897316
1.79415488243
1.77100110054
2.35799002647
1.83247685432
2.19930791855
2.64884185791
2.42612314224
2.69146800041
1.91107797623
1.61641812325
2.04900813103
2.31343603134
2.2376601696
1.9463429451
1.8497030735
2.47511792183
2.12542200089
1.72805094719
1.94047498703
2.73185992241
1.75748991966
2.27963614464
1.53523516655
1.90748906136
2.81463003159
3.11786007881
2.61458992958
2.6510720253
1.70183610916
2.55335307121
2.35164093971
1.48543095589
1.47181487083
1.54610705376
2.08771896362
2.36195683479
2.56213593483
1.7955801487
1.74082016945
2.4206058979
2.4169459343
2.17408490181
1.83973813057
2.11572885513
2.00018787384
1.66250681877
2.17648601532
1.67070698738
1.77104091644
1.52220988274
1.73483920097
2.10816693306
1.62275600433
1.56802892685
1.55219697952
1.5145611763
1.69170594215
1.61231708527
1.53631520271
1.86306285858
2.46521401405
1.7454059124
2.10325503349
2.18422412872
1.80551290512
1.74886512756
2.30973601341
1.62179517746
3.09131717682
1.98146796227
1.55092716217
1.75723791122
1.49829721451
2.03432798386
2.5607008934
1.73565387726
2.445789814
1.95241308212
1.66917705536
1.61784482002
1.93020987511
2.04356908798
2.58664488792
1.45963311195
1.55181407928
1.87198019028
1.80314612389
2.71661901474
1.90695405006
1.76844596863
1.74185681343
1.6064479351
1.70522618294
1.9282169342
1.64989995956
2.60051298141
1.54148793221
1.47037816048
1.72546601295
1.91358709335
2.10149908066
1.61997795105
2.1589782238
1.60751700401
1.76328492165
2.23941612244
1.89212989807
1.47564911842
1.69535899162
1.69444584846
2.08216404915
1.79374814034
2.23889398575
1.67963385582
1.74026203156
2.2771589756
1.68650794029
2.01110100746
2.20556998253
1.88557291031
1.61645412445
2.76193714142
1.62547206879
1.40340089798
1.77432203293
1.86791706085
1.53619790077
2.25297999382
1.59543609619
1.70928120613
2.38138008118
1.54534101486
1.99858307838
1.56989884377
2.01174998283
1.82052397728
1.72485494614
1.83090186119
2.07113409042
