2.98275995255
1.49575710297
1.51133823395
1.55829381943
1.69068408012
2.54560613632
2.49329185486
1.78808903694
2.2614710331
1.69414710999
1.75073289871
1.60873913765
1.99168896675
3.19007086754
2.30283594131
2.01672506332
2.4500939846
1.73878002167
2.03757596016
2.03016281128
1.96312403679
2.3158659935
2.50822210312
1.92782092094
2.98978209496
1.61491703987
1.91937994957
1.83514618874
2.16630506516
1.93530416489
1.9000658989
1.82315993309
1.85737204552
1.94388985634
2.08020591736
1.92062807083
1.93001294136
2.59312081337
2.82259893417
2.15088486671
2.71922802925
2.30629611015
2.57893610001
1.93113398552
2.51733803749
2.39240694046
2.57270097733
1.93188095093
2.40457510948
2.03363108635
2.61616396904
2.8602180481
2.04959702492
1.90932607651
2.50709104538
2.45161414146
2.13155889511
1.82179689407
3.00640511513
3.34467101097
2.42231607437
2.76743602753
2.52501392365
1.84335398674
2.55302190781
2.54413795471
2.09484291077
2.26518678665
2.11199688911
2.15255594254
2.62394809723
1.88816905022
2.09252715111
2.64893293381
2.81942510605
1.99915885925
1.95991492271
2.36522698402
1.79838490486
1.67879319191
1.90932297707
1.95407390594
1.96618580818
2.07553100586
2.10372400284
1.99899291992
2.02392601967
2.42459011078
1.83398795128
2.65493202209
1.94901704788
1.87772107124
2.64592885971
2.8288359642
1.84842300415
2.70217585564
2.54288387299
1.76333594322
2.31347799301
2.38442611694
2.30124807358
2.30572605133
2.07785892487
2.27290797234
2.24098801613
1.92942094803
3.36445498466
2.23853087425
1.9263510704
2.21024298668
2.41139698029
1.92676901817
2.0201189518
2.38699793816
2.5757958889
2.6814930439
2.82651996613
3.00467085838
2.01991605759
2.0523982048
2.29440283775
2.27131819725
2.39265799522
2.13215303421
2.72338199615
2.62231779099
1.90163397789
2.06194496155
3.10777497292
2.64597082138
2.18891119957
2.21741199493
2.12787079811
2.2950720787
2.88981890678
1.96833705902
2.98110508919
1.97931408882
1.74338507652
2.57961606979
2.43722200394
2.07008194923
2.43408083916
2.21346592903
2.61320114136
2.54509687424
2.44918394089
1.84877300262
1.91565108299
2.40927100182
2.78908395767
3.0993950367
1.87537097931
2.07882905006
2.3472700119
2.2537021637
2.21055603027
2.64997792244
2.01960802078
2.33795714378
2.3875977993
2.49913787842
2.97548913956
2.20169901848
2.37384414673
2.21799898148
2.52611708641
1.979170084
1.96980690956
2.34098386765
2.16038918495
2.45657277107
1.97026109695
1.74817109108
2.81303501129
2.5410990715
1.77353906631
1.88280010223
2.67155194283
2.40654206276
2.42934989929
2.11853504181
2.47552800179
2.78391098976
2.38903188705
1.98043394089
2.51902294159
1.93269705772
2.68166399002
2.60778212547
2.25552916527
2.81524395943
2.42513608932
2.17896413803
2.04754495621
2.23248815536
2.29076004028
2.35633707047
2.00568509102
1.99405884743
1.87889504433
2.00149583817
2.05421805382
1.97305321693
2.15347695351
2.14079117775
2.05304408073
1.88251900673
2.54703903198
1.81973910332
1.82155895233
2.67728209496
2.3352367878
1.90104007721
1.69392585754
2.97927308083
2.55202698708
1.97268104553
2.4684650898
1.8664329052
1.78813815117
1.89397287369
2.5273039341
2.42021489143
2.14819312096
2.20387291908
1.98302912712
3.41195511818
3.25504207611
2.87883496284
1.86728000641
1.72695493698
1.64392709732
1.70016217232
2.27654600143
2.24548697472
1.94864797592
2.21368288994
2.13130378723
1.79068589211
2.9387049675
2.02573990822
2.54677391052
3.20879602432
2.29847407341
2.38471007347
3.47044301033
3.22299194336
3.1632668972
2.80562901497
2.39413785934
1.96312785149
1.67951989174
2.74587893486
2.92644691467
2.29344201088
1.9828851223
1.95240998268
2.67693305016
3.07071709633
1.91633820534
2.07956600189
2.1251449585
2.16196393967
1.93773388863
1.92002081871
1.85409283638
1.69964599609
1.87486004829
1.62893605232
2.57404208183
1.9609940052
2.05287194252
1.91241312027
1.69211006165
1.70775699615
2.3746368885
1.83669900894
3.68664288521
1.88513803482
2.70679402351
2.06286883354
2.357172966
2.22346496582
2.09484910965
2.1438190937
1.98822283745
1.96430802345
2.03157901764
3.08894610405
2.01257991791
1.91786193848
1.95075702667
2.36476612091
1.85119390488
2.1302280426
1.95936107635
1.98042798042
1.76243805885
1.92276120186
1.80521392822
2.44552898407
3.15180802345
2.99553918839
2.38104391098
2.32087612152
1.9919757843
2.11192202568
2.23162889481
1.91845297813
2.5619790554
2.43898320198
3.40531396866
1.77441883087
2.08751988411
1.74531197548
1.7450067997
2.1138241291
2.6541929245
2.21928715706
2.73194479942
2.89782094955
3.12012887001
2.59353494644
2.90409302711
2.83225107193
1.93754601479
1.87972712517
1.72657394409
1.77227401733
3.22437500954
2.80349111557
2.37691402435
1.87424516678
1.7650039196
2.44529795647
2.44620680809
2.05249714851
1.95215415955
2.30226707458
1.60395407677
1.8485929966
2.32508587837
3.33800792694
2.17847800255
2.28868913651
1.8731751442
2.0828461647
1.89284110069
1.85656809807
1.72525310516
2.5216999054
1.96353292465
1.76038002968
2.34409379959
2.11649513245
2.76474308968
1.92795300484
2.67752385139
2.22824716568
1.9275701046
2.68063592911
2.22564792633
2.54107904434
3.10224294662
2.4786260128
2.06250977516
2.58929014206
2.34950113297
1.88568401337
2.76019001007
2.06759595871
1.86955976486
1.85232496262
2.02663493156
1.71449995041
2.06311583519
1.9110250473
1.91960501671
2.59864592552
2.03020310402
2.60019803047
2.51994180679
1.63893914223
2.11611318588
2.37098193169
2.47903108597
2.18997001648
2.10658288002
2.23869109154
2.69580507278
2.83024096489
2.72669005394
2.66600298882
2.32451796532
2.6436829567
2.66269183159
1.9724779129
2.66432595253
2.69313716888
2.81314992905
2.724599123
2.70161604881
1.82484602928
1.89365792274
2.48813605309
1.71087598801
1.91964793205
1.85991287231
2.88812208176
1.86214590073
1.87109303474
1.77554011345
3.23893022537
1.84592199326
1.91750192642
1.99186396599
1.95301103592
2.77320694923
2.9572429657
2.32598400116
3.01282906532
2.68807792664
2.04272913933
1.96681499481
1.80478405952
1.95325994492
2.57391309738
2.67501187325
1.65163087845
1.76508307457
1.75037002563
1.78921484947
1.84381914139
1.77531504631
2.21973514557
2.23100805283
1.83334302902
2.65633296967
1.73730111122
1.7866859436
2.47064805031
2.74557900429
2.77762699127
1.96289420128
1.74130988121
1.82961988449
2.78161001205
2.03957796097
2.61405897141
2.48223400116
2.38223814964
2.13374900818
2.60736083984
2.61565995216
3.07959198952
3.1157181263
2.5833029747
2.70250201225
2.54103279114
2.8294699192
2.03708815575
2.28785300255
1.6986451149
2.31548714638
2.16670012474
2.4928920269
1.85085511208
2.53939414024
2.97123003006
1.82926511765
2.31779003143
1.99939608574
3.18304610252
1.89751887321
2.04497408867
2.31682300568
2.83990716934
2.73421192169
1.90307712555
1.7962539196
1.92686986923
2.83917307854
2.53143215179
2.09397006035
2.63664984703
2.07314705849
2.55139994621
3.18080997467
2.38754582405
1.94218611717
2.98024988174
2.15913486481
2.16662406921
1.86916995049
2.22659301758
1.8347401619
2.82972407341
2.24162793159
2.00467514992
2.13605880737
2.49400997162
2.21998286247
2.42165899277
1.92412114143
1.76203799248
3.31063914299
2.42797398567
2.0290119648
2.66662788391
1.77824306488
3.03272104263
2.71389102936
1.5947291851
2.44833612442
2.49271893501
2.02324295044
2.23832583427
2.45948791504
2.13988089561
1.92141318321
2.53823709488
2.36969709396
2.25725507736
3.02804398537
3.10468006134
1.79695105553
1.77357983589
1.8405148983
3.05839586258
2.89372587204
1.88694882393
1.81648492813
2.03885602951
2.88428711891
2.70391583443
2.14292097092
1.8933699131
2.36170887947
1.94783997536
1.95166897774
1.75730204582
1.91771197319
1.91538596153
2.08623194695
2.13102722168
1.98470401764
3.52549600601
2.17736196518
1.78837108612
2.67772889137
2.7894859314
2.31320095062
1.80891704559
2.08946204185
1.99303412437
1.97293996811
2.58032679558
1.98880004883
1.84859418869
1.86803102493
2.88748812675
1.61985087395
2.07417297363
2.07143688202
2.72686195374
1.91341400146
1.556609869
2.41830205917
2.66188097
1.87665891647
1.90916991234
2.00680708885
2.34748721123
2.13813591003
2.08662486076
2.65333294868
2.18976616859
2.7024948597
1.98877716064
1.71796917915
1.78813409805
2.0594830513
2.45672893524
2.21694302559
2.34900522232
2.72350502014
2.13050603867
1.81667113304
2.7119140625
2.49380087852
2.8082780838
1.92686510086
1.9298248291
1.96474194527
2.16929101944
1.87404990196
2.86595702171
2.38923287392
2.40932798386
2.44264101982
2.14138102531
2.1637468338
2.72043418884
3.65625405312
2.40844511986
1.7107000351
2.89786505699
2.07606196404
1.96412777901
2.17293906212
3.21473503113
2.25920295715
1.97898793221
2.05696296692
1.9785130024
2.29321312904
2.12020611763
2.78526997566
2.63931798935
2.45243692398
2.21884989738
2.69925689697
3.22185516357
2.81452989578
2.38186192513
2.50038814545
3.59977507591
2.26483988762
2.67725801468
2.21373701096
1.81753993034
2.21916294098
1.9513130188
2.13910388947
1.94582390785
1.80046486855
3.12487602234
2.94269299507
2.29950094223
2.13096904755
2.3519589901
2.32912898064
1.86095905304
3.12748599052
2.01290798187
3.07627606392
2.97396206856
2.03412604332
2.28080701828
2.31959104538
2.69063901901
1.82538199425
3.35142087936
2.19017004967
2.45433616638
1.87446093559
1.8551940918
3.07557702065
3.22439408302
2.66957402229
2.63611602783
1.8650329113
1.78709506989
2.373005867
2.20470905304
2.03216099739
2.33404922485
2.03631997108
3.02333807945
2.80776596069
2.47022104263
2.28121089935
2.24120116234
2.25461196899
3.39003014565
1.82842493057
2.58590102196
1.95914506912
2.59817004204
1.93832492828
1.75610089302
1.88424777985
2.65027093887
1.79980278015
1.84405303001
1.741314888
2.26365399361
2.43668985367
2.37904906273
2.17996501923
2.36058115959
2.27595305443
2.65568304062
2.07067418098
1.89705705643
1.85761809349
1.92196297646
3.12451791763
2.01074004173
2.22846007347
1.85786008835
2.06025695801
1.84030389786
3.02318501472
1.84016990662
2.96544098854
2.3578081131
2.11843204498
2.02375602722
2.27449393272
2.35217809677
2.36282801628
2.05171608925
2.06419110298
2.13436388969
1.62632489204
2.53740286827
1.97683787346
2.01105999947
1.8168129921
1.99717307091
1.77975106239
1.89170789719
2.36452698708
2.45017004013
2.10525798798
1.87586212158
1.94969892502
3.16364502907
2.42721509933
1.73376512527
2.31141901016
2.93873310089
2.23630094528
1.52935910225
1.86696195602
1.89577698708
2.43039417267
2.62246084213
1.86975479126
1.90491700172
2.38309502602
1.84896183014
2.73414778709
1.90080189705
2.13506889343
2.55410885811
2.36086010933
2.40767908096
2.28244590759
1.70682382584
2.03854393959
1.94192409515
2.00340294838
2.26077389717
1.94967412949
2.58906602859
2.11668801308
2.07480502129
1.82359409332
1.75527906418
2.53551292419
2.47782301903
2.92720103264
3.53738498688
2.69353818893
2.75910305977
2.93193793297
1.97563004494
1.81903576851
2.06575608253
1.84276795387
2.30255484581
2.14298605919
1.90382885933
2.64600014687
2.10412478447
2.21510696411
2.58087301254
3.19630503654
1.80535697937
3.62948012352
2.74353098869
1.7110991478
1.89347481728
2.27934002876
2.64218091965
2.13789796829
2.86389398575
1.72001385689
1.94046783447
1.7583129406
2.75779104233
2.33517599106
2.40579104424
2.42120504379
2.96428084373
2.15864491463
2.24051594734
2.43059492111
1.91440701485
1.9602098465
1.90970802307
1.82799386978
2.20318603516
2.68850588799
2.66691684723
1.96064186096
2.5869140625
1.91218805313
2.32915902138
2.80736899376
1.88828396797
2.57215309143
2.9689719677
2.39770317078
1.98617196083
1.59259700775
1.8214969635
1.89209198952
2.09095191956
1.98700284958
1.71810889244
1.7850060463
1.80839896202
1.88158798218
1.55339407921
2.00294589996
2.47004699707
1.70241189003
2.09753084183
1.72958302498
1.71444106102
1.96764183044
2.48826098442
1.75793600082
3.2750749588
2.14361095428
1.93755102158
2.55746603012
1.90890002251
2.54258990288
1.9285299778
2.06667208672
2.56596398354
1.80694389343
1.63433218002
1.94483208656
2.04444289207
1.61861205101
1.97038984299
1.70415401459
1.93857502937
1.95366096497
1.57383394241
2.97539901733
2.49637794495
1.93843603134
1.87926292419
2.05992388725
1.60900306702
1.67816400528
1.74556803703
2.00339794159
2.09449410439
2.19156599045
2.02581000328
1.70488095284
1.61582994461
1.81457400322
1.81239795685
1.92715096474
1.92447495461
1.71454405785
2.05663180351
2.59976911545
2.03218889236
1.88997101784
2.06350278854
1.76094007492
1.86011791229
1.68735909462
2.99230384827
2.15367794037
1.71389889717
1.85794901848
1.76341199875
1.83601498604
2.36702513695
1.8545601368
3.16004800797
2.29779195786
2.12111401558
3.17049598694
2.69808387756
1.96222400665
3.00411701202
2.8384449482
2.12298417091
2.71554112434
2.05955910683
1.87787389755
1.6151881218
2.14974594116
2.29624795914
2.82081723213
2.12612318993
1.82833600044
2.55383205414
2.51218008995
1.76287102699
2.41721200943
1.89186787605
1.52896213531
1.78856682777
2.34497213364
1.84455609322
1.86084389687
2.13187384605
2.02323198318
2.14105582237
1.78503894806
1.88382411003
2.16824007034
2.75887608528
2.14301490784
3.02747297287
1.71479201317
1.7130010128
1.89660000801
1.56523704529
1.86370396614
2.34315085411
2.35951495171
1.6292321682
2.27993011475
2.20434713364
2.4250831604
1.62092494965
2.49311995506
1.83654117584
1.85354113579
2.00213193893
1.92320394516
1.48538208008
1.55219197273
2.93064308167
2.16061306
1.54320597649
1.51368999481
1.59127902985
1.6760840416
1.63075995445
1.49881100655
1.68557500839
1.52669906616
2.23074698448
1.94709300995
1.72499012947
2.2000310421
2.22720503807
1.75379300117
1.61070513725
1.65823912621
1.63224887848
1.63669085503
1.90420103073
1.65831112862
1.93230700493
1.70160794258
2.75423407555
3.03355193138
2.25757098198
2.33205509186
1.71326208115
1.61015796661
1.52778720856
1.68399095535
1.74701285362
1.51765918732
1.94454813004
1.62050509453
1.81564712524
1.49272704124
1.62660217285
1.96018886566
1.55261898041
3.3615489006
3.35793399811
2.6954369545
1.62163090706
1.54093194008
1.76037406921
3.16051793098
2.67788290977
1.90438914299
1.53503012657
1.90263390541
1.72032189369
