1.53109002113
0.987645149231
0.71542596817
0.745289802551
0.974391937256
0.696254968643
0.663352012634
0.845351934433
0.62924695015
0.65586400032
0.743813991547
0.647053003311
0.645098924637
0.611950874329
0.646847963333
0.609224081039
0.676799058914
0.694799900055
0.703577041626
1.2183971405
0.980597019196
0.756682872772
0.75841999054
0.719429969788
0.63173699379
0.612673044205
0.816716909409
0.568985939026
0.648354053497
0.646337985992
0.674711942673
0.721976041794
0.698647975922
0.665323019028
0.759157180786
0.650783061981
0.838297128677
0.71626496315
0.743117809296
0.794419050217
0.663837909698
1.07886195183
0.800712108612
0.684770107269
0.720593929291
0.865696907043
0.598207950592
0.718994855881
0.666054964066
0.66051197052
0.832134008408
0.798326015472
0.723922014236
0.634778022766
0.784035921097
0.635722875595
0.625597000122
0.667898178101
0.711465120316
0.639950037003
0.798332929611
0.698820114136
0.71205997467
0.659806013107
0.770425081253
0.669293165207
0.849902868271
0.671044826508
1.09213113785
1.31156396866
0.714927911758
1.27978992462
0.808614969254
0.654682159424
0.605158090591
0.672553062439
0.720403909683
0.75639295578
0.696851968765
0.794204950333
0.608737945557
0.92934179306
0.704663038254
0.643431901932
0.60588312149
0.70437002182
0.63858294487
0.791103124619
0.827347040176
0.672102928162
0.668093919754
0.700483083725
0.837060928345
0.880202054977
0.957409143448
1.10457897186
0.845763921738
0.811299085617
0.672559976578
0.637945175171
0.727982997894
0.977648019791
1.25475597382
0.684237003326
0.663698196411
0.733069896698
0.90781712532
0.685036897659
0.89205288887
0.644459962845
0.89546585083
0.713207006454
0.67568898201
0.693919897079
0.735770940781
0.904528141022
1.42239189148
1.77657294273
1.17598700523
1.24537396431
0.716718912125
0.712414979935
0.742841005325
0.860831022263
1.23172998428
1.15951013565
0.852387189865
0.712083101273
0.843167066574
1.00713706017
0.887274980545
0.9437520504
1.11474394798
0.679155826569
1.14867591858
0.714406967163
0.700436830521
0.834640979767
0.782450199127
0.829164981842
0.754436969757
1.25398302078
0.807536840439
0.855558872223
1.40638709068
1.1129720211
0.893656015396
0.937947034836
0.656867027283
0.97185587883
1.15850019455
0.818751096725
1.24000287056
0.78716301918
0.731142044067
0.700569152832
0.882889986038
1.21340894699
1.49301195145
0.928839921951
0.836233854294
0.828965187073
0.751954078674
0.837614059448
0.951732158661
0.955440044403
0.743234872818
0.777186870575
0.871448040009
1.50716900826
1.17486095428
0.752201795578
0.973535060883
0.828554868698
1.29802083969
1.39123606682
1.20743393898
0.85111284256
0.866740942001
0.789359092712
0.815747976303
0.743457078934
0.761636972427
0.837604999542
0.821794033051
0.813802957535
0.75422000885
0.812090873718
0.945091962814
1.13974189758
1.04041290283
0.71903014183
0.942656040192
1.10882210732
0.910853147507
0.973476886749
0.93412899971
0.919539928436
0.849695920944
0.886121988297
0.853917121887
0.898733139038
1.4693570137
1.10538387299
1.29253005981
0.955174922943
0.986003160477
0.872036933899
0.834589004517
0.837647914886
1.33423995972
0.804189920425
1.58975195885
1.15877509117
0.850650072098
0.804589033127
0.657196044922
0.694685935974
1.11101198196
1.00057387352
0.985804796219
1.01783800125
1.22194814682
0.840037822723
0.858869075775
1.12399697304
0.875066995621
0.853286981583
1.2826731205
1.51758313179
1.14583802223
0.833921909332
0.895135164261
1.44644808769
1.15630912781
1.04760193825
0.845911026001
1.01528787613
1.15766906738
1.01816701889
1.1299829483
1.12043786049
0.882045984268
0.993637800217
0.988389968872
0.847188949585
1.25884103775
1.58328700066
1.30182480812
1.51431298256
1.24089002609
1.4075717926
0.863674879074
0.727746009827
0.817300081253
1.22258710861
0.78427696228
0.645858049393
0.638359069824
0.894619941711
0.817243099213
1.08662009239
0.938731908798
0.813423871994
0.866724014282
1.09999108315
0.844894886017
0.817054033279
0.728027105331
0.88423705101
0.784260988235
0.880913972855
1.42154693604
1.35369300842
1.36314201355
1.37409996986
0.873814105988
0.804080963135
0.853331804276
0.921804189682
1.03363490105
1.45182800293
0.881490945816
0.814590930939
0.813689947128
0.896111965179
0.973232984543
0.777462005615
1.01130819321
0.868967056274
1.0884308815
0.721693992615
0.916407108307
1.06230306625
1.56071686745
0.958448171616
0.839622020721
1.33096313477
0.918627023697
1.39757704735
0.885229825974
0.990121126175
1.01377487183
1.38205695152
1.16798901558
1.37714409828
1.26249885559
1.13413310051
1.10470700264
0.940153837204
1.38623404503
1.03771615028
0.914978981018
0.782232046127
0.990807056427
1.02313995361
1.4853618145
1.07120800018
0.855556964874
1.02226996422
1.46378898621
0.924880027771
0.993127822876
1.10055589676
0.862680912018
0.799257993698
0.787096977234
1.10134387016
1.21196222305
0.918566942215
1.15705800056
1.1796901226
1.05012202263
0.869580984116
0.895895004272
0.80325293541
0.805038928986
0.84196305275
1.10526180267
0.936464071274
1.00606489182
1.15355110168
1.28746199608
1.46739912033
1.50219988823
1.12473988533
1.13646197319
1.28594899178
1.1564540863
1.14888310432
1.27714586258
1.00324106216
0.941753864288
1.08475708961
0.864686965942
0.969307899475
0.896239042282
1.23294115067
0.883406877518
1.1928319931
0.83086681366
1.15059399605
0.911886930466
1.36240386963
0.864041805267
0.932401180267
1.02315497398
0.797125101089
1.18977308273
1.06868195534
1.25576496124
1.2708799839
0.874899864197
0.898708820343
1.06719183922
1.3875079155
1.47265601158
1.30056905746
0.973114013672
1.2060520649
0.861270904541
0.869014978409
0.947627067566
1.40093803406
1.3903901577
1.13409900665
1.24199199677
1.01434588432
0.741389989853
0.828459978104
0.848133802414
0.864773988724
0.817784786224
1.04246377945
0.80322098732
0.816087961197
0.688498020172
0.84498500824
1.06146502495
1.01816105843
1.05950593948
0.93223118782
1.07658696175
0.801502943039
0.877318143845
0.832249879837
1.00110697746
0.82622885704
0.920547008514
1.14232301712
1.56243085861
0.844564914703
1.23390388489
0.934022188187
0.890201091766
0.875506162643
1.53753209114
1.09938597679
0.88108587265
0.738888025284
0.865753889084
0.757779836655
1.41032409668
1.42000102997
1.03487586975
0.851765871048
1.37006998062
1.31436300278
1.12616705894
1.76041483879
1.05723404884
0.738913059235
1.23297405243
1.21600604057
1.0370080471
0.652881145477
1.29883003235
0.902631044388
1.2428381443
1.19548296928
1.27290201187
0.882802963257
1.6088540554
1.15730714798
1.44326806068
0.877960205078
0.916445970535
0.869455099106
0.750298023224
0.932149887085
1.28899407387
1.36126899719
0.861982822418
0.916568994522
0.999634027481
0.929234027863
1.11878991127
1.11677002907
0.858803033829
0.912383794785
0.967844009399
1.08930706978
1.03005695343
1.08476090431
1.09122300148
1.46434283257
1.32482290268
1.25662398338
1.01421403885
1.15542578697
0.830946207047
1.13001894951
0.919163942337
0.950002193451
0.931505918503
0.947141885757
1.1459171772
0.763044834137
1.19213795662
1.03638911247
1.40495896339
0.78963303566
1.21092009544
1.05634713173
0.918509960175
1.15127706528
0.99162197113
0.820808887482
1.04910802841
0.934474945068
0.99510884285
1.23481106758
1.2595140934
1.01799488068
0.896204948425
1.4096159935
0.903162956238
1.27306580544
0.881374120712
1.08069610596
1.52237892151
1.3536939621
0.868108987808
0.894646883011
1.29040002823
1.37897801399
1.16579413414
1.25029802322
1.07130813599
1.32411289215
1.15471792221
0.994449853897
1.00365495682
0.872611999512
1.22380399704
1.22261190414
1.40464186668
1.2053899765
0.971210002899
0.9569439888
0.829775094986
1.30946302414
0.88543510437
0.942217826843
0.926671028137
0.879065990448
0.895529031754
1.35617113113
1.06434702873
1.19047784805
0.950670003891
1.2885389328
0.9324259758
1.4664349556
1.01075196266
0.921206951141
0.973725795746
1.01828289032
0.824921131134
1.38114905357
1.03257203102
1.05552196503
0.924246072769
0.791434049606
1.30302286148
1.31214904785
1.23949193954
0.931504964828
1.00558114052
1.31933999062
1.35507392883
0.934058904648
0.917577981949
0.837561130524
1.01535582542
1.37996101379
1.28158211708
0.942893981934
0.794437885284
0.683638095856
0.969738006592
1.32292199135
0.866282939911
0.849570989609
0.804046154022
0.981862068176
1.00483083725
0.993541002274
1.21075201035
0.970908880234
0.809489011765
1.25073814392
1.30424404144
1.40168809891
0.918117046356
0.943086147308
1.23702692986
1.09378290176
0.908632040024
0.8747382164
1.2220158577
0.929735898972
1.23259305954
1.19977402687
0.851322889328
0.809664011002
1.10815095901
0.997570991516
1.12088990211
1.28970503807
1.11067986488
1.3121240139
0.923365116119
0.794856071472
0.66165304184
0.756680965424
0.886750936508
1.27062988281
1.19294190407
1.03293514252
1.27407217026
1.37986087799
0.828620910645
1.26232409477
1.26577019691
0.858995914459
1.08729696274
0.865388154984
1.13431596756
1.23832893372
1.00740289688
0.965299844742
0.907893896103
0.803904056549
0.750679016113
0.756849050522
1.17186284065
1.35757493973
1.46525502205
1.15710902214
0.770534992218
0.920511960983
1.22779607773
0.749336004257
0.850953102112
0.726369857788
0.71783208847
0.98601102829
1.12564301491
1.36129307747
1.72396111488
0.813097953796
0.672538995743
0.716479063034
0.806735992432
0.868873119354
0.849353790283
0.771461009979
1.10681414604
1.3188560009
0.973384141922
0.864770174026
0.792958974838
0.841701030731
0.928246021271
0.755771875381
0.88929104805
0.877887964249
0.958625793457
0.914949178696
0.90504193306
1.03431797028
1.49858593941
1.3739027977
1.3503780365
1.30073308945
0.77797293663
0.925020217896
0.883443832397
0.795660972595
1.08748793602
1.42109894753
1.33225989342
1.28391289711
1.23314809799
0.851506948471
0.812878847122
0.934624195099
1.12699890137
1.2488079071
1.09510493279
0.819108963013
0.755145072937
0.856237888336
0.958132982254
0.812525033951
1.0330748558
0.894908905029
0.808084011078
0.889039039612
0.667325019836
1.05024409294
0.849626064301
1.0602118969
0.789416790009
0.882762908936
1.13960695267
1.37514901161
0.962903022766
0.65802693367
0.811663150787
1.09759616852
0.993566989899
0.867919921875
1.42032814026
0.80489397049
0.6873691082
0.815626859665
0.897614955902
0.913690090179
0.941082954407
0.994892120361
1.58506393433
0.998151063919
0.87148809433
0.766925096512
1.28374695778
0.946144104004
0.972104072571
0.735801935196
0.86509513855
0.894594907761
1.04484295845
0.976180791855
0.898534059525
1.06486010551
0.866801977158
0.81040096283
0.799075841904
1.25463700294
0.976238012314
1.07563304901
1.45172309875
0.811553955078
1.09279203415
1.11385703087
0.824385881424
0.736674070358
0.920730829239
1.58248305321
1.44024610519
0.927230119705
1.12059497833
0.841106176376
1.00913190842
1.0706179142
0.849987030029
1.56347608566
1.08992004395
0.82874917984
0.937939167023
0.795016050339
0.757565021515
1.05012702942
1.18592190742
0.861279964447
0.663589954376
0.81280207634
0.795012950897
0.83145403862
0.738237142563
0.709100008011
0.711040019989
0.96787405014
0.779520988464
1.10248208046
0.671132087708
0.900055885315
0.71545791626
0.863452911377
0.860985994339
1.08097505569
1.46924686432
1.52260708809
0.98145699501
0.755723953247
1.39952206612
1.4471449852
1.47474098206
1.52161192894
1.22458791733
1.25412082672
0.60452914238
0.803054094315
0.734639167786
1.19570803642
1.34239983559
0.792634963989
1.21263599396
1.43463277817
1.12236905098
0.846067905426
0.867477893829
0.687838077545
1.27186608315
0.764768838882
0.748669862747
0.719757080078
1.18937301636
0.817661046982
1.13991498947
0.896255970001
0.878617048264
0.618949174881
0.659675836563
1.07248902321
0.827928066254
0.829608201981
1.07463002205
1.42606592178
0.954858064651
0.800370931625
0.675641059875
0.798613071442
1.34405088425
1.02574801445
1.60411190987
0.720603942871
0.728269815445
1.34940004349
1.43971705437
0.935338973999
0.803133964539
1.48029208183
1.08062696457
0.922867059708
0.932253837585
0.833826065063
0.695419788361
0.757572889328
0.953788995743
0.739250183105
0.703835010529
1.14372205734
0.908440113068
0.960630893707
0.729027986526
1.15208601952
1.12366223335
1.38097906113
1.30815792084
0.72713303566
0.816804170609
1.14709210396
1.23315501213
0.748924970627
0.818150043488
0.724847078323
1.47294688225
1.54786586761
0.823960781097
1.23844194412
0.837472915649
0.968952894211
0.785710096359
0.789045810699
1.12030982971
0.851063013077
0.872309923172
0.631400108337
0.684640884399
1.17158007622
1.16008710861
0.833266973495
0.802314996719
0.766489028931
0.832123041153
1.431620121
1.00170087814
0.879946947098
0.800501823425
0.874830961227
0.704119920731
0.630378007889
0.813602924347
0.989776134491
0.911288976669
1.14632296562
0.820204973221
0.974478006363
1.01522994041
1.06172013283
0.870431900024
0.81370806694
0.887703895569
0.944181203842
1.19472098351
0.748064994812
0.762290000916
1.1354598999
0.944924116135
0.910149812698
0.980713844299
0.85175204277
0.924427986145
1.09389305115
0.820845842361
0.793579816818
0.755853891373
0.957761049271
0.957412958145
0.968094825745
0.964124917984
0.900901079178
1.08322501183
1.23963093758
1.25007104874
0.984059810638
0.954263925552
0.76106095314
0.872211933136
1.46261405945
0.860754966736
0.754615068436
0.720881938934
0.820648908615
0.947588920593
0.850957870483
0.725717067719
1.08207201958
1.09069609642
1.52295398712
0.967486143112
0.845439910889
0.692685127258
0.681401968002
0.745089054108
0.848806858063
1.00267100334
0.839377880096
1.07412791252
1.46318387985
1.5539700985
0.906639099121
0.831317901611
1.18300700188
0.700680017471
0.714498996735
0.717636823654
0.733076095581
0.685347795486
0.760699987411
0.75628900528
0.877068996429
0.752741098404
0.638108968735
0.680338144302
0.620090007782
0.767917871475
0.717992067337
0.714698076248
0.816056013107
0.701875925064
0.681041955948
0.591981887817
0.802994966507
0.776571989059
0.789022922516
0.735836029053
0.711270093918
0.59644317627
0.746253967285
0.639093875885
0.703252077103
0.672081947327
0.648195028305
0.762053012848
0.704292058945
0.613234996796
0.696133852005
0.606122970581
0.691948890686
0.67466711998
0.651507854462
0.60721206665
0.642660140991
0.630018949509
0.623908042908
0.709716081619
0.632668972015
0.65918803215
0.635647058487
0.707593917847
0.718200206757
0.742072105408
0.7310090065
0.684812784195
0.704787015915
0.655253887177
0.678964853287
0.729166030884
0.656916856766
0.679923057556
0.700824975967
0.757486820221
0.653657913208
0.601664066315
0.632066011429
0.681973934174
0.650679111481
0.660507917404
0.709097862244
0.654695034027
0.700827121735
0.627478837967
0.633795976639
0.677500009537
0.64167881012
0.718349933624
0.661962985992
