0.697670936584
0.690334796906
0.688103914261
0.794354915619
0.726536989212
0.741796016693
0.67628288269
0.684166908264
0.792807817459
0.725107908249
0.65797996521
0.679022073746
0.773576974869
0.690002918243
0.704738140106
0.713701963425
0.744247913361
0.678768873215
0.703003168106
0.740223884583
0.75102686882
0.753335952759
0.511475086212
0.442797899246
0.36181807518
0.359855175018
0.413323879242
0.376274824142
0.395812988281
0.381333827972
0.367340087891
0.406454086304
0.407841205597
0.379500865936
0.395143032074
0.417423963547
0.423184871674
0.507622003555
0.393586874008
0.38640999794
0.689489126205
0.629010915756
0.764446973801
0.792756080627
0.710350036621
0.712821006775
0.677356004715
0.722290992737
0.790371179581
0.675967216492
0.533807992935
0.671052217484
0.699856996536
0.457216978073
0.650569915771
0.503900051117
0.57889008522
0.488138198853
0.745533943176
0.705751180649
0.597143173218
0.695491075516
0.597478866577
0.378322124481
0.478783845901
0.65168595314
0.652894973755
0.649857997894
0.668580055237
0.570628881454
0.580596923828
0.435340166092
0.621201038361
0.660765886307
0.506093025208
0.656399011612
0.69638299942
0.790635824203
0.70236492157
0.695478916168
0.684599161148
0.742561101913
0.577027082443
0.720664978027
0.703747987747
0.700914859772
0.680742025375
0.637412071228
0.728646993637
0.731072902679
0.718573093414
0.707800149918
0.625457048416
0.672843933105
0.709356069565
0.636343955994
0.702359199524
0.694584846497
0.812153100967
0.606393098831
0.567009925842
0.428437948227
0.571506977081
0.735666036606
0.677833795547
0.681225776672
0.655943870544
0.664149045944
0.691338777542
0.721710920334
0.742705106735
0.704436063766
0.753600120544
0.758814096451
0.734209060669
0.704738140106
0.648478031158
0.565160036087
0.544615030289
0.72661614418
0.59052491188
0.695260047913
0.635929822922
0.712226867676
0.71070098877
0.744829893112
0.707872152328
0.695421934128
0.780261993408
0.744484901428
0.719549179077
0.647154092789
0.742864847183
0.744404792786
0.687438011169
0.814476966858
0.864732980728
0.757282018661
0.705553770065
0.744850158691
0.681387901306
0.777744054794
0.755028963089
0.788743972778
0.791808843613
0.73445892334
0.69212603569
0.372651100159
0.491894960403
0.56253695488
0.680050849915
0.581538200378
0.666676998138
0.775107145309
0.575655937195
0.534113168716
0.706506967545
0.713172912598
0.741019010544
0.660264015198
0.705615997314
0.676848888397
0.613040924072
0.632894039154
0.725745201111
0.768759965897
0.655192136765
0.748839139938
0.578143835068
0.758657932281
0.718611955643
0.600390911102
0.400145053864
0.402141094208
0.458112001419
0.397789955139
0.399770021439
0.414427995682
0.385982036591
0.388130903244
0.438807964325
0.391517162323
0.399748086929
0.415733098984
0.525349855423
0.472744941711
0.683007955551
0.412717103958
0.404194116592
0.576084852219
0.711865901947
0.513998031616
0.572139978409
0.678472042084
0.755873203278
0.722658872604
0.677513122559
0.739380121231
0.645488023758
0.659673929214
0.855379104614
0.745201826096
0.78005695343
0.732699871063
0.858893156052
0.739804983139
0.826312065125
0.783766031265
0.755975961685
0.704459905624
0.762902021408
0.816245079041
0.802018165588
0.751851081848
0.751029968262
0.806123018265
0.732296943665
0.78891992569
0.76143693924
0.85609292984
0.864334821701
0.812362909317
0.852900028229
0.763745069504
0.767158031464
0.845010995865
0.784904003143
0.760319948196
0.757887840271
0.680423974991
0.759402990341
0.734541893005
0.817167043686
0.755885124207
0.787358999252
0.716165065765
0.784107923508
0.804719924927
0.829103946686
0.721925973892
0.703313112259
0.672230005264
0.710594892502
0.647089004517
0.810688972473
0.837430000305
0.779128074646
0.71946310997
0.667509078979
0.720450162888
0.751827001572
0.653313875198
0.742537975311
0.686969995499
0.681187152863
0.686897039413
0.767617940903
0.754981040955
0.706665992737
0.692168951035
0.879167079926
0.722252130508
0.678726911545
0.83260512352
0.861649990082
0.872061014175
0.744218826294
0.775115013123
0.704058885574
0.677245140076
0.700765132904
0.751242876053
0.796916007996
0.712157964706
0.70511507988
0.707482099533
0.682734012604
0.667611837387
0.695605039597
0.695888996124
0.6876308918
0.814877986908
0.688587188721
0.784198999405
0.738589048386
0.684855937958
0.671487092972
0.714631080627
0.645039081573
0.735597848892
0.709820985794
0.744267940521
0.659291982651
0.704289913177
0.714767932892
0.652940988541
0.73544383049
0.749393939972
0.713562965393
0.706297874451
0.694777011871
0.722930908203
0.769693136215
0.764465093613
0.780464172363
0.766286849976
0.773646116257
0.786813020706
0.74250793457
0.734797954559
0.685204982758
0.69619679451
0.745895862579
0.640701055527
0.69863986969
0.747320890427
0.858823060989
0.884962081909
0.870615005493
0.657721996307
0.790158987045
0.67635679245
0.814365148544
0.780883073807
1.53674507141
0.716423988342
0.726747989655
0.773990869522
0.695214986801
0.678748130798
0.752395153046
0.700175046921
0.757828950882
0.845170021057
0.76576590538
0.873100042343
0.720025062561
0.692774057388
1.10592198372
1.61438894272
0.858720064163
0.75762295723
1.01979494095
0.798145055771
0.712858200073
0.774621963501
0.742554187775
0.822999000549
0.774991989136
1.08440208435
0.752918958664
0.806832075119
0.899761915207
0.840206861496
0.658055067062
0.768249988556
0.682749986649
0.667405128479
0.872631072998
1.44360685349
1.09828591347
0.77769613266
0.833686113358
0.890435934067
0.8494348526
0.999657154083
0.904221057892
0.751321077347
0.716737031937
0.945199012756
0.90362906456
0.738143920898
1.28960180283
1.08292484283
0.901010036469
0.797271966934
0.801244020462
0.945250034332
0.74657201767
0.892135858536
0.834675073624
0.826180934906
1.21525597572
0.68532705307
0.815114021301
0.696253061295
0.756102085114
0.99285197258
1.16513991356
1.44784212112
0.786373138428
0.721405982971
1.16285705566
1.09812307358
1.41517519951
1.1017138958
0.75466799736
0.762794017792
0.786696910858
1.5438990593
1.34677100182
0.897864103317
0.830980062485
0.666177034378
0.721457004547
0.800534963608
0.745636940002
0.828362941742
0.739933013916
0.807522058487
0.716714859009
0.764060020447
0.775473833084
0.946357011795
0.736519098282
0.789384841919
0.944725036621
1.01176118851
1.66861701012
1.36674308777
1.05459403992
0.845485925674
0.934576034546
0.709280967712
0.985502004623
0.998667001724
0.818480968475
1.39788579941
1.00435805321
1.0601401329
1.06979799271
1.04281902313
0.70480298996
0.880496025085
0.99031496048
1.63327407837
0.98900604248
0.952841043472
0.908485889435
1.14357805252
0.945048093796
0.967386007309
1.02742815018
0.815470218658
1.39469599724
1.09417796135
0.965015172958
1.01963281631
0.752572059631
1.07193303108
0.982367992401
0.9757771492
0.893316030502
0.789760828018
1.21451997757
1.13975906372
0.723542928696
0.777314901352
0.780977010727
0.852448940277
0.85343503952
0.788302898407
0.936132907867
1.25767993927
1.64551997185
1.24427390099
0.727542877197
1.15988016129
0.88064789772
0.854130983353
0.807504892349
0.938318967819
0.817157030106
1.08527302742
0.874685049057
0.753834009171
0.733731031418
0.829902172089
1.60091996193
1.10544395447
0.94399189949
0.848471164703
0.994065999985
1.07714700699
0.907099962234
0.848005056381
0.704326868057
0.968997001648
0.998229980469
0.980612039566
0.806488037109
1.55947899818
1.00713992119
1.33159995079
0.980295181274
1.13446307182
0.914576053619
0.887910842896
1.14604902267
0.859032154083
1.10018706322
0.97127699852
0.840103149414
1.37826299667
1.57452106476
1.45170211792
0.933960914612
1.44410276413
1.34034991264
0.840880870819
0.97683596611
0.95196890831
1.11813783646
0.77891087532
0.978849887848
0.945577144623
1.03532886505
1.32014417648
1.3129389286
0.935005187988
1.15782499313
1.5258769989
0.927791118622
1.07276082039
1.06576800346
1.26640892029
0.907111167908
1.01236605644
1.09303712845
0.881134986877
0.807224035263
1.0364010334
1.08508896828
0.784518957138
1.41636300087
1.36707186699
0.891881942749
0.959738016129
1.2691090107
1.33477783203
1.2462310791
1.19739294052
0.990249872208
0.951092004776
0.861486911774
1.55079889297
1.0619020462
0.837766170502
1.24585413933
0.854335069656
0.824609994888
1.3985221386
1.36900496483
0.807981967926
1.07791399956
0.974821090698
0.957848072052
1.07525682449
0.91655921936
1.19577002525
0.879410982132
1.0730741024
1.55283498764
1.45444202423
1.28429412842
1.34070897102
0.965163946152
0.953308105469
0.830536842346
0.798378944397
1.00131607056
0.809602975845
0.927200078964
0.958568811417
0.966429948807
1.28589391708
1.04402899742
0.889186859131
0.843533992767
1.04110908508
1.01156306267
1.33652496338
1.06610298157
1.0171289444
0.94761300087
0.859033107758
1.00604295731
1.02354884148
1.1789689064
0.953310966492
1.4054338932
0.9560110569
0.938502073288
1.32728409767
0.981007814407
0.672533035278
1.40217614174
0.976719856262
1.05445790291
1.14922809601
0.959796905518
1.05164599419
0.953576087952
0.96488904953
0.908876180649
0.856317043304
0.826625108719
0.964385032654
1.30061888695
0.839468955994
1.12627601624
1.74896502495
1.21114301682
1.01165699959
0.986050128937
1.18235111237
0.98007106781
0.849836111069
0.898572921753
1.21978998184
1.0762629509
1.3402030468
1.28399300575
1.21303915977
1.25854706764
1.3983399868
1.00844693184
1.07209587097
1.31632399559
0.938266992569
0.962598085403
0.87274813652
1.46117711067
0.882894039154
1.17904114723
1.33745503426
1.31034612656
0.820350170135
0.874366044998
0.994192838669
0.980018854141
1.58082580566
0.994562149048
1.13359999657
0.904533863068
0.966140031815
1.01140594482
0.836991071701
1.27681612968
1.24004197121
1.42358899117
1.24350190163
0.925108909607
0.87664604187
1.06169700623
1.69890403748
0.8741710186
1.23854899406
0.980293989182
0.833321094513
0.978365898132
1.39313793182
1.47059988976
1.13950896263
1.22884011269
1.08689117432
0.925467014313
0.898188114166
0.76713180542
1.24133110046
0.892377853394
0.931623935699
1.08835411072
1.24109697342
1.41754794121
1.51110100746
1.44002199173
1.11383700371
0.950320959091
0.962451934814
0.93939614296
0.972720861435
1.19635009766
0.93779706955
0.919672966003
1.06393289566
1.12524199486
0.903913021088
1.30437707901
1.0380089283
0.829002141953
0.992309093475
1.10895895958
1.3199338913
1.44705581665
0.940929174423
1.17951917648
1.07158017159
1.3864941597
1.30736303329
1.62236189842
1.1370241642
1.15340685844
0.946820020676
0.901422023773
0.935837030411
1.21817803383
1.02884101868
1.28613400459
1.37043499947
1.13527297974
1.41034698486
0.945193052292
1.15616488457
0.939664125443
1.01734995842
1.74828696251
1.11117696762
1.0669939518
1.4850730896
0.866243124008
1.29909610748
1.16809296608
0.969352006912
1.02523207664
1.14040017128
0.951225996017
1.25531196594
1.37962412834
1.61889004707
1.05503606796
1.15799617767
1.182502985
1.18358492851
1.27634501457
1.13682389259
0.895653963089
1.438174963
1.61279296875
1.09750699997
1.14161610603
1.0050368309
1.26790308952
1.22548699379
1.27264213562
1.26520705223
1.1057009697
0.85452914238
1.0928299427
1.01127195358
1.31120896339
1.08995604515
1.18791294098
0.928431034088
0.934456110001
1.14896702766
1.06233310699
1.2308177948
0.823566198349
1.45406198502
1.19966483116
1.3589360714
0.854516029358
1.02938985825
1.21306300163
0.829765081406
0.98242688179
0.960480213165
1.57440209389
1.48055791855
1.3409049511
1.4300429821
1.09297704697
0.860103130341
1.28333306313
1.45581412315
1.64221715927
1.12762904167
1.30071783066
1.17768216133
1.09388303757
1.48601293564
1.89576196671
1.2799141407
0.751659870148
1.16882395744
1.12499117851
0.938750982285
1.28586888313
1.37500691414
0.928631067276
0.891067028046
1.01859617233
1.26983714104
1.28756690025
1.24895405769
1.65228390694
1.30452799797
1.04243898392
1.13711285591
1.21491193771
1.19738602638
1.2244451046
1.18583488464
1.23894786835
1.20555901527
0.978532075882
1.02067399025
1.18153309822
1.08397102356
0.807322978973
0.955513000488
1.00311899185
1.22163295746
0.905848026276
1.02094817162
0.979711055756
0.999032020569
0.974077939987
0.89333987236
1.11103487015
1.0261361599
0.921198129654
0.888715982437
1.30391287804
1.49927210808
1.05076885223
0.896008968353
1.1988158226
1.0967810154
1.41093301773
0.910998821259
1.41480183601
1.13716101646
1.18293309212
1.052713871
1.19190502167
1.59116005898
1.17284798622
1.64991784096
0.89249587059
1.07398891449
1.20996308327
0.925832986832
0.911947965622
1.23171305656
1.38258385658
1.00953984261
1.07233500481
1.4509999752
1.15584516525
0.8863530159
0.949956893921
1.23575210571
1.19210100174
1.13057208061
0.960211038589
1.42647504807
1.18563008308
1.02653598785
0.966823101044
1.45172905922
0.999800920486
0.869632005692
1.37870192528
1.61020421982
1.22032904625
0.965847015381
0.922905921936
0.972701787949
1.06326603889
1.31246304512
1.06471800804
1.00859379768
0.906780004501
0.821095943451
0.99875998497
1.14994192123
1.10730481148
1.06320095062
1.5061070919
0.946273088455
0.830595016479
0.805267095566
1.13124608994
0.976895093918
0.854584932327
1.16024589539
1.23436903954
1.22419404984
0.89376783371
0.70822095871
1.3314371109
1.2107899189
1.08304309845
1.4004650116
0.907133102417
0.778459072113
0.97049498558
1.18133306503
1.26025605202
0.989186763763
1.01384997368
0.896025896072
1.47865915298
1.29512095451
1.39122915268
1.04438304901
1.07244992256
1.08564710617
0.902009010315
1.53890895844
1.29854202271
1.03063678741
0.792329072952
1.1660349369
0.886956930161
0.889675140381
0.956129074097
0.958559989929
0.934751987457
0.781715869904
1.3316180706
1.27770590782
0.852219104767
1.06102919579
0.985291004181
0.901849031448
1.60901808739
0.808357000351
1.0092818737
1.21759080887
1.03430509567
0.821497917175
0.935081958771
1.68371105194
1.78040385246
0.915932893753
0.930809020996
1.28887891769
1.66276192665
1.42600488663
1.54682517052
1.10954499245
1.01539111137
1.15984416008
1.04022717476
1.57376384735
1.16137695312
1.12106704712
0.907932043076
1.20628404617
1.60069179535
1.27560901642
1.07147598267
0.909939050674
1.1617000103
0.954160928726
1.22118902206
1.5507941246
1.05305290222
1.38695502281
1.61615800858
1.0613489151
0.83574795723
1.22321891785
1.09973907471
0.991272926331
1.02277612686
0.926017999649
1.06433415413
1.10816001892
1.05963182449
1.00894784927
0.905804157257
0.825814008713
1.00644397736
0.883849859238
0.90998005867
0.825103998184
0.866671085358
0.887491226196
0.894502878189
1.06531691551
0.991613149643
1.18388485909
1.01885294914
0.909644842148
0.892320871353
0.95717716217
0.868175983429
0.791249036789
0.695389032364
0.981353998184
0.949079036713
0.793124198914
0.753885030746
0.830914974213
1.51899290085
0.76664686203
