3.42365598679
3.28729104996
2.5435359478
2.23070502281
2.02406692505
1.91659903526
1.82317399979
2.32826805115
2.36680912971
2.58593583107
2.58041501045
3.064483881
2.08105301857
2.96215200424
1.90258097649
2.82704210281
2.07743906975
2.9859290123
2.11212611198
1.96800398827
2.21842908859
3.06883502007
2.47516512871
2.29173612595
2.79956412315
2.82418203354
2.70261621475
2.79289507866
2.30564808846
2.86163210869
2.57570981979
2.56602501869
2.64414596558
2.80462813377
2.58215403557
2.41082310677
1.84145593643
2.27988219261
2.17748689651
2.56493902206
3.2333650589
2.76513409615
3.17028403282
2.39011502266
3.00093007088
3.07425689697
2.91909480095
2.4177069664
2.52108812332
2.02227902412
1.75234985352
2.44901919365
3.15300011635
1.74232316017
2.19116806984
2.00393795967
2.51238799095
2.02772593498
2.79449701309
2.04470396042
2.02314305305
2.39636182785
2.14332008362
2.31239008904
2.3200750351
2.61147713661
2.35672903061
2.17384696007
2.43309998512
2.85169792175
2.65185403824
2.50154495239
2.52256011963
2.19131398201
2.68133115768
2.48947906494
3.76877713203
3.31123113632
2.96126484871
2.7929558754
2.43850398064
2.2512960434
2.23615312576
2.59077382088
2.60142397881
2.25846385956
2.7898170948
3.21004915237
2.4890089035
2.55845808983
2.12995195389
2.46509790421
2.83988690376
2.23887205124
2.55355978012
2.5873041153
2.23594903946
3.33971095085
2.96614694595
2.43955492973
2.25425195694
2.7577188015
2.14636993408
1.83260393143
2.15463113785
1.99464511871
2.11033701897
2.28238201141
2.737003088
2.94785189629
2.43948197365
2.48436403275
2.18506097794
3.65144395828
3.2768368721
3.25123906136
2.16048288345
2.12984490395
2.21630501747
2.2881860733
2.41510105133
2.49862790108
2.14527893066
2.36841797829
2.56124210358
3.20460891724
2.14977097511
2.21716213226
2.29232478142
2.27096009254
2.66538000107
2.952064991
1.79041910172
2.10733795166
1.94407606125
2.11037898064
2.90178418159
2.1313290596
1.97022390366
2.78515291214
2.34667420387
1.92096400261
1.85950779915
2.10433697701
1.87082886696
2.96790909767
3.20961618423
2.83483481407
2.18054413795
1.84956216812
2.5209209919
2.5447871685
2.26410794258
2.50536108017
3.02826094627
3.09618020058
2.53423714638
2.87409090996
1.93385601044
2.00766396523
3.55264806747
2.60041904449
2.69834303856
2.3393239975
3.15464305878
2.07061195374
1.94165897369
2.57100200653
2.56272792816
2.26110601425
2.25690698624
2.22553396225
2.73364901543
2.42111182213
3.75838780403
2.224588871
3.0046889782
3.4012401104
2.72428297997
3.23724007607
2.22169709206
2.54102087021
3.27273082733
2.42892813683
3.27293491364
2.14057707787
3.07245492935
2.14863204956
2.01982092857
2.8662378788
2.6620528698
1.95251893997
2.18334984779
2.11993598938
2.16078019142
2.2814810276
2.01674103737
2.60980296135
2.38225412369
3.1114730835
2.53327202797
2.04599094391
2.0856461525
1.83907794952
2.24735593796
2.3012471199
2.5468249321
2.08259797096
2.49358701706
2.11795306206
3.10218000412
2.2013630867
2.23026585579
2.02872776985
2.27335119247
2.10195612907
1.94489407539
2.40907907486
2.46795701981
3.32597899437
2.39552593231
2.62309885025
2.85990095139
3.25456595421
2.22937297821
2.04933309555
3.29295301437
1.88225388527
1.88169384003
2.071352005
2.53296494484
1.99007296562
1.88401007652
2.39065885544
3.50404000282
2.35680007935
2.21850395203
2.36521697044
2.02965402603
1.89889287949
3.07178211212
3.21984601021
2.69207000732
2.99578595161
2.22544693947
2.23436403275
2.67236304283
2.56966614723
2.08431196213
1.9729180336
2.39195609093
2.35450100899
2.40154004097
1.86035704613
2.16979002953
2.11744093895
2.14696002007
3.2257540226
2.15818405151
2.23182916641
2.8630669117
2.07830119133
3.10139298439
1.97234916687
3.51314401627
2.01503992081
3.54947710037
3.2831299305
2.73210501671
2.83536696434
1.92244291306
2.04899120331
2.05164790154
1.94622707367
3.49602389336
1.70601701736
2.27965497971
2.42243504524
2.11646294594
2.56503486633
2.33004593849
2.20567417145
1.95328903198
3.3738219738
3.09662508965
2.97965812683
2.00342607498
2.19972705841
2.0012691021
2.89860892296
2.29926013947
2.13528108597
2.12480902672
3.17563700676
2.57686591148
2.50252604485
2.24049806595
2.35491299629
2.77886891365
2.16269993782
2.11272907257
1.62534117699
2.24080204964
2.06525802612
2.19802093506
2.39016103745
3.60511398315
2.93607091904
1.82349991798
1.90939307213
2.00641012192
1.99701309204
1.77473497391
1.85387396812
2.22737789154
2.49683618546
2.31095981598
2.95663404465
2.60422205925
3.20113015175
2.57694411278
2.37579488754
2.47287201881
2.13952803612
2.55779004097
2.73175692558
3.66488003731
2.13181805611
1.90974187851
1.8593070507
1.83715009689
2.06687712669
2.31675004959
2.76670193672
1.94071412086
2.5624859333
1.90283298492
2.46474289894
3.08314323425
2.42010188103
2.90869283676
2.42385911942
2.11297798157
2.51857209206
3.47267699242
3.04331707954
2.9083340168
2.23214292526
2.27770495415
2.00077795982
2.22800207138
2.30679893494
2.63189005852
2.90672492981
2.65442800522
2.04278898239
2.26714420319
2.84273505211
2.1338160038
2.14114499092
2.25924992561
2.87303996086
2.06138205528
2.61655497551
2.73132205009
2.22277212143
1.68398785591
2.36486291885
3.09613108635
1.86653089523
2.46806716919
1.95504498482
2.34726190567
2.06644392014
2.33222198486
2.90716099739
2.79411792755
2.26108407974
2.13440895081
2.85590314865
2.04982089996
2.50729203224
2.20240998268
2.24499487877
2.88702297211
2.2626388073
2.36984395981
2.14939212799
2.68822002411
2.01388907433
2.6823849678
3.36224102974
1.9925968647
2.19221401215
3.0459549427
2.1583480835
2.30681204796
2.27441692352
2.29412913322
1.7074508667
2.7353041172
2.23368382454
2.31084895134
2.58123207092
2.09660696983
2.0163090229
2.02900290489
2.21909189224
2.07671999931
2.29451489449
2.48417901993
2.43038010597
2.4423699379
1.94649410248
1.88249111176
1.99836492538
2.05132699013
2.69814896584
2.27071881294
2.26098394394
2.55720281601
2.70364308357
2.23499417305
3.07315897942
2.07718396187
2.02702999115
2.68403792381
2.05702614784
2.51760792732
2.62348294258
2.77082109451
2.31342196465
2.13642811775
2.17953419685
2.64043092728
2.52471899986
1.94971489906
2.95752000809
2.45741510391
2.83679890633
1.96684002876
2.34868097305
2.41853618622
3.38258290291
2.28013300896
2.7717359066
3.23555088043
2.71312093735
2.80738210678
2.49126887321
2.93364787102
2.67849898338
2.09444093704
2.19385695457
2.72083616257
2.50219106674
3.03586792946
2.40695977211
3.45355987549
2.36206293106
2.76438212395
2.15311789513
2.39669203758
2.54162192345
1.92395281792
1.94499015808
1.77120184898
2.13752412796
2.24496793747
2.5366230011
2.70576286316
2.82407593727
2.89776587486
2.38632011414
2.0170519352
2.12477684021
2.11398887634
2.2759270668
1.90138506889
2.40278506279
2.09370589256
2.28174304962
2.07692599297
2.83289313316
2.58353996277
2.59293007851
2.92668199539
1.97545695305
1.90810894966
2.09333896637
1.69740414619
1.92243695259
3.09941983223
2.1916179657
2.21692419052
2.38640093803
2.59384393692
2.22101712227
2.02989196777
2.32449889183
2.52056097984
2.81210303307
2.12496781349
2.24302911758
2.74653792381
2.55815196037
2.78573203087
2.23123002052
3.11263895035
2.69911193848
2.14243507385
2.31614112854
2.14313793182
2.08513402939
2.09150791168
2.14900398254
2.25994801521
1.94108581543
2.08470201492
2.14251422882
2.02939200401
2.07863497734
2.00678610802
3.08508586884
2.06851100922
2.59940290451
2.22543287277
1.81131005287
2.02065014839
2.27641296387
2.6230840683
2.06147694588
2.91061115265
2.46400403976
2.09128904343
2.01038312912
2.02682900429
2.72379302979
2.00892710686
2.62012195587
3.2255859375
2.02588295937
1.8762178421
3.22647094727
2.2056620121
2.21788883209
2.70713996887
2.08420181274
2.85350608826
1.69875907898
2.09883093834
2.94837808609
2.74745607376
2.9494600296
1.90785598755
1.87613606453
2.13099098206
2.08340716362
2.80523395538
2.82949018478
2.14443802834
2.51142907143
2.72778010368
2.41955900192
2.44685196877
2.5411670208
2.47299599648
2.59310913086
3.03651595116
2.01306891441
1.96134305
2.4761531353
2.34206199646
2.84380483627
1.99659705162
3.0275349617
2.44527006149
1.84375715256
1.99307513237
2.04189801216
1.92158603668
2.52671813965
2.13556003571
2.04838490486
2.40846085548
3.35573816299
2.29607582092
2.6414129734
2.39956903458
2.16917204857
2.49728393555
2.41562485695
1.99473309517
2.38536715508
2.45886898041
2.47486686707
2.23532700539
2.40708708763
1.90147185326
2.15693211555
2.994109869
2.51769280434
3.06502985954
2.39429807663
2.12094378471
2.52609801292
2.65537285805
2.80970716476
2.29539608955
3.31317710876
2.31831407547
3.1579310894
2.13376903534
2.64375495911
2.72639799118
2.44448304176
2.29832291603
2.11782193184
1.95085883141
2.0067460537
2.4097161293
3.40216803551
2.6316280365
2.63379311562
3.01236581802
2.69881892204
2.9034781456
3.4834318161
2.1325750351
2.24051094055
2.81810998917
2.86428999901
2.26133990288
2.37820911407
2.14269399643
2.32046699524
3.04181003571
2.73390507698
2.90060305595
2.17979097366
2.18107390404
2.423858881
2.95998907089
2.35916805267
2.35115504265
2.05135512352
2.19500899315
2.71290922165
2.29854893684
1.93294811249
3.28690505028
2.93332505226
2.31318092346
2.09044504166
2.57638120651
2.31844997406
3.03816413879
2.87524700165
2.26842093468
1.97118592262
2.51791286469
2.67745494843
3.16205096245
3.56613397598
2.79613900185
2.21221899986
2.07309603691
2.13052511215
2.28010177612
2.65433001518
2.13659596443
2.1104850769
2.14758515358
2.13618397713
2.39264082909
2.18950605392
3.31168603897
3.3105700016
2.99260997772
2.79720878601
1.89363789558
2.94342780113
1.9738919735
2.05345392227
2.06220912933
2.24463796616
2.52598881721
2.54081702232
2.13436508179
2.20849514008
2.13163900375
2.03824591637
2.39885497093
2.43581199646
2.59311389923
2.65041208267
2.15900087357
2.6256108284
2.35852813721
2.44545912743
2.13346195221
2.83213400841
3.17543411255
2.58593702316
2.60786485672
2.99900913239
2.77698802948
2.48810982704
2.46466994286
2.18041706085
2.11427688599
2.99160885811
2.75890207291
2.39386987686
2.70196080208
3.48434901237
2.18899607658
1.91500091553
2.42466187477
2.65315389633
2.71101808548
2.91349983215
3.0162088871
1.97728204727
3.11348700523
2.39567899704
3.06765818596
2.84975600243
2.41611886024
2.87144994736
1.92264795303
1.93792295456
2.0980629921
2.46023392677
2.72674179077
2.39858198166
2.38720011711
1.82412385941
2.99222612381
2.80473899841
2.85128998756
2.36007499695
2.90207481384
1.92410302162
2.84948086739
2.07418680191
2.18293714523
2.0178000927
2.48910498619
1.650192976
1.76568293571
1.81108903885
1.76770401001
2.8204870224
2.04385399818
2.33931207657
1.74593877792
1.70089411736
2.17799401283
2.23385214806
2.3630361557
2.28450679779
3.21953320503
2.05493497849
2.65697288513
2.70811510086
2.25432395935
3.04064297676
2.07765483856
1.84346389771
2.22724795341
2.16423106194
2.84448409081
2.26744294167
2.14060902596
1.75451898575
1.93101501465
2.63760113716
2.65355110168
2.5655310154
1.76300787926
2.24019789696
2.13041186333
3.47507715225
2.03462505341
3.45731496811
3.6465010643
2.42147183418
1.72265481949
1.85386991501
2.33487391472
1.7692990303
2.41355705261
2.48222303391
1.69545602798
2.92738199234
3.46825504303
2.7096118927
1.93520998955
2.37620687485
1.95886993408
2.03530406952
2.02455997467
2.9357380867
2.83589911461
2.34956598282
1.88545084
2.61793208122
3.65864706039
1.94852399826
1.97406816483
2.26978492737
2.43304300308
1.9311170578
1.97307801247
1.67654514313
1.67385697365
1.79594111443
1.71712994576
1.92851090431
1.87934398651
2.13184189796
1.92875409126
2.08189296722
2.5791721344
1.72593212128
1.95066785812
2.23760318756
3.27312898636
2.43977403641
2.26698517799
2.30823683739
1.88782382011
2.82270216942
2.53067493439
2.08668398857
2.37130689621
1.87701392174
2.39245796204
2.87584400177
1.91436600685
2.33601617813
2.29337501526
2.3242380619
2.56168603897
2.79144692421
1.94653892517
1.70547604561
1.79674315453
1.85078191757
2.08159208298
1.84181213379
2.23742699623
1.98800301552
2.1284301281
1.88362407684
3.37286996841
1.84055304527
1.87955713272
1.67569684982
1.756772995
1.61586022377
1.76996803284
1.84809708595
2.10643792152
1.76955795288
1.94188594818
1.80413603783
1.64250016212
1.6848359108
2.56911611557
2.38220906258
1.67634701729
1.85599994659
1.78725385666
1.73793005943
2.06761002541
1.68732595444
1.73891806602
2.42846107483
1.97085094452
2.17589592934
2.27842211723
3.04285693169
1.78030800819
2.19964718819
1.53813886642
1.76102995872
1.85757493973
2.81686520576
1.83993697166
3.11436605453
2.48122406006
1.5454928875
1.58015298843
1.77853798866
1.77281808853
2.07170295715
1.88303399086
1.58797383308
2.00506281853
1.73583102226
1.83747887611
1.79154801369
1.91012597084
1.66172814369
1.68782901764
1.77509093285
1.84296512604
1.72016906738
2.15992593765
2.84865903854
1.85257601738
2.03095698357
1.78479003906
2.72564601898
2.31495714188
1.76344203949
1.67509388924
1.82357001305
2.54900193214
1.61220216751
1.52967000008
2.03552389145
1.64511013031
1.87808394432
1.55787992477
1.56522989273
1.65996694565
1.76617288589
1.60508608818
1.85655617714
1.51389122009
1.57390785217
1.80147194862
2.16362690926
1.70397591591
1.5586309433
1.56223297119
1.79586601257
2.51645088196
3.81534910202
1.79960513115
3.05075407028
1.57285284996
1.65850281715
1.78718113899
1.91455292702
1.48378801346
1.91907382011
1.7969751358
3.57018208504
2.16310310364
1.64127492905
1.68847298622
1.56890797615
1.53361296654
1.58830308914
1.62041902542
1.62141299248
1.51421022415
1.57395195961
1.56704211235
1.50097489357
1.53895401955
1.63296890259
1.53653478622
1.64117002487
1.71700310707
1.72152018547
1.62096095085
1.58510994911
1.63907194138
1.57923698425
1.5578649044
1.56861019135
1.64677906036
1.60887002945
1.60775494576
1.63047599792
1.55493617058
1.65318489075
1.56607699394
1.63407611847
1.55504584312
1.55516195297
1.59318399429
1.52934098244
1.55356884003
1.59331297874
1.6773660183
1.72771501541
1.70693516731
1.67922186852
1.75033402443
1.63911700249
1.57175016403
1.59130096436
1.6213657856
1.79893398285
