1.03203678131
0.637739896774
0.837816953659
0.751528978348
0.688657999039
0.848469018936
0.59684920311
0.651892900467
0.63437795639
0.667015075684
0.701972961426
0.658143043518
0.680045127869
0.703436136246
0.708060979843
0.70693898201
1.01809692383
1.21475291252
0.771920919418
0.773890972137
1.01912784576
0.679852962494
0.890186071396
1.00735497475
0.732643127441
1.33095192909
1.06040096283
0.755829811096
0.688049793243
0.739753007889
0.52608704567
0.535107851028
0.638273954391
0.704576015472
0.684878826141
0.676403045654
0.744710922241
0.56591796875
0.576647043228
0.606497049332
0.687648057938
0.739346981049
1.02878904343
0.73277592659
0.903048992157
0.65650510788
0.731376886368
0.65033197403
0.67076587677
0.584841966629
1.04564905167
1.05962109566
1.0374891758
0.706763982773
0.64190196991
0.720502853394
0.625574111938
1.21602511406
1.17018795013
0.889520168304
0.610946893692
0.620888948441
0.855327129364
0.708575963974
0.692076921463
0.876593112946
0.772117137909
0.846826076508
0.773098945618
0.748353004456
0.572020053864
0.56632399559
0.839498996735
0.596251010895
0.560261011124
0.657285928726
0.693164110184
0.562473058701
0.907222986221
0.874885082245
0.654119968414
0.5834608078
1.00394797325
1.18146896362
0.898675918579
0.669278144836
0.705410003662
0.672814130783
0.637490034103
0.718369007111
0.52953004837
0.627320051193
0.666409015656
0.96170091629
0.612070083618
0.618753910065
0.970809936523
0.657992839813
0.664900064468
0.793287038803
0.937393903732
1.22838783264
0.776437044144
0.713921070099
0.690880060196
0.541467905045
0.806150913239
0.844673871994
0.575105905533
0.739582777023
0.762223005295
0.67355298996
0.910572052002
0.647001028061
1.11132907867
0.91867017746
0.535491943359
0.565673112869
0.841825962067
0.589966058731
0.695625066757
1.13471293449
0.592483043671
0.666514158249
0.778866052628
0.904385089874
0.770974874496
1.33461403847
0.620831012726
1.04970002174
0.600269079208
0.76007604599
0.760172128677
0.861501932144
0.89143204689
0.50763297081
0.657742977142
0.707448005676
0.784025907516
0.929751157761
0.912105083466
0.960696220398
0.593168020248
0.985741853714
0.97533082962
0.551805973053
0.705729007721
0.732481002808
0.704536914825
0.916526079178
0.857804059982
1.24678897858
0.706342935562
1.03721904755
0.740883827209
0.923196077347
0.827399015427
0.962280035019
0.731618881226
0.764580011368
0.785276889801
1.31790304184
1.38325619698
1.04354000092
1.05471014977
0.768941164017
0.745481967926
0.848516941071
0.694373130798
0.689173936844
0.795778989792
1.15289306641
0.890959024429
1.00798082352
0.803468942642
0.975168943405
0.756274223328
0.618767976761
1.2045750618
1.16986203194
0.866633176804
0.698235988617
0.623508930206
0.632659912109
0.802568912506
1.21305298805
0.609713077545
0.705142021179
0.72954583168
0.715873003006
0.791711091995
0.731566905975
0.667737007141
0.799835920334
0.615208148956
0.90313911438
1.10894989967
0.839470863342
0.781344890594
0.995137929916
1.30628204346
1.1118748188
0.735000133514
0.975859165192
0.919508934021
1.26283407211
0.56806397438
0.635586977005
0.670385837555
0.689904928207
0.808332920074
0.812777996063
0.968636035919
0.713969945908
0.741199970245
1.16481614113
0.906463861465
1.11502695084
0.676688194275
0.795857191086
1.28387117386
0.819634914398
0.669396877289
0.825912952423
0.745931148529
0.777976036072
0.796324968338
1.27866983414
1.03782391548
0.745495080948
0.651032924652
0.652316093445
0.720816850662
0.683462142944
0.700186014175
0.971997976303
0.794420957565
0.69141793251
0.691893100739
1.14859199524
0.808355093002
0.63752579689
0.604939222336
0.88220500946
0.662115097046
0.681707143784
0.743309020996
0.633997917175
0.75426197052
0.68296289444
0.694112062454
0.674722909927
0.695708036423
0.755703926086
0.937371015549
0.868756055832
0.85206580162
1.13073897362
0.620505094528
0.975493907928
0.954796075821
0.684798955917
0.875581979752
0.839995861053
0.805526971817
0.687253952026
1.19000697136
1.0108499527
0.680191040039
1.0174908638
0.809244155884
0.672430038452
0.802132844925
1.08839702606
1.08713412285
0.897281169891
0.814661026001
1.13558292389
0.694951057434
0.698866844177
0.742519855499
0.771403074265
1.02164101601
0.698471069336
0.711935043335
0.696607112885
1.00257110596
1.02389502525
0.69738984108
0.755535840988
0.886826038361
0.789533138275
0.96414899826
0.662020206451
0.642622947693
0.70851111412
0.629179954529
0.833971977234
0.794101953506
1.05487108231
0.757959127426
0.981990814209
0.77556014061
0.962072849274
0.632076978683
1.14706397057
0.96401309967
1.19552302361
0.626180887222
1.09408807755
0.960566997528
0.817089080811
0.949476003647
1.20331716537
0.884902000427
0.805830001831
1.15010690689
0.628561973572
0.703336000443
1.14077496529
0.648197174072
0.668874979019
0.83266711235
0.677620887756
0.73021197319
0.814127922058
0.808652877808
0.833719015121
0.888818979263
0.691144943237
0.700987100601
0.765789985657
1.09080696106
1.01957583427
0.790099143982
0.672513008118
0.872271060944
0.776504993439
1.31534790993
1.42043399811
1.08198094368
0.717436075211
0.670404911041
0.779794931412
0.791424036026
1.18732690811
1.12952709198
1.08980298042
1.18258404732
0.947741031647
0.92525100708
1.06013417244
1.30599808693
1.19746589661
0.756898880005
0.736096858978
0.865000963211
1.1013469696
1.15270185471
0.922762870789
0.857872009277
0.844643831253
1.22320795059
0.904854059219
0.627432823181
0.716533184052
0.716609954834
0.684201002121
0.730760097504
0.89378118515
0.83395409584
0.984565019608
0.935162067413
0.771360874176
1.01129794121
0.978688955307
1.12662100792
0.723398923874
1.06516194344
1.02563309669
0.926732778549
1.01559495926
0.910351991653
0.962610006332
0.905632019043
1.06499505043
1.14640402794
1.07314705849
1.18185806274
1.18193483353
0.926651000977
0.68326997757
0.641159057617
0.708235025406
0.687712907791
0.694407939911
0.681329965591
0.660744905472
0.835945129395
0.913639068604
1.30894184113
1.19763302803
0.768597126007
1.20693707466
0.801676988602
0.912083864212
0.736369132996
0.711103200912
0.767132997513
0.768819093704
1.22540712357
0.819349050522
1.01886701584
0.648558855057
0.813327074051
1.0934510231
0.87969994545
0.663807153702
1.13866710663
0.88218998909
0.629436969757
0.757250070572
0.766812086105
1.12531495094
1.01424598694
1.22258710861
0.896121025085
0.909555912018
1.11922597885
0.917223215103
0.975996017456
0.898863077164
0.782012939453
0.909653902054
0.792456865311
0.851858854294
1.03953695297
0.813193082809
0.844810009003
0.877098083496
1.02128601074
1.00669980049
0.953961849213
0.836135864258
0.836603879929
0.830924987793
0.89363694191
0.770317077637
0.935739040375
0.73938202858
0.767478942871
0.734307050705
1.12685203552
0.894459009171
0.816788196564
0.866094112396
0.912179946899
0.720107793808
0.909640073776
1.14094901085
0.928432941437
0.857969999313
0.856014966965
1.18388700485
0.79643201828
0.969058990479
0.661498069763
0.742784023285
0.780458927155
1.05289793015
0.758511066437
0.947636127472
0.692214012146
0.744261026382
0.823620080948
0.883220911026
0.917663812637
0.866744041443
0.847800970078
0.737747907639
0.928576946259
0.716526985168
0.9559071064
0.720000982285
0.709747076035
0.838769197464
0.641716957092
0.844464063644
0.753498077393
0.761319160461
0.793180942535
0.914047956467
1.19925999641
1.04400515556
1.15185499191
0.69483089447
0.957926988602
0.86626791954
0.650705099106
0.931371927261
0.807623147964
0.988178014755
0.618094921112
1.01553702354
1.11346697807
0.825326919556
0.807528018951
0.65372800827
0.829833984375
0.865290880203
0.980417966843
0.964041948318
0.994728803635
1.01606988907
1.14761710167
0.957338094711
0.684837818146
0.831501960754
0.600024938583
0.576812028885
0.690729856491
0.677546977997
0.711510896683
1.14380383492
1.0315489769
1.00379800797
1.12207221985
0.629154920578
0.746152162552
0.922725200653
1.05402588844
0.739080905914
0.761481046677
0.682141065598
0.794007062912
0.771037101746
0.710834980011
0.770422935486
0.66468000412
0.722445964813
0.728430986404
0.896088123322
0.878515005112
0.868571996689
0.950120210648
0.986859083176
0.894395112991
0.708940982819
0.781453132629
0.864277839661
0.816111087799
0.70504283905
0.769177913666
0.845659017563
0.854821920395
0.807306051254
0.797548055649
0.929832935333
1.04807901382
0.730100870132
1.05250191689
0.806883096695
0.761451005936
0.951461076736
0.996290922165
1.05217790604
0.940176963806
0.883646011353
0.819993972778
0.973325967789
1.07087087631
1.09947919846
0.699177026749
0.719237089157
0.688334941864
1.11537003517
1.05680394173
1.05237579346
1.11965298653
1.00775909424
1.02703690529
0.84167098999
0.735311985016
0.673665046692
0.65175485611
0.644819974899
1.03855514526
0.918586015701
0.726155996323
0.688766002655
0.624484062195
0.686267137527
0.722527980804
1.1652109623
0.842082977295
0.819954872131
0.742249965668
0.657207965851
0.740849018097
1.32666492462
1.324021101
1.1895980835
0.585595846176
0.667837142944
0.746826171875
0.695936203003
0.680363893509
0.750540018082
0.696643829346
0.649681091309
0.659769058228
0.872622013092
1.09463882446
0.844164848328
0.907860040665
1.21730804443
0.663378953934
0.725908994675
0.724545955658
0.717597961426
0.817961931229
1.32060289383
0.64689707756
0.717764139175
0.795060157776
0.740703105927
0.763459920883
1.12626600266
0.702028036118
0.768166065216
0.601001024246
0.998480081558
0.629983901978
0.823715925217
0.924782991409
0.76442193985
1.28003001213
0.830995082855
0.727118015289
0.931985855103
0.771483898163
1.074187994
0.736218929291
0.711343050003
0.7605509758
0.753490209579
1.26031899452
0.7553191185
0.739789962769
0.707100868225
0.72300195694
0.91561794281
0.636564016342
1.3195078373
1.16727614403
1.37117505074
1.17323613167
0.840744972229
0.803498983383
1.08051395416
0.824503183365
0.92392706871
0.673539161682
0.675225973129
0.750825881958
0.86360502243
1.10296702385
0.665271043777
0.947575092316
1.12536096573
0.769551992416
0.685193061829
0.629189968109
1.34554719925
0.915473937988
0.719332933426
0.696959018707
0.687369823456
0.608397960663
0.726030111313
0.950242996216
0.600337028503
1.28001308441
0.64531993866
0.980796098709
1.09643006325
1.11500787735
0.71903181076
0.841647863388
0.606846094131
1.07762813568
0.91485786438
1.01693511009
0.871977090836
0.594838142395
0.789109945297
1.16104722023
1.36018013954
0.927176952362
0.704132080078
0.996864080429
0.685241937637
0.678050041199
0.664445161819
0.762742042542
0.71767616272
0.587938070297
0.686167955399
0.679605007172
0.657547950745
0.791174173355
0.75293803215
0.609400987625
0.797740936279
0.903485059738
0.824352025986
0.737704992294
0.821805953979
1.11506700516
1.02873206139
0.922885894775
0.951219081879
0.624987125397
0.66970705986
0.913567066193
0.899154901505
0.607262134552
1.24259996414
1.19283795357
0.881052970886
1.10189080238
1.15452289581
0.636286020279
0.726655006409
0.710279941559
0.725450992584
0.880879163742
0.771640062332
1.09571003914
0.804631948471
0.708411931992
0.839512109756
1.03552889824
1.00003194809
1.07375097275
0.851613998413
0.957114934921
1.10616707802
1.37083888054
1.17449402809
1.2870259285
0.632411003113
0.583513021469
0.632218122482
0.661228895187
0.604470014572
0.588392019272
0.710365056992
1.39896297455
0.820451021194
0.588668107986
0.748775959015
1.08685493469
0.817397117615
0.609436988831
0.689806938171
0.661684036255
0.619956970215
0.78596496582
0.724875211716
0.608348846436
0.617682933807
0.599681138992
0.573390007019
0.623767852783
0.731387853622
0.597991943359
0.781354904175
0.558190107346
0.615979194641
0.814743995667
0.875931978226
0.520530939102
0.526368141174
0.660320043564
0.601948022842
0.709465026855
0.631681919098
0.75070810318
1.25321698189
1.12903285027
0.649252176285
0.604020118713
0.662161827087
0.717052936554
0.717100143433
0.613879919052
0.668321847916
0.611095190048
0.657422065735
0.627257108688
0.632431030273
0.696274995804
0.700450897217
0.678483963013
0.651219129562
0.579412937164
0.720932006836
0.959103822708
0.688387870789
0.786795139313
0.860029935837
1.03221297264
0.776087999344
0.651620149612
0.557090997696
0.853229999542
0.716695070267
0.719610929489
0.734432935715
0.852570772171
1.07919597626
1.07606315613
0.861429929733
0.712647914886
1.28948807716
1.16665482521
0.867405891418
0.666458129883
0.570508003235
0.768753051758
0.760106086731
0.852671146393
0.962971925735
0.581004858017
0.983251094818
0.784965991974
0.816996097565
0.769085168839
0.647884845734
0.721620082855
0.575881004333
0.680442810059
0.794567108154
0.598262071609
0.665568113327
0.599316120148
0.614501953125
0.626793146133
0.76448392868
0.668172121048
0.629935026169
1.00934481621
0.804811000824
0.727832078934
1.13074588776
0.598832845688
0.652478933334
0.540910005569
0.661035060883
0.656870126724
0.809494018555
0.955677986145
0.576663970947
0.742138147354
0.714672088623
0.616969823837
0.597445011139
0.728494167328
0.678243875504
0.71706199646
0.793387174606
0.602741003036
0.62802696228
0.598613977432
1.04053807259
0.920539140701
0.799459934235
0.543508052826
0.834758996964
0.549293041229
0.569595098495
0.753313779831
0.79349398613
0.633771896362
1.01928305626
0.634577035904
0.676891088486
0.565853834152
0.91251707077
1.16045999527
0.784378051758
1.04320883751
0.80584192276
0.579694986343
0.546667098999
0.559564113617
0.780345201492
0.769486904144
0.751252889633
0.581216096878
0.725886821747
1.18083786964
0.659456968307
0.635980844498
0.799135923386
0.579949140549
0.582149982452
0.573760986328
0.600244045258
0.748894929886
0.720729827881
0.675647974014
0.575954914093
0.76810503006
0.648050069809
0.712439060211
0.731536865234
0.751708984375
0.747446060181
0.733420133591
0.725787878036
1.14307284355
1.02201890945
0.851605892181
0.710811138153
0.774442911148
0.687082052231
0.709676027298
0.655367851257
1.012114048
1.15630197525
1.08686614037
0.749359846115
0.816610097885
0.710827827454
0.808754920959
0.790125131607
0.919964075089
0.637195825577
0.618643045425
0.749165058136
0.763725042343
0.661469936371
0.589823961258
0.674441814423
1.00860905647
1.294672966
1.08251309395
0.709296941757
0.773962020874
1.0544860363
0.654735803604
0.647929906845
0.891721010208
0.705984115601
0.693068027496
0.705218076706
0.969801902771
0.643136024475
0.785053014755
0.61950302124
0.713707923889
0.582936048508
0.614459991455
0.667958021164
0.651029825211
0.695253133774
0.680887937546
0.592278957367
0.960748910904
0.975619077682
0.587241172791
0.743456125259
0.628102064133
0.645539045334
0.744213104248
0.741282939911
1.20004987717
0.818031072617
0.632938146591
0.658494949341
0.750674962997
0.655362129211
0.704976797104
0.697262048721
0.821230888367
0.813856124878
0.97677397728
0.680583000183
0.583879947662
0.604908943176
0.618394851685
0.675475120544
0.872754812241
0.590513944626
0.695769071579
0.585448026657
0.737421989441
0.737529993057
