1.41289687157
1.49932599068
1.51162385941
1.49527096748
1.41777992249
1.4062640667
1.42389392853
1.45710897446
1.46435189247
1.42460989952
1.43020892143
1.41118097305
1.44977688789
1.43498110771
1.73422312737
1.38686084747
1.47919416428
1.51347279549
1.5910859108
1.45591306686
1.51060509682
1.43871903419
1.60311818123
1.63776779175
2.33314013481
1.9901099205
1.65565896034
1.51318287849
2.04042887688
1.67361497879
2.07800292969
1.41546297073
2.12843298912
2.16143584251
1.57436108589
1.56766176224
1.54523205757
1.85117101669
2.58075714111
2.09756302834
1.85498094559
2.94685006142
1.72493004799
1.84894704819
2.48316001892
1.94589209557
1.79166507721
2.36807179451
1.77180290222
1.74439811707
1.80381608009
1.98584389687
2.28275108337
2.22722411156
2.02693009377
2.08941793442
2.74169015884
2.4162311554
2.68298792839
1.98266410828
2.48780703545
2.23482608795
2.14374995232
2.04342794418
2.10544490814
2.13815784454
2.37195086479
2.42534708977
2.13992619514
2.46396994591
2.37226390839
2.46198487282
2.09147906303
2.78327894211
2.8484609127
2.28100895882
2.22357106209
2.03679990768
2.48190307617
2.75754094124
2.76841592789
2.11916208267
2.50164008141
2.49509000778
2.46918988228
2.19227313995
1.8778860569
2.39434814453
2.34945106506
2.07137608528
2.42423200607
1.71701002121
2.157528162
1.81442594528
1.97570586205
2.07236099243
1.71851801872
1.66691684723
2.22492289543
2.82908701897
2.47121715546
2.70583200455
1.95846986771
2.11671090126
2.36846590042
1.7397749424
1.92226004601
2.14756798744
2.305164814
1.9366080761
2.01926803589
2.03047013283
2.16437911987
2.07352304459
2.55167388916
2.00273513794
2.25640916824
2.15851616859
2.07337808609
2.12908697128
1.97907400131
1.97968196869
1.94026899338
2.70934987068
2.66196393967
2.4581451416
2.40435886383
2.3901219368
2.6181230545
2.04302215576
2.9325170517
2.15868711472
2.81528997421
2.15048003197
1.76054692268
1.86684513092
2.9376950264
1.68070697784
1.8749461174
1.89335083961
2.06643486023
2.32424712181
2.63860917091
1.98902797699
2.05641198158
2.60527515411
1.97467303276
2.2176399231
2.31179499626
1.98878407478
1.67408394814
1.77704501152
1.72678303719
1.70231199265
1.99680089951
1.83831882477
1.71484494209
1.84652400017
1.94871091843
1.80594110489
1.93666887283
1.76507902145
2.29519104958
2.41630196571
1.71000504494
2.25368094444
1.85772705078
2.5328040123
2.43653297424
1.78944396973
2.47445702553
3.07730603218
2.29835295677
2.25728392601
3.10450911522
3.01142907143
2.3169438839
2.08777785301
3.23342204094
2.39596891403
1.89908695221
2.2237830162
1.91702389717
1.83919715881
1.72346591949
2.22717690468
1.70227408409
2.71652793884
2.92585515976
2.85242795944
2.38152599335
1.8860449791
2.41362810135
1.52653193474
1.71871399879
2.04205203056
1.56883502007
1.63074278831
2.56483507156
2.18920397758
1.93595504761
2.61749386787
2.00081205368
2.18674588203
1.88935112953
2.29186701775
1.56563091278
1.98309397697
2.46061110497
3.07666993141
1.68967008591
2.75388407707
2.25358700752
2.17715406418
2.10814189911
2.93674111366
2.88946700096
2.03937292099
1.97848081589
2.15930485725
2.96951198578
1.7748568058
1.92126989365
1.65622711182
1.91104388237
1.72541594505
1.77665495872
2.80565690994
1.88786482811
3.14384198189
2.16559815407
1.83356714249
2.51270604134
2.0367269516
2.47264504433
2.2061920166
2.05583715439
2.5534760952
1.63387608528
2.02267694473
1.74267101288
1.81908202171
2.40568709373
1.89459204674
1.71613717079
1.85218405724
2.5355181694
1.99574589729
2.02326488495
1.89591598511
2.73001003265
1.88304305077
1.72976493835
1.79929590225
2.2265791893
2.03370904922
2.19457387924
1.76224303246
2.16008114815
2.3903400898
2.59806895256
2.24666595459
2.53430199623
2.47790288925
1.96081185341
1.96590280533
2.01024913788
1.61364603043
2.02289605141
2.40460705757
2.3467259407
2.55161213875
2.03382992744
2.93492913246
2.307295084
2.95209002495
1.59384799004
1.88900303841
1.76746702194
1.72528100014
2.07337498665
2.42616200447
1.82179093361
2.31008505821
1.96915602684
1.72952485085
2.1962518692
2.05789017677
1.91313290596
2.47682714462
1.85628199577
2.20805215836
2.10956192017
3.30326700211
2.52614593506
3.0092010498
2.33747911453
2.53576898575
2.04085588455
1.80364704132
2.34129714966
3.20901894569
1.92279195786
1.90930008888
1.88000392914
2.12588787079
2.85464000702
1.68929505348
1.75193214417
1.9834561348
1.93116497993
1.81423807144
1.63732719421
2.29291701317
2.37091302872
3.09322595596
2.53372383118
2.50089812279
2.34186911583
2.89550614357
1.86405301094
1.84135818481
1.75400900841
2.47007489204
2.76577687263
2.01819300652
1.61065888405
1.91481089592
1.67962598801
1.86556005478
2.66703009605
2.28538489342
2.26261901855
3.21384811401
1.84385418892
2.24596905708
2.25343894958
2.31407999992
2.28317213058
1.67231297493
2.17583799362
1.78492689133
2.22574305534
2.23406600952
1.66038107872
1.90996193886
1.88838481903
2.28137993813
2.72899389267
2.06971406937
2.4171359539
2.50313806534
3.01846694946
1.60296797752
1.80293989182
1.67284297943
1.81778001785
2.02800297737
1.81026697159
1.81835484505
2.34084510803
2.07578897476
1.82623195648
1.82059717178
1.62892103195
2.06369709969
2.32952308655
1.71627998352
1.53296780586
1.88617897034
1.58004784584
1.62588095665
2.78552007675
2.52084898949
1.84652900696
2.56581902504
2.04701709747
2.4340698719
2.01650500298
1.89078593254
2.74428296089
2.01397800446
2.74004983902
2.27154421806
2.3726170063
2.53425502777
2.12567186356
2.49180793762
2.96728301048
1.8972890377
2.45330500603
2.8408870697
1.99584197998
2.71228504181
2.57414579391
2.23695588112
2.09382796288
2.42689013481
2.2976000309
2.14702701569
2.37729692459
2.19397592545
1.96962499619
2.40261006355
2.6795270443
1.87138795853
2.31123590469
2.17328691483
2.61438298225
1.90288209915
2.48065805435
1.94358205795
1.98023986816
2.46717500687
2.02121281624
2.07047200203
1.74155497551
1.80745792389
2.28077077866
1.97027087212
2.07216596603
2.65709495544
2.86502504349
2.11116290092
1.85579013824
2.6679289341
1.84673094749
2.08463191986
1.89675593376
2.69040679932
2.2920999527
2.34340214729
2.66173100471
2.4254360199
2.1768450737
1.81270718575
1.77404499054
1.95198488235
2.18408298492
2.9329521656
1.9006049633
1.86158299446
2.38278508186
1.77581501007
2.38367319107
2.17679905891
1.75425195694
1.74882006645
1.82172107697
2.43999290466
1.9941239357
1.84138298035
1.72510004044
3.05662584305
2.22952318192
1.806224823
2.1737139225
2.32412600517
2.3802280426
1.8964908123
2.19020915031
1.94648909569
2.41029405594
1.67708492279
2.17423796654
1.83684802055
1.84738993645
1.95492696762
2.3413131237
2.15809512138
2.1897687912
2.77636003494
1.92625689507
2.15077590942
2.55116295815
2.13369703293
2.69233703613
2.2374548912
2.93998193741
2.03893113136
2.94449210167
1.87919783592
1.93868494034
2.30201196671
1.77116584778
2.61971688271
1.84021997452
2.17253684998
1.78385591507
2.69725513458
2.07327198982
1.73071885109
3.03774285316
1.91301012039
1.91834902763
2.81569504738
2.25856399536
2.27306103706
1.87215209007
2.22850298882
2.67271709442
1.79969191551
1.94899320602
2.30937218666
1.74893903732
1.61071705818
1.96593499184
2.26068091393
2.80561709404
2.87763619423
2.5168159008
2.35931992531
2.61163306236
1.78489613533
1.74047589302
2.59104180336
2.15784096718
2.03187799454
2.3529818058
2.22105407715
1.99592781067
1.98641705513
1.74739909172
2.79537010193
2.65225791931
2.83116197586
2.38574004173
2.33097290993
2.01034998894
1.79703092575
1.81293487549
1.98930287361
2.68589901924
2.22267794609
2.13626217842
1.87134504318
2.34650206566
2.07747912407
1.9207971096
1.83279919624
1.61690497398
1.78061103821
2.2635679245
2.6510591507
2.01964402199
1.91875004768
1.98220586777
1.8584959507
1.94365096092
1.92736315727
1.80474901199
1.89648795128
1.97433495522
2.00432705879
2.40553808212
2.1251168251
2.45664906502
2.08451199532
2.02583909035
2.30162096024
1.69308805466
1.52588200569
2.76858115196
1.47363877296
1.70969295502
1.66981577873
1.7293279171
2.04457092285
2.37839698792
2.27089095116
2.09470915794
1.88341712952
1.73819112778
2.48943209648
2.42778301239
2.32758188248
1.90549707413
2.21263003349
1.92343902588
2.06006383896
2.01764702797
1.64837694168
2.25560903549
1.90985417366
2.29419994354
2.70682001114
1.76130509377
2.28537201881
2.12277793884
2.45654892921
1.93185901642
1.8817949295
2.24166893959
1.88998007774
1.6676940918
1.70635819435
1.77595901489
1.75747084618
1.96771097183
1.81526207924
1.75188207626
2.87795686722
2.28724598885
2.09811687469
1.77833294868
1.82858896255
2.31320095062
1.58218002319
2.14329910278
1.85828304291
1.99543499947
1.77440595627
2.15134310722
1.91062092781
2.36094522476
1.82731199265
1.86132979393
2.42690896988
2.22360301018
2.29964494705
1.78318405151
1.8717880249
2.27012300491
1.82157206535
1.62626600266
2.56613087654
1.97079801559
1.78105807304
1.50525403023
2.99869918823
2.22125816345
1.58212399483
2.03770017624
1.90316390991
2.82291483879
1.59587097168
1.65996193886
2.0413620472
1.88457798958
2.05827498436
2.57052206993
2.37807106972
2.4281411171
1.76641798019
2.93280410767
2.67969107628
2.06868600845
1.86014699936
2.56652593613
1.83388710022
2.09929299355
1.91748213768
1.80665707588
1.82273697853
1.90385317802
3.00513100624
2.31014609337
2.21787905693
1.87730407715
2.34099388123
1.86035299301
2.97003817558
2.66843318939
2.23995995522
2.13049888611
1.69052314758
1.92266821861
1.78930997849
2.63932704926
2.6927011013
2.08890914917
2.40659379959
1.96273398399
1.77717995644
1.94331693649
1.93000602722
1.59081602097
1.84511303902
2.51526594162
2.51341485977
1.77935886383
1.93773698807
2.11969804764
1.78493404388
2.56311607361
1.83183503151
2.33859801292
2.42578101158
2.73190999031
2.34899020195
2.06690001488
1.77729392052
1.7060110569
2.27741098404
2.30901098251
1.87454795837
2.02736020088
2.33868598938
2.22628593445
2.01674604416
2.24755907059
1.84973692894
2.28831791878
1.98191308975
2.25782012939
2.39767098427
2.62987184525
2.3519949913
1.95666694641
1.80009007454
1.85898017883
1.95834112167
2.51618885994
2.1273431778
2.62814617157
2.38247299194
2.21011400223
3.0519258976
1.86225700378
2.72327685356
1.74415278435
1.95359587669
2.66092014313
2.67437601089
2.16167092323
1.78109407425
1.98343610764
2.51777601242
2.70178389549
1.74931788445
1.87159895897
2.79221987724
2.10356092453
1.99176812172
1.80533909798
1.7972099781
2.24166083336
1.7040438652
2.09153580666
1.81559109688
2.00287699699
2.206387043
1.90871691704
2.59770894051
1.69595909119
2.20404291153
2.59436607361
2.09421396255
1.85876488686
1.8040060997
1.75459599495
2.26283717155
1.68378210068
2.50086307526
2.33886790276
1.94389200211
1.96201586723
1.73382592201
1.96265506744
2.39951896667
2.13142490387
1.92320799828
2.12516880035
1.95381689072
2.17210197449
2.47433900833
1.7510240078
2.48021793365
2.14173102379
1.73150682449
3.1339840889
2.51490807533
1.90565896034
2.40461182594
1.52396988869
1.61547994614
1.76762008667
1.70772600174
1.80180096626
2.43174409866
2.28630590439
1.73940682411
1.97717809677
2.25196695328
1.97359514236
2.57848906517
1.7261941433
2.20805907249
2.16236186028
2.18157219887
1.68185210228
1.99532699585
2.84317994118
2.03782296181
2.29088711739
2.46667790413
1.73956799507
2.18677902222
1.82978606224
2.97822904587
3.20631098747
2.05847501755
2.06543302536
3.3064520359
3.21265912056
2.84221792221
1.85870599747
1.90802192688
1.6565489769
1.75090193748
3.14876699448
2.38574409485
3.02287912369
2.7855348587
2.17490696907
1.74612903595
1.74683094025
2.13278198242
1.86106991768
2.62361907959
2.59300804138
2.18610286713
2.85848498344
2.58284592628
2.06946802139
1.92423510551
2.22007489204
2.00913310051
2.27122807503
2.74130392075
1.80375695229
2.69760394096
1.8939909935
1.9088640213
2.03583598137
3.3576900959
2.39019584656
2.86612701416
1.99139308929
2.54937911034
2.57783889771
1.67559194565
1.69801282883
1.73304390907
1.97026515007
2.10022211075
1.97273492813
2.62443494797
2.01355314255
1.90386390686
2.00743699074
1.79773378372
2.32255196571
2.15208292007
2.12922382355
2.58759593964
2.51516199112
3.03081417084
2.34505200386
2.53543496132
1.78972101212
2.4569849968
2.02223396301
2.51407790184
3.51686096191
2.14923191071
2.11791610718
1.97015213966
2.4140651226
2.63330411911
1.81319308281
1.94852995872
2.1104490757
1.57019400597
2.65454006195
2.61246585846
2.32923007011
1.58081388474
1.78115391731
1.83990097046
1.74972295761
2.61068892479
2.23445892334
1.61543703079
1.48096609116
1.67822504044
1.62570905685
2.06206512451
1.89014983177
1.82345986366
2.91213703156
2.40163207054
2.37849402428
1.99938106537
1.99025702477
2.02846002579
1.45521593094
2.01180100441
1.78030586243
2.04493188858
1.7490029335
1.71109604836
1.93080997467
1.9580540657
2.97030687332
1.85877299309
1.82882404327
1.67857909203
1.65952992439
2.47137999535
2.02783513069
1.79455208778
1.67059612274
1.92084097862
1.69116187096
1.9427189827
1.55085802078
1.79307889938
2.03205609322
1.74788498878
1.71510195732
1.74633002281
1.68457603455
2.77920818329
1.64523506165
1.50881886482
1.55624318123
1.92442798615
1.99911689758
1.78874397278
2.83222603798
3.20403718948
2.64004516602
2.09479093552
2.63404488564
1.94935512543
1.56819200516
1.61917901039
2.28870296478
2.02341413498
1.87593102455
2.01653790474
1.64260697365
1.97573494911
1.89203977585
1.73300790787
1.71659302711
1.84537410736
2.09343910217
1.64146590233
1.73611187935
1.69822120667
1.81134390831
2.65385985374
1.65523910522
1.71125197411
2.19823002815
2.41889095306
1.97477006912
2.30838799477
2.24719500542
1.95428705215
2.29461193085
2.45365905762
1.43186593056
2.73110485077
2.71210408211
2.09962797165
2.2384967804
2.23181200027
2.49766302109
1.88858795166
1.78591108322
1.87687397003
1.70197200775
2.11446905136
2.11777019501
1.57502388954
1.78441500664
1.58313798904
1.66000699997
1.94422793388
1.87855792046
1.88733911514
2.56738805771
3.22636198997
1.8867149353
1.65643906593
1.56353783607
1.57585096359
1.5341899395
1.9207239151
1.52874183655
2.06954407692
2.21441292763
2.674929142
1.52992892265
2.63949990273
3.13846707344
1.73135399818
