2.6737909317
2.08134007454
2.38208007812
2.27358412743
2.14850997925
2.75521087646
2.14749598503
2.29931998253
2.80230689049
2.34490513802
3.14097213745
2.60580897331
2.64579105377
1.95044803619
2.12144994736
1.70753383636
1.98323297501
2.26363897324
2.76380705833
3.34352993965
2.4714038372
2.16401410103
2.26421308517
2.88588404655
2.03752017021
2.46350598335
3.01541900635
2.34289693832
2.59590220451
2.57069516182
2.10342693329
2.82460403442
2.47221899033
3.3149368763
2.22213196754
1.92795705795
2.34710502625
2.65288710594
2.44575500488
1.94888901711
2.05132699013
2.01396799088
1.91785001755
2.19793105125
2.78805685043
2.12677907944
2.19140005112
2.59606003761
2.79409503937
2.9219789505
2.04480814934
3.30556511879
2.96936702728
2.41165518761
2.4217300415
2.03861689568
2.58863902092
2.26702094078
2.29333281517
2.28909611702
1.89606714249
2.28729605675
3.01473498344
2.6947619915
3.23285007477
2.05421686172
2.46183800697
2.32083797455
2.6741809845
2.84989213943
2.46669507027
2.33864402771
2.70415401459
2.45788311958
2.75775003433
3.04491400719
3.18960285187
2.72782301903
2.55826807022
3.08100104332
2.71579098701
2.53157019615
2.1719250679
2.72150588036
2.12364983559
2.29994082451
2.00817680359
2.49971199036
2.33626508713
2.46592283249
2.16295599937
3.19749093056
2.50183916092
2.81585717201
2.71757507324
2.66130518913
2.08095693588
2.41869401932
3.23168921471
3.43907094002
2.75150084496
2.86035990715
2.84130692482
2.30339813232
2.41413784027
2.62043309212
2.75250697136
2.86307311058
3.100522995
3.11739397049
2.29390311241
2.12707996368
2.69571685791
2.74460101128
2.49506306648
2.3145108223
2.20624995232
2.72586488724
2.05395793915
3.15411305428
2.56564903259
2.79434609413
2.27524089813
3.48304390907
2.4422249794
2.24104094505
2.80092310905
2.83230805397
2.3985710144
2.40729093552
2.1929769516
2.11867189407
2.39785408974
2.29329204559
3.20412302017
2.0247900486
2.62416005135
3.41462898254
3.24450492859
2.3551261425
2.37805104256
2.78135085106
2.27883601189
3.02777409554
2.39965891838
2.25720715523
2.41297602654
2.93161392212
2.04607105255
2.76593518257
2.19525408745
2.37559604645
2.18229007721
2.9585750103
2.29414582253
2.38739895821
2.10251402855
1.88037896156
2.27323913574
2.39166092873
2.59996891022
2.49892997742
2.74956297874
2.6910700798
2.54825687408
2.46740603447
2.36923599243
2.14815402031
1.8308839798
2.4214990139
2.20405006409
2.30522799492
3.03676605225
2.36200904846
2.02849411964
1.9872200489
2.26475095749
2.03199791908
2.93615412712
2.64135980606
2.11781191826
2.24861598015
3.39772701263
2.02528619766
1.98189902306
1.77432990074
2.99854803085
2.81221413612
1.70790910721
1.9504711628
3.15356302261
2.38203787804
2.6865940094
2.20136117935
2.05934000015
2.50785088539
2.63382005692
2.37011790276
1.88397693634
2.59664511681
2.63008618355
2.0589029789
2.62844181061
2.28063201904
2.31103610992
1.83572506905
2.56158995628
2.68238186836
2.22132778168
2.16165304184
2.49436998367
2.0608279705
1.97218704224
1.96747088432
3.45481300354
2.41878199577
2.2487308979
2.25506305695
2.30413913727
3.05178403854
3.03125810623
2.83420205116
2.28952884674
2.7513999939
2.87048006058
2.19916701317
2.27612781525
2.56150507927
3.07250118256
2.46568608284
2.54309821129
3.02849388123
2.66884684563
2.04144310951
3.25609707832
3.18590807915
3.22680997849
3.14419794083
2.14731192589
1.93396186829
2.32612204552
2.67517495155
3.83778905869
2.68399405479
1.9418258667
3.28820705414
2.66814398766
3.43971085548
1.8284611702
2.11139893532
2.46806311607
2.14582705498
2.34543800354
2.58157491684
3.67883610725
2.87070202827
2.87254881859
2.29327917099
2.21962189674
2.73926901817
2.19903993607
3.54329490662
2.27142310143
2.38153505325
2.72163009644
2.32297897339
2.60580086708
2.27787995338
2.81767702103
2.31906294823
2.57097792625
1.91582894325
2.28846597672
1.92534804344
2.02108287811
2.23130893707
1.98613405228
2.01250195503
2.0336868763
2.24959087372
2.85373902321
2.82515907288
2.74272108078
2.01494121552
2.24527812004
2.14511299133
1.99934887886
2.12187814713
2.81288099289
2.85303902626
2.26545095444
2.18795895576
2.29277205467
2.50968503952
2.39442706108
2.9246070385
2.44093203545
2.17815804482
2.55053496361
2.00368881226
2.49825787544
2.63281607628
1.97305488586
2.57560491562
2.50104999542
2.31035494804
2.59014320374
2.18130588531
2.60084199905
3.01561594009
2.16977095604
2.68797302246
1.84459495544
2.09652590752
2.45090985298
2.45829582214
3.48818397522
2.54514408112
2.56803107262
2.841766119
3.37325811386
2.95996499062
3.44027400017
1.92587184906
3.06305909157
2.96480607986
2.21269106865
2.27467799187
2.37064790726
3.16918492317
2.8414349556
2.54971599579
2.04644107819
2.49597811699
2.30227589607
2.97613811493
2.94864201546
2.14564490318
2.15794086456
3.00767207146
2.86719417572
2.5142929554
2.6983499527
2.63342690468
2.16251993179
2.07636094093
2.82234215736
2.2880089283
2.28111386299
2.97551298141
2.54038596153
2.24832510948
2.26900792122
2.09809398651
2.46092319489
2.38674116135
2.46482300758
2.53745222092
3.22343993187
2.19814300537
3.03838014603
2.04043316841
2.11099004745
2.2888071537
2.47217917442
2.33638501167
2.17753195763
2.28695893288
2.61563301086
2.13643288612
2.15987992287
2.07169795036
2.30689287186
2.71094083786
2.70841407776
3.47539496422
2.68939495087
1.92354202271
2.22986483574
2.98632001877
1.97663903236
2.6595761776
2.25615000725
2.5964448452
1.99191093445
1.78942203522
3.37248516083
2.73170900345
2.50376081467
1.85941410065
2.92443084717
2.7550110817
2.90780305862
2.03657913208
3.01302504539
3.23292613029
2.11559486389
2.41025686264
2.17351508141
2.09895896912
2.24534487724
2.79445505142
2.44955611229
2.65803194046
2.51888608932
2.22837710381
2.65477991104
2.44597005844
2.18528604507
2.2649641037
2.53367590904
2.82188415527
2.2015619278
3.0311961174
3.23377203941
2.05765485764
1.99372315407
2.06576299667
3.38538002968
2.86366415024
3.27266693115
2.22397303581
2.80128312111
2.60259795189
2.44173693657
2.91267704964
3.41316914558
3.15207099915
2.47273111343
2.97915005684
2.50035500526
2.2685790062
1.93460893631
2.02957201004
2.15824890137
1.85562205315
1.93316292763
2.08269190788
2.54869508743
2.17522501945
2.4815621376
2.09524488449
2.33526206017
2.88291287422
3.14270401001
3.34480404854
2.35417294502
2.12303805351
2.90518403053
2.92479991913
2.83264517784
2.80542993546
2.64568305016
2.28850412369
2.71725487709
2.87898898125
2.70319414139
2.10798406601
2.20529794693
2.2294280529
1.98511695862
2.13667607307
2.03404116631
2.22364592552
2.18727302551
2.2684109211
2.12209200859
2.21215295792
2.56842398643
2.10194587708
2.06582212448
2.16957402229
2.14298295975
2.27311205864
2.09307909012
2.57022500038
3.2191631794
3.32058501244
3.61064600945
2.30914282799
1.8980858326
1.98149085045
1.95163083076
1.92247700691
1.81686520576
2.25842404366
2.23680496216
1.96242713928
2.04094099998
1.87806987762
1.78973793983
2.36905097961
2.13134908676
1.88292312622
2.38315916061
2.00332188606
2.69498896599
3.0381128788
2.65463781357
2.05928015709
2.14552593231
2.20768809319
3.06144094467
2.06871390343
2.6726038456
2.71321487427
3.442912817
2.6520550251
2.51686120033
1.97474908829
2.10021901131
2.80068993568
2.15678286552
2.74671196938
2.51785206795
2.32121515274
2.13685107231
2.51701712608
2.31081700325
2.23598814011
1.88966417313
2.12390494347
2.48171806335
2.03821516037
2.11228108406
2.04831290245
2.08177709579
2.05701708794
2.85774803162
2.93994998932
2.78189706802
3.21346902847
3.11579799652
2.44551801682
2.20234298706
2.24891591072
2.75426602364
3.0956530571
2.7326939106
2.89281201363
2.55569601059
2.69111394882
2.64875197411
2.46752595901
2.41519498825
2.86110496521
2.86330699921
2.18856811523
2.28377604485
2.53335905075
2.85215306282
3.06253886223
2.44501614571
2.43381690979
2.82973504066
3.68404817581
2.28616094589
2.31929302216
2.9757809639
2.65738415718
2.64200210571
1.86732506752
2.45416998863
2.2006688118
3.16467189789
2.10432219505
2.04516792297
1.68617105484
1.67407488823
1.73361706734
2.05942082405
1.89012002945
1.74999213219
1.91754984856
2.32215881348
3.12160110474
2.48772788048
2.10891914368
2.11960983276
3.55543494225
2.26545906067
2.15253782272
2.54340314865
2.88781714439
2.28499913216
2.19170403481
2.11794090271
1.99728012085
2.03040599823
2.20720887184
2.24388504028
2.95586919785
2.08639407158
2.58217406273
2.01451611519
2.0933008194
2.03420090675
2.3413670063
2.56556200981
3.85997605324
2.30085515976
2.42510700226
1.89752316475
2.07246804237
2.58101296425
2.46972203255
3.02658700943
2.50204396248
2.34118390083
2.48719382286
2.12909984589
2.28065609932
2.38922715187
2.71616387367
2.2362279892
2.09875202179
2.9082930088
2.43035292625
2.32953500748
1.86623215675
2.90822696686
2.22325992584
2.00724720955
2.40053486824
2.37848687172
2.19683504105
2.53604197502
2.04629397392
2.08339881897
2.78868818283
2.73559498787
2.55669212341
2.16492605209
3.10946202278
2.61304092407
2.62966918945
3.31445217133
2.83586716652
2.91264009476
2.14059591293
2.04809999466
1.85915899277
3.28175902367
2.10602807999
2.27519488335
3.156208992
2.55282711983
3.05569505692
3.90434288979
2.18939614296
2.15757489204
2.40809893608
2.91568994522
2.98860883713
1.9661128521
2.02903914452
1.91196298599
2.45856904984
2.57161593437
3.12552881241
2.09862017632
2.16521501541
3.01474809647
2.55045104027
2.7210829258
2.20561814308
2.36354899406
2.56893897057
2.30294513702
2.51417899132
2.7850689888
2.29249191284
2.15489816666
2.5583319664
2.11050701141
1.87645196915
3.27919101715
2.46151185036
2.13959693909
2.09264087677
2.39143180847
2.52054190636
1.98808193207
2.33067202568
2.32006597519
3.00352501869
2.3184940815
2.70326399803
2.79839682579
2.90474820137
2.11185693741
2.39644503593
2.1224501133
2.15328717232
2.32156920433
2.46413898468
2.40551495552
2.30052995682
2.61773109436
3.03845882416
2.90071582794
2.09694290161
2.75150609016
3.44937181473
3.47212290764
2.73854517937
2.39796686172
1.81758594513
2.32168483734
2.37367796898
2.85935091972
3.30050492287
2.34282112122
1.93356108665
2.20245409012
2.35978293419
2.1168410778
3.36189007759
2.55208206177
3.63279914856
1.95744991302
2.11505103111
3.03904485703
2.37611222267
2.57768201828
2.69017696381
2.49920082092
2.02355003357
2.17295002937
2.56614398956
2.18630409241
2.52524495125
2.46086215973
2.22595500946
1.74149799347
2.16714787483
1.80756092072
1.91296601295
2.44001603127
1.79607391357
1.76988196373
3.22237992287
1.8517138958
2.87334489822
2.25806212425
2.3211619854
1.84102320671
2.23841786385
2.64459705353
2.80673503876
1.98508214951
2.59997701645
2.00940990448
3.23752498627
3.50873804092
1.8556201458
1.8205769062
2.87466907501
2.54187512398
2.22231006622
2.2735850811
2.58766818047
2.67046403885
2.1347079277
2.9939160347
1.90713787079
2.04569888115
1.77156805992
2.15365099907
2.24986505508
3.70948290825
2.79318189621
2.42262887955
2.82757997513
1.86109209061
1.63726997375
2.91501498222
2.58288884163
2.62178397179
1.84267091751
2.16475892067
2.82671880722
2.04770207405
2.35221719742
1.82944393158
3.13037204742
3.86684894562
2.39696598053
2.19125199318
2.35871195793
1.92891216278
2.67293405533
2.74049496651
3.53269290924
1.89290809631
1.75647878647
2.34517812729
1.9440779686
2.14995980263
2.00944185257
2.65049290657
1.88225412369
2.08616304398
2.07352018356
1.92307496071
1.98066115379
2.0206849575
2.4586892128
2.15307092667
1.85800504684
2.39729714394
2.67756795883
2.20327019691
2.19294714928
2.11082601547
2.01099801064
1.91489911079
1.80599308014
2.34145188332
1.88369202614
1.87989878654
1.8578350544
1.71267294884
1.91040802002
2.13410878181
2.5371119976
1.93290996552
2.07925391197
2.59889292717
2.22766900063
3.00051999092
3.04223513603
2.02827119827
2.84594893456
2.17705893517
1.81302404404
2.01569199562
2.16549301147
1.83637881279
2.08040189743
1.94757699966
2.05726695061
1.83260011673
1.60098695755
2.91873812675
1.66303181648
1.8502509594
1.85947608948
1.88961410522
2.4552719593
3.13774585724
1.68702411652
1.61434197426
1.78733301163
1.96731686592
1.99731993675
2.04203510284
2.07457113266
2.2755548954
2.39284896851
1.69345188141
2.1841340065
1.7317109108
1.81751298904
1.88935709
1.60587286949
1.68980717659
1.62038612366
2.02790188789
1.73685312271
2.51367592812
1.81947994232
1.53453993797
1.61867308617
2.63376307487
2.39399909973
1.79686713219
3.19707393646
2.19280695915
1.80591082573
2.26477909088
1.69200897217
2.46352791786
1.82519102097
2.92902207375
2.24964785576
1.71479797363
2.03119015694
1.89022397995
1.76915287971
2.3269610405
1.96902704239
1.93079185486
1.64205384254
1.95650100708
1.71814608574
1.67272090912
1.51676893234
1.67503285408
1.6405620575
1.85100889206
1.66214203835
1.5953271389
1.65953612328
1.69060993195
1.7230360508
1.75782585144
1.63335609436
1.67334389687
1.76955008507
1.87892794609
2.27958083153
2.50857901573
1.689920187
1.50801682472
1.86351203918
2.00099396706
2.02485704422
1.57973909378
1.65833091736
1.6582159996
1.8191549778
1.66812300682
1.74965500832
1.52945399284
1.60144400597
1.69466590881
1.61991906166
1.77494621277
1.70285582542
1.83281302452
1.70857286453
1.68839693069
1.53560709953
1.59410881996
1.84191298485
1.82137203217
1.81310486794
1.58189892769
1.61607193947
1.73697495461
1.70200681686
1.5315220356
1.56698894501
1.61585116386
1.59950995445
1.64803504944
1.67385411263
1.574655056
1.57275891304
1.55159807205
1.50074219704
1.58107590675
1.63543701172
1.62211799622
1.74291801453
1.75468301773
1.62319803238
1.57703208923
1.59226202965
1.66491794586
1.66182112694
1.62053704262
1.65526199341
1.67560601234
1.63708806038
1.6035759449
1.75557494164
1.57180213928
1.63690495491
1.5080769062
1.59685182571
1.54691410065
1.52116417885
1.56642413139
1.5934138298
1.68550300598
1.63793992996
1.68216896057
1.78201580048
1.58880901337
1.66228294373
1.64596486092
1.64475393295
1.67847204208
1.70165991783
1.61828303337
1.58608102798
1.56986904144
1.61175107956
1.66121006012
1.53266811371
1.58373498917
1.53007078171
1.61136198044
1.58577489853
1.62554717064
1.65340805054
1.62038683891
1.69508600235
