1.79152297974
2.19565105438
2.3400888443
1.85144400597
1.8144569397
2.25554704666
2.01732897758
1.65502595901
2.67613506317
2.33978295326
2.70865011215
2.16409611702
2.01047515869
2.87302708626
2.26441192627
2.32482409477
2.5924680233
2.32294201851
2.89079999924
2.62280201912
2.95471906662
1.76319503784
2.58518218994
2.21118998528
2.60922598839
2.73430585861
2.39498710632
2.33939504623
2.08286714554
2.15404391289
2.5981490612
1.74273109436
1.95374894142
2.1342959404
2.28553915024
2.04527807236
2.45024704933
2.55814409256
1.97568202019
2.47290205956
2.23782205582
2.39084219933
2.64275789261
2.79540205002
2.74114513397
1.76082992554
1.78006410599
1.90024399757
2.08195304871
2.04864621162
2.07011389732
2.75148296356
2.38441491127
3.08961606026
2.19811487198
2.6570520401
2.04716491699
2.23396396637
1.8706240654
2.30134797096
2.34963607788
1.75914382935
2.11017990112
3.06376099586
3.26776599884
3.24491882324
2.30708813667
1.97091293335
1.9001429081
2.00143504143
2.23660588264
2.51575899124
2.11685490608
2.21503186226
2.81262207031
2.93223381042
2.93526506424
1.99374318123
2.06833815575
2.18786907196
2.43905496597
3.16754984856
2.24244308472
3.03850102425
2.65833997726
2.28172206879
3.03002691269
2.50611805916
2.50953793526
2.89424300194
2.9272749424
2.27731800079
2.44726800919
1.93806004524
2.35655283928
2.99333000183
2.65399622917
2.59526610374
2.67454195023
2.33901000023
2.2177131176
2.41349887848
2.5441839695
2.5483789444
2.08356904984
2.02390503883
3.14990210533
1.99037909508
2.76839995384
2.98064494133
2.08575201035
2.08764815331
2.7149169445
2.80498099327
2.26717400551
1.95806097984
2.3928899765
1.98839712143
2.80051898956
1.72578501701
2.33504199982
2.84590387344
3.29627203941
1.95267510414
1.83914589882
2.1886920929
2.82848596573
2.1480281353
2.23444581032
2.84446406364
2.89049005508
2.40244293213
2.1166369915
2.51669788361
3.03626799583
2.35760402679
2.65846514702
2.12153291702
2.73367404938
2.75930190086
2.76953196526
2.24799418449
2.62292695045
2.21096897125
1.93117499352
2.08750414848
2.06955194473
2.00996685028
1.95982599258
2.46641898155
2.4218211174
2.09215903282
1.9137070179
2.06747484207
1.82254004478
2.22310304642
2.67070293427
2.68793296814
2.35388088226
2.82321405411
2.22229981422
1.84068107605
2.04668784142
2.04286694527
2.56580710411
2.14132809639
2.30084705353
2.13484191895
2.60289382935
2.30590105057
2.99317288399
1.96389198303
1.91422390938
2.86395788193
1.88735818863
2.04720211029
2.40337300301
2.84707784653
2.62508702278
2.21575307846
2.90467810631
2.53011608124
2.81993293762
2.36602187157
2.92166686058
2.02910399437
2.02339196205
1.94439697266
2.39052605629
2.19540405273
2.68208789825
3.00823998451
2.42348098755
1.97936701775
1.84059715271
2.04345178604
2.52474212646
2.99508309364
2.2932767868
1.97838282585
1.89885091782
1.76727700233
1.97925901413
2.44514107704
1.87218403816
1.97090601921
3.20473098755
2.00130081177
2.8369371891
2.24352908134
2.06970787048
2.20451498032
1.75986504555
1.98928594589
2.05687999725
2.22534799576
2.13287997246
2.00330090523
1.99236989021
2.7388010025
2.71384215355
3.06389284134
2.63744711876
2.42276501656
2.1302421093
2.37328982353
2.67261695862
1.62412905693
2.58044910431
2.59378099442
2.09811091423
2.10687685013
2.16556501389
1.79303598404
2.73549008369
3.19524097443
1.8428299427
1.72812485695
1.81962800026
2.12798595428
2.44799900055
2.15093588829
2.11570000648
2.09485292435
2.77895092964
1.86508893967
2.63428807259
3.06301689148
2.34449887276
2.14333605766
1.98975205421
2.11504888535
1.99897813797
2.52414488792
2.16325998306
2.0009329319
2.32943797112
1.83300709724
1.90107798576
1.93166804314
1.79756808281
1.96882605553
2.27572584152
1.93031406403
2.24593997002
2.09215402603
2.0394821167
1.89074993134
2.46462702751
1.66501402855
2.48584985733
2.21591997147
2.04629206657
2.79008412361
2.03924322128
2.2302339077
2.21987509727
2.14619708061
3.37071585655
3.25473690033
2.91219091415
2.5372428894
2.35729002953
2.2282230854
2.11379408836
1.83719301224
1.85526108742
2.14491820335
1.98288202286
1.92499709129
1.87028384209
2.11521315575
2.24027514458
2.12765288353
2.60651397705
2.23608398438
3.15649700165
2.49281597137
2.02484202385
2.3195040226
2.50578212738
2.3014190197
3.01747894287
1.8436691761
2.08401107788
1.685806036
2.0307970047
2.61309695244
2.16968178749
2.06197309494
1.95745205879
2.88028693199
3.44724416733
2.44200491905
2.26102185249
3.11177897453
2.00265979767
2.34355211258
2.97308707237
1.88372015953
2.68458104134
2.53478908539
2.57777905464
2.08838009834
2.31007814407
2.9581258297
1.80327796936
2.26729798317
2.03618097305
2.0568420887
2.40849781036
1.81866002083
1.83426904678
1.92319393158
2.14757394791
2.28015995026
2.02856898308
1.7744679451
3.0172059536
1.99529099464
2.24987697601
2.34098815918
2.05571913719
2.45124483109
1.90786099434
2.08710289001
2.35460090637
2.43200016022
2.47664999962
2.32972097397
2.72380495071
3.06455397606
3.11041808128
2.67142605782
2.21547818184
3.33278989792
2.40435814857
2.10641813278
2.15843510628
1.83898997307
1.90276098251
2.36841201782
2.99862003326
2.3077750206
2.35884618759
2.97872304916
2.47334599495
3.03815102577
2.18883299828
2.02622389793
2.15232491493
1.9972410202
2.58197784424
2.53504109383
2.14505290985
2.69527697563
2.56251382828
3.20887207985
2.47236800194
2.52837014198
2.06550097466
2.03914499283
2.4097931385
2.70262813568
3.08472895622
3.20179486275
2.16789007187
1.85617303848
2.68286681175
2.35987114906
3.25868296623
1.59030485153
2.82996296883
1.87880992889
2.37604594231
2.83785295486
1.88634204865
2.93214297295
3.25695896149
2.19491410255
1.92896986008
2.74538397789
2.1244020462
2.16242408752
2.7978208065
3.04099011421
2.27876496315
2.17137813568
1.97302699089
2.6482770443
2.39235806465
1.73043298721
2.22516489029
1.64938592911
1.71509504318
2.5687789917
2.23682594299
2.72487807274
2.78550887108
2.1486890316
1.92787313461
2.90698099136
2.46979594231
2.49429893494
1.77706980705
2.1838490963
2.10961604118
2.58608293533
2.70068502426
1.92093396187
2.42473292351
3.3277349472
2.61636900902
1.89401292801
2.43261384964
1.88638114929
3.0590941906
2.32716989517
2.66203808784
2.00962805748
2.37733006477
2.43936085701
3.51191520691
1.99501395226
1.77274298668
2.41173601151
2.40576601028
2.23570299149
2.67659401894
2.24853110313
2.21528100967
2.54928088188
2.86803293228
1.80227518082
2.12105107307
2.1872651577
2.05882096291
2.26539087296
2.87128305435
2.68916583061
2.60871601105
2.20113396645
3.4773478508
2.01824688911
2.31386995316
2.51191997528
2.31169009209
2.80278897285
1.88873100281
2.07723093033
3.26595401764
2.83440804482
3.15344500542
2.60590004921
2.67223095894
1.7012898922
1.98633718491
1.9224460125
2.68559503555
2.22249007225
3.16576910019
1.92350792885
1.96351289749
2.28485679626
2.42492389679
1.97089910507
2.97496008873
2.31457495689
1.89364886284
3.05222916603
2.49987697601
2.38925695419
2.03862404823
2.16526985168
2.92265200615
1.939702034
2.09235620499
2.81156396866
2.35198879242
1.80373096466
1.97122812271
2.41876196861
2.10908317566
2.13363289833
2.87577009201
1.76184606552
1.94862008095
1.95157289505
2.02813315392
2.13253903389
2.08667898178
2.42587208748
2.47054290771
2.07285714149
1.729129076
2.23324298859
2.35740399361
2.1579978466
1.84623789787
1.83379006386
1.77956199646
2.40627884865
1.95614409447
1.70621204376
2.14066004753
3.12148404121
3.40169286728
1.99986600876
2.95498204231
1.75662994385
2.69953989983
2.21598696709
2.23696494102
2.22126603127
2.44401478767
2.87903594971
2.03947496414
2.28255295753
2.28773188591
2.01898503304
2.66575312614
2.28731703758
1.92160701752
2.57590293884
3.27024888992
2.39982295036
1.89241099358
2.6000919342
3.13866209984
2.78854417801
1.99719595909
2.65006804466
2.1002831459
2.29079794884
2.87565803528
2.11341094971
2.00936388969
1.98451399803
1.78389000893
1.90558505058
2.07610011101
2.06746077538
2.17905592918
2.47614312172
2.28282999992
1.90615010262
1.8877491951
1.88142204285
1.91290712357
3.30777907372
1.96547412872
2.01497912407
2.13916897774
2.05432391167
1.87230205536
2.06385302544
2.66500806808
2.59160804749
1.88010191917
1.72249412537
2.00285506248
2.43647909164
2.63772201538
1.70381116867
1.99257493019
1.80884599686
2.14323401451
2.55263710022
2.13522100449
2.02794408798
1.91464710236
2.48888611794
2.5593829155
2.19204902649
2.38763093948
2.8026599884
2.54593896866
2.28609609604
2.05547904968
2.52343797684
2.3846039772
2.19504499435
2.35973095894
2.92036485672
2.89248299599
2.07764410973
2.0689868927
2.85232806206
2.26306200027
1.88118290901
2.63565707207
2.60667991638
1.93014717102
1.64352583885
1.8586640358
2.29706287384
2.39836406708
2.40880799294
2.11532711983
1.79329204559
1.89745187759
2.6584239006
2.21017789841
2.08706903458
1.66105508804
1.89069700241
1.8956720829
2.33338618279
2.04440808296
3.06469488144
3.19073700905
2.41989803314
2.05151891708
2.41181993484
3.03817391396
3.07235312462
1.88512706757
2.86859607697
1.99533891678
2.04193282127
2.3727350235
2.11316800117
2.08623290062
2.09856510162
2.10648298264
1.85760307312
2.49889302254
2.30670595169
1.9610619545
3.28883814812
2.21282410622
2.08165788651
3.32871103287
2.53950095177
2.12589621544
2.30014705658
3.27392196655
1.96512508392
1.94974994659
2.82156395912
2.96665716171
2.91877007484
2.23470306396
2.12631702423
2.56893181801
2.08442807198
2.19396495819
1.99908280373
2.51739192009
2.24281406403
1.96944499016
2.70883011818
2.15925192833
1.7371840477
2.34399199486
2.53026485443
1.86509585381
1.72241401672
1.87324905396
2.65493702888
1.7554898262
2.0944750309
2.22971081734
1.77093601227
2.12050914764
1.98712801933
2.06791996956
2.91688895226
2.49863290787
1.84084796906
1.94137811661
3.36848115921
3.49679803848
2.71515607834
2.28204703331
2.15051317215
1.93431806564
2.07183289528
1.96259498596
1.87763190269
2.13257002831
2.14019799232
2.33967518806
2.34818816185
1.92829394341
2.35579395294
1.73833012581
1.82512187958
2.11928391457
2.34044790268
3.19171094894
1.8599011898
3.30545496941
3.60487818718
1.96352481842
2.05980110168
1.81462812424
2.10054802895
2.27041888237
2.10764098167
1.8262181282
2.17619395256
2.05090999603
1.8237798214
1.81962013245
2.20081710815
2.08848500252
1.76775288582
2.10366415977
1.91304993629
1.98056197166
1.81120300293
1.93507599831
2.07777094841
2.70977902412
3.22309088707
3.39139103889
2.58527112007
2.22357606888
3.03587007523
2.82096791267
3.04637289047
2.65695810318
2.52631402016
2.83927798271
1.75814294815
2.72561693192
2.12155485153
1.9195868969
2.79454898834
2.655834198
2.3194270134
2.3523349762
2.01854991913
2.086384058
3.28314709663
2.49157214165
3.03944683075
3.4883980751
2.78046107292
2.11001896858
1.88602495193
1.83104586601
1.94300198555
2.06322789192
2.66772699356
2.74635314941
1.8619351387
2.04076910019
2.16839003563
2.56373906136
2.14371991158
2.59150218964
3.12691688538
2.03486800194
2.34357500076
2.74376702309
2.3476960659
3.14114093781
3.13212299347
1.99988102913
2.18325185776
2.27723908424
2.37356996536
2.04342293739
2.34469008446
2.40781784058
2.53904294968
3.09822583199
2.30410814285
2.2135989666
1.98375511169
2.06342411041
2.85004401207
2.65846800804
3.01818203926
3.56199407578
3.24957203865
2.98711395264
2.7878279686
2.7487859726
2.22418904305
1.76099991798
2.58866405487
1.85612106323
1.85980296135
1.70708084106
2.64345812798
1.88648891449
1.86787605286
1.85002398491
2.04929685593
1.94217801094
2.56456708908
3.10072803497
3.1335299015
1.78871202469
2.28571009636
1.8455119133
2.32328796387
3.35563397408
2.08441495895
2.02714395523
1.84398603439
2.43019199371
2.43748998642
3.12318992615
2.5578110218
1.86843514442
1.64506387711
2.03026294708
2.36846613884
2.09408211708
2.57472491264
3.35626006126
1.97483897209
2.0227959156
2.30556893349
1.75021886826
1.76762700081
2.29708194733
2.73629689217
1.72970604897
2.52435612679
1.97844099998
1.97760391235
2.57636117935
2.7729780674
2.02829408646
1.67961788177
1.70756602287
2.14949393272
1.88695979118
1.59297299385
2.85970115662
1.73859882355
1.9630959034
3.12644481659
3.09431505203
2.19345402718
1.78910803795
2.1281619072
2.18351817131
2.39888906479
2.96688699722
1.99224710464
2.22150802612
1.77234005928
1.90412306786
1.92656993866
2.48259019852
2.45783305168
2.78461503983
3.01566195488
3.3905851841
3.09380602837
2.01047706604
2.09130191803
1.43687915802
1.65506410599
1.78895688057
2.50747990608
3.00593805313
1.74930596352
1.87409186363
1.75408983231
1.87595200539
1.84615421295
1.76678180695
2.31695389748
2.22068786621
2.67717003822
2.51561689377
1.61595392227
1.8916079998
1.96980285645
3.10508298874
2.17763710022
2.64109587669
3.18833613396
3.16762495041
2.62630009651
1.94759106636
1.871489048
1.71106886864
2.38234400749
1.9926609993
1.70004296303
1.7703769207
1.64895200729
1.47396087646
1.57504081726
1.66684699059
1.82560992241
1.77500605583
1.84504699707
1.64099693298
1.69507694244
1.99803090096
1.69224309921
1.99590182304
1.72847414017
1.53629088402
2.43934106827
1.815128088
2.59109115601
1.66604685783
1.68633890152
1.89518618584
1.90218997002
1.64069700241
1.55038309097
1.75739979744
1.69974303246
1.93215894699
1.7323949337
1.7877061367
1.67349600792
1.75402212143
1.80071997643
1.84629392624
2.59791779518
2.29961585999
1.55760097504
1.61631011963
1.71151804924
2.30347013474
2.39544916153
2.40004682541
1.73417210579
1.92434000969
1.73097920418
2.09289693832
1.7114109993
1.73706507683
1.81668710709
1.47975111008
2.38977217674
1.5584499836
2.10363984108
2.58142399788
2.18917703629
2.35248804092
2.1259829998
1.8359439373
1.4862139225
1.5355591774
1.62197589874
1.7355928421
1.48167896271
1.45419502258
1.41237592697
1.56932687759
1.91270804405
1.5296049118
1.72896099091
1.72012400627
1.73004817963
1.69026613235
1.54201793671
1.57163190842
1.58845305443
2.57973790169
1.96969389915
1.6391210556
1.73247504234
1.66638493538
1.59932303429
1.55790495872
1.49370098114
1.49238181114
1.5818939209
1.63763594627
1.66672587395
1.92645096779
1.58134222031
1.61375403404
1.53887009621
1.53752708435
1.57484292984
