1104
1109
1109
1111
1106
1102
1106
1108
1106
1108
1105
1107
1106
1108
1109
1110
1108
1108
1105
1106
1108
1108
1107
1107
1109
1100
1104
1105
1105
1108
1107
1106
1107
1111
1107
1107
1109
1104
1108
1106
1108
1109
1106
1108
1109
1106
1106
1110
1106
1109
1106
1108
1109
1109
1102
1107
1107
1106
1107
1110
1104
1107
1113
1103
1102
1103
1104
1110
1104
1108
1105
1105
1106
1104
1107
1110
1100
1108
1107
1107
1111
1112
1110
1107
1109
1111
1104
1107
1105
1110
1107
1100
1104
1106
1111
1107
1104
1110
1106
1104
1108
1110
1111
1106
1108
1105
1109
1107
1109
1106
1107
1110
1113
1102
1109
1102
1105
1107
1108
1108
1103
1106
1106
1103
1106
1109
1105
1105
1107
1109
1107
1106
1108
1106
1101
1106
1111
1106
1105
1103
1110
1105
1106
1111
1109
1106
1108
1107
1107
1106
1109
1109
1104
1109
1111
1108
1106
1105
1105
1106
1107
1096
1107
1110
1105
1102
1102
1107
1106
1109
1108
1109
1108
1108
1107
1105
1112
1104
1108
1108
1107
1109
1106
1109
1108
1108
1109
1108
1106
1110
1107
1099
1106
1106
1108
1106
1110
1103
1104
1106
1107
1107
1106
1110
1105
1107
1107
1110
1101
1107
1107
1110
1106
1112
1107
1107
1102
1110
1107
1107
1104
1107
1107
1101
1109
1103
1105
1111
1106
1104
1107
1109
1106
1108
1105
1104
1106
1101
1107
1106
1107
1111
1107
1106
1108
1107
1109
1105
1108
1108
1106
1108
1108
1109
1107
1106
1108
1105
1107
1109
1106
1107
1108
1106
1107
1111
1104
1111
1106
1109
1104
1109
1106
1106
1103
1107
1108
1104
1107
1111
1110
1107
1107
1108
1109
1108
1109
1106
1106
1108
1105
1110
1109
1106
1111
1111
1105
1111
1110
1106
1105
1104
1112
1107
1107
1107
1106
1097
1108
1110
1109
1106
1105
1105
1107
1107
1104
1100
1105
1105
1110
1105
1109
1109
1103
1106
1108
1107
1104
1106
1103
1105
1105
1110
1110
1111
1109
1103
1111
1104
1100
1106
1111
1108
1110
1104
1111
1107
1101
1110
1106
1107
1106
1104
1109
1109
1108
1107
1105
1103
1103
1104
1103
1108
1110
1106
1107
1103
1107
1104
1108
1105
1110
1107
1103
1108
1103
1107
1104
1107
1106
1105
1107
1110
1109
1107
1105
1106
1104
1106
1108
1109
1105
1100
1107
1106
1107
1106
1105
1106
1104
1105
1099
1101
1105
1106
1108
1104
1107
1104
1109
1106
1106
1109
1104
1105
1107
1108
1109
1108
1105
1109
1110
1106
1104
1108
1105
1105
1110
1108
1103
1108
1107
1110
1103
1106
1107
1107
1107
1105
1107
1107
1108
1108
1105
1107
1104
1109
1107
1111
1110
1106
1106
1109
1106
1107
1111
1105
1107
1109
1112
1106
1110
1110
1108
1107
1108
1108
1108
1109
1107
1107
1108
1107
1094
1106
1108
1107
1106
1107
1113
1109
1107
1105
1107
1107
1109
1105
1110
1110
1107
1108
1104
1109
1107
1102
1108
1105
1107
1110
1109
1107
1107
1108
1108
1108
1106
1099
1106
1106
1109
1103
1106
1105
1109
1100
1110
1108
1107
1107
1107
1105
1105
1105
1107
1107
1108
1107
1108
1105
1108
1107
1104
1108
1110
1107
1105
1105
1103
1104
1106
1108
1100
1108
1108
1106
1108
1108
1106
1105
1110
1108
1108
1104
1104
1108
1103
1104
1105
1106
1109
1109
1106
1107
1104
1106
1104
1111
1112
1107
1106
1110
1110
1106
1105
1110
1108
1107
1106
1109
1104
1106
1107
1108
1102
1107
1105
1109
1109
1105
1105
1110
1105
1108
1104
1112
1109
1110
1107
1108
1105
1109
1109
1102
1112
1105
1108
1109
1108
1102
1103
1106
1107
1108
1106
1105
1108
1110
1106
1107
1111
1107
1103
1105
1109
1099
1105
1102
1105
1109
1102
1106
1105
1111
1107
1109
1108
1104
1109
1105
1114
1107
1109
1104
1107
1104
1107
1108
1112
1109
1107
1105
1107
1106
1107
1107
1104
1108
1104
1108
1103
1105
1102
1105
1108
1106
1108
1109
1111
1106
1105
1107
1109
1104
1111
1108
1108
1105
1108
1109
1109
1112
1105
1107
1106
1108
1104
1100
1111
1106
1111
1098
1109
1106
1108
1104
1109
1107
1108
1103
1107
1108
1108
1108
1105
1109
1106
1105
1107
1107
1107
1108
1103
1106
1104
1104
1107
1105
1107
1104
1107
1110
1109
1107
1109
1112
1107
1107
1109
1106
1106
1100
1105
1108
1110
1112
1108
1101
1106
1109
1107
1109
1109
1108
1102
1100
1105
1103
1105
1104
1110
1108
1103
1108
1107
1108
1108
1107
1106
1108
1110
1107
1107
1109
1105
1109
1108
1105
1105
1109
1106
1105
1103
1109
1109
1110
1107
1109
1109
1108
1108
1109
1108
1108
1108
1106
1105
1108
1109
1111
1107
1103
1108
1102
1104
1110
1104
1108
1107
1108
1107
1113
1105
1104
1105
1103
1109
1102
1108
1107
1109
1108
1104
1106
1105
1106
1105
1106
1106
1110
1103
1109
1109
1110
1106
1104
1104
1105
1106
1108
1109
1109
1109
1112
1106
1107
1107
1105
1108
1105
1107
1105
1109
1110
1105
1107
1108
1108
1106
1109
1108
1108
1106
1110
1107
1109
1109
1108
1106
1104
1109
1111
1107
1108
1109
1108
1114
1109
1102
1108
1108
1108
1104
1107
1106
1108
1105
1105
1108
1111
1104
1110
1106
1106
1112
1111
1105
1107
1102
1107
1101
1102
1108
1101
1105
1108
1107
1111
1109
1103
1107
1108
1111
1103
1110
1106
1109
1109
1109
1107
1106
1107
1110
1108
1111
1105
1104
1107
1108
1104
1109
1109
1107
1105
1104
1107
1108
1110
1111
1105
1098
1107
1104
1105
1108
1106
1108
1106
1107
1103
1107
1108
1104
1108
1103
1104
1108
1108
1107
1109
1107
1105
1111
1110
1105
1105
1102
1107
1103
1107
1113
1108
1108
1110
1108
1105
1109
1109
1106
1110
1108
1106
1106
1109
1104
1109
1109
1103
1106
1108
1111
1099
1106
1105
1108
1101
1106
1104
1111
1105
1104
1108
1108
1108
1104
1109
1109
1107
1101
1107
