3565
3494
3291
2408
2296
3015
2793
2992
2676
3153
1994
3291
3633
3347
2865
3086
2984
3110
3629
3223
3531
2551
3057
3900
3556
2465
2915
3883
3516
3060
2379
2801
3542
3899
3561
3498
2883
3439
2559
4107
2262
3017
2635
3461
2723
2759
3352
2718
2494
2573
2225
2701
2353
2170
2386
3723
2925
3450
2736
2800
3007
2275
2822
3586
3590
3522
2417
3494
2068
3351
3140
3503
2877
3559
2801
1996
3093
2438
3504
2994
3908
3090
3054
3401
3373
2570
2916
3097
3366
2623
3115
2685
4132
2675
2802
2415
3840
3199
3814
2335
2746
2432
2470
4075
4710
1791
3566
2463
2598
3889
2372
2957
3132
3264
2237
3543
2816
3485
2920
3090
3392
3339
2852
2798
2588
2754
3344
3157
3334
2937
3776
3029
3194
3216
3015
2570
3385
2323
3104
2573
3535
3131
2509
3124
3584
1917
3470
4202
2386
3515
2862
3142
3572
2455
2446
3187
3617
3015
3285
3378
3599
3001
2377
2576
2132
2917
2397
3740
3686
2722
3247
2896
2513
2992
3004
2888
3485
2808
2259
3499
2645
2780
3005
2293
3058
2387
3058
3090
3898
2505
3118
3210
2764
2764
3370
2918
3446
2401
3190
3623
1953
3849
3358
3992
2858
2817
2347
3248
2354
2408
3285
2824
2921
3298
2271
3177
3621
3353
3353
2176
2830
3832
3097
2123
2858
2862
3311
2924
3986
3110
3279
2542
2478
2615
3598
3560
2940
3036
2951
2000
2843
2167
2585
3298
2942
3496
2730
2151
3518
2622
3670
3526
3612
2965
3745
3175
3213
2208
3136
3086
2548
2255
2781
2268
4496
2083
3168
3205
2350
2734
3639
2454
1988
3461
3175
3645
3945
2724
3100
3192
2839
3068
2954
2219
2918
2535
2197
3282
3171
4106
2955
3918
3488
2525
3100
3225
3103
2637
3776
3205
2793
3462
2556
2958
3385
2801
3616
3189
3751
2077
3626
3258
3977
3867
2962
3418
2266
3992
2710
3864
2819
3727
3546
3195
2234
3168
3549
3819
3160
2249
3128
3252
3622
2899
3199
3714
2022
2078
3499
2952
3257
4091
3853
2533
3472
3648
3581
3134
3362
3431
4516
2464
3558
3267
4147
3467
2826
2917
2292
3688
2214
3609
3506
4378
2971
3884
2519
2982
2479
4113
2551
2872
3758
3558
2219
3048
3580
3783
3697
3497
3839
4056
3832
2845
2250
3656
2296
4338
4236
3596
2711
2159
2834
2443
3759
4119
2306
3525
3869
3656
2213
3177
3973
3047
3721
3805
2354
3588
2227
2948
3631
3208
3507
2771
2721
4218
3633
3286
2884
3784
3745
3303
3048
3334
2486
4217
2914
3311
2173
2757
3794
2610
2076
3870
2390
2486
3936
1936
3597
3187
3894
2510
4218
3815
3560
3964
2634
2895
3049
3459
2235
3693
2108
2710
2873
2475
4066
3750
3413
3538
3420
3170
2256
2356
2122
3689
3125
3161
3918
3400
3517
3593
2174
4088
2844
3172
3882
3683
3591
2878
3303
3933
3842
3304
3761
2248
2700
3057
2835
2774
4489
3410
2236
2309
4398
4546
3524
3630
3698
3222
2876
3067
3593
2328
1968
3390
3104
1935
2111
3459
2481
3251
3194
3832
2513
4117
4170
3587
3020
2708
2258
3690
3837
2501
3496
3216
3466
3647
3493
3433
2424
2652
2789
3948
4131
3091
3411
3048
1960
3648
3534
2321
4045
3314
3835
2341
3524
2515
3032
3589
2625
3831
2221
2950
2941
3985
2270
2157
2906
2349
3014
3849
3394
3243
2882
2685
2737
2289
3960
2628
4160
3369
2658
3480
3440
3540
3167
3327
3596
2758
3533
2270
3769
4875
2704
3967
2253
2489
4586
3607
3945
3241
3888
4098
2216
3143
2725
2261
3815
3554
2705
3103
3830
4586
3050
3102
2885
3216
2222
4373
2091
2066
4967
2185
3718
3653
3547
2282
3880
4010
2603
3652
3691
2360
3457
3745
2723
4304
3843
4016
3576
3578
3604
2808
3324
4278
3589
3819
2874
3415
2210
3960
3239
3381
3999
2703
3717
2851
3412
2120
3969
3686
3520
2705
3795
3975
3571
3608
3378
3943
3185
3717
3989
4048
3384
3099
3672
3038
3373
4146
2401
2387
2752
3993
2402
2960
2630
3702
2349
2364
2428
1901
3758
2196
2255
2606
3669
3479
1794
3929
3458
3273
3610
3979
4447
4399
4049
4887
3383
3492
2350
3886
4004
2195
4245
3942
4207
3425
4046
1967
2203
3920
4734
2341
2993
3731
2675
4496
3564
2688
2854
3645
2273
3853
2066
3276
3279
3663
2888
3417
4031
2336
3573
3209
3552
4026
3502
3350
4113
3537
4066
2819
4176
3132
3687
2882
3157
3802
3828
3341
4551
3197
2740
2953
2845
2693
2257
4130
3607
2396
4282
4211
3477
2253
3412
3716
3683
2418
3839
2848
3505
2947
3627
2252
2976
2448
3509
4168
2302
3794
4008
2578
2564
3882
3085
3438
2760
4131
2618
3322
3570
2657
3940
2864
2422
2342
2773
2094
3643
3176
2329
3307
4082
3874
2169
3832
3226
2509
3621
2933
2199
2609
4081
4055
3138
4014
2798
3338
3226
2102
3749
3526
3940
4602
4134
3468
3593
3902
4075
4034
2251
3299
3722
4039
2134
3245
3756
3593
3589
3031
2336
3722
2973
3177
2922
3088
3924
3695
3320
2882
3466
3520
2473
4126
4280
3568
3165
3276
3750
3971
4282
3718
2459
2320
3432
3399
2353
2689
2677
3902
3522
2376
3682
2059
2983
2893
4239
2916
3313
2117
4162
2703
3144
3822
4072
3212
3458
2658
3685
4526
2896
3629
2452
3774
3764
3381
4709
3980
2759
3458
2946
4119
2006
2398
4095
2060
3018
3340
3067
3542
2518
3672
3716
3789
2097
2619
3932
2910
3472
3611
3996
3297
3905
2161
2775
2202
3665
3931
3448
2508
3495
3827
3752
3656
3693
3734
3768
5187
3605
3814
3178
3308
2883
2502
1941
2392
2511
3979
2396
2687
3043
3916
2302
3648
2742
3424
2528
2023
4477
3606
2015
2695
2463
3857
2296
4395
2351
2149
3651
3969
3195
3034
3446
3455
3461
3739
3639
3964
3224
2306
3251
3145
3968
3273
3408
2059
2415
2303
4000
3947
3689
3396
3464
3190
2452
3645
2840
2326
2885
3351
