3013
3721
4036
4013
2290
3946
3318
3786
3677
4153
3864
2828
3291
3089
3837
3958
2766
2443
2509
3747
3860
4399
3545
3010
3074
4192
2258
3644
3729
2732
2611
3897
3632
3315
3794
3136
3614
3444
3475
3122
4013
4032
4261
4110
3262
3246
3535
4199
2778
3575
4063
3999
3421
2926
2410
3946
2571
2195
2808
3134
2592
4002
3811
3641
4299
2531
3322
3657
3180
2502
4415
2953
3544
4038
2868
2926
3524
2061
3471
3127
3399
3184
3932
2797
3625
3688
2547
3473
3771
3749
3830
2447
2053
2896
2229
2556
2415
2633
2145
3747
2561
3382
3260
3481
2499
3225
3870
2945
3972
3069
2415
3862
4153
3097
3333
3430
3918
1994
3411
3185
3481
3871
3615
2954
3340
2699
2937
3459
3685
2461
2143
3935
3659
3792
3850
3582
2876
3083
3807
2394
3825
2582
3156
3759
3235
3621
3736
4279
2756
3782
2457
3789
4257
2897
3553
3074
3193
3625
3915
3892
2620
2450
3067
4360
2578
3495
1948
3530
3771
3216
2595
3689
3595
4228
4268
2535
3473
3372
2956
3354
2334
3725
2742
3940
3921
4733
4528
4512
2932
4073
4685
4045
3886
4813
3296
4321
4193
3957
3883
4251
4654
3710
4134
2282
4355
3994
3130
4611
3071
2327
3582
3515
3276
3674
4761
4129
3382
3955
2715
3340
2587
3252
2431
2726
3573
2418
2148
2665
3372
2812
2314
2661
2698
3366
2034
2170
2159
2230
1983
3645
3618
3812
2205
3224
2866
3166
2489
3880
3117
3472
3285
3673
4080
4516
3991
3795
4416
2193
2270
3511
3859
3493
3504
3722
4147
4118
3222
3013
3534
3552
4211
4117
4108
2922
3946
3632
3699
3079
3980
3946
3492
2981
4147
2463
3662
2325
3512
3593
4123
2254
2872
4517
3758
3600
4224
4015
3860
3440
2613
2894
2065
3102
2202
3133
2306
4208
3088
3894
2554
4348
2751
3621
2837
2538
3197
3906
3244
3281
3236
3067
3638
3226
2874
2066
2908
3392
3573
3408
2893
2121
3174
3600
3401
2532
2840
3523
3136
2464
2876
3645
2306
4139
3503
3811
3493
4090
2092
2800
2370
3866
4022
3302
3672
3653
2637
4575
3665
3203
3007
2317
4187
4423
3385
3843
2257
3950
3219
3288
3269
3727
3816
3809
3430
3701
2687
3431
3554
3058
3407
2384
4094
2668
3353
3614
3651
3157
2320
3593
2397
2968
3152
3909
3375
3666
2510
2437
3017
2372
2307
3107
4023
2077
2475
2847
2750
3746
3128
3585
2937
2862
3536
3959
4096
3726
2148
2815
2799
3619
3685
2318
2486
3084
3474
3635
2683
4389
3147
2683
3672
2779
3026
3533
3015
3846
3244
3928
3058
2383
4400
3199
3756
3063
3272
3523
3499
2954
3147
4050
4143
3278
3034
3426
3475
3626
3751
3925
3715
2804
3361
3519
3610
2750
4403
2667
4382
2508
2990
2446
3025
2496
3460
2761
2802
3733
3178
3014
3284
4222
3683
2643
3545
3328
2405
3300
3093
3387
2569
3234
2983
3812
3184
2660
3733
3304
2455
3527
3523
3065
2719
4055
2775
3584
2933
3745
3642
2423
3563
2657
2892
3719
3762
4179
2748
2431
3567
2264
3645
3110
2915
4369
4066
3407
3149
2663
3936
3076
3581
3663
2783
4453
3319
2240
4027
4674
3456
4115
4388
3036
3258
3189
3661
2690
3281
3122
3890
3902
2816
3528
2610
4454
2947
3593
2701
3537
3170
2336
3625
2996
3161
3593
2375
2588
3004
3146
2663
3369
2863
2848
2725
3429
3745
2467
3251
3292
2740
4152
3602
2500
2630
3130
3181
2453
2883
2780
3183
2112
2409
3034
3060
3504
4096
4047
4149
2614
3388
3478
3990
2736
2724
4013
3270
3299
3453
2153
3333
3624
2962
3910
2549
3614
3823
3967
4034
2185
2705
2406
3798
2399
3661
2967
3528
2857
3099
2309
3447
3905
2983
3843
3880
3293
2556
2908
3138
3550
2984
3334
2702
2405
4441
2749
4401
3819
3384
4017
2372
4350
3988
3399
4333
3379
4047
2889
3954
2428
3186
2943
3215
3028
3149
4095
1793
3840
2684
3864
3367
2823
4446
3987
3647
3285
3107
3424
4722
4776
4032
4206
4637
3807
3153
3844
3563
3636
3468
4676
2329
2323
4527
3688
3138
3577
4066
3415
2336
3553
3011
3292
3599
3698
3941
3983
3695
3410
2788
3967
2412
3997
3585
2326
3368
3286
3565
3195
3588
3243
3081
2705
3499
3206
3083
2646
3430
4357
3533
2975
2191
3784
3760
3331
3619
3417
3955
3368
3595
4220
3963
4101
3498
3507
3225
3569
4330
4352
3957
3275
3648
2903
4074
3916
3969
3748
3686
3981
4628
4481
2616
4895
3587
3468
2527
2929
4689
2483
3099
3912
4688
3672
3573
3535
4181
2183
3559
3953
3951
4143
3507
2451
2531
3672
3705
3455
3998
2986
3701
4495
3912
3134
3490
2828
2286
2863
3197
4029
4407
3288
3905
2872
3698
2354
4120
4061
4092
3902
3943
4300
4016
3949
4010
2364
4145
2583
2349
3416
3539
2447
3083
3074
3705
3668
3637
4051
4051
3369
4041
3660
3835
2979
3235
3700
2458
3843
3595
3324
3842
3760
3674
3419
3435
3914
3209
3635
3493
3526
3476
3385
2278
4451
3847
2770
3885
4407
3346
4700
4064
2270
4518
3796
4712
3974
4170
4026
3360
2747
3479
3709
4103
2890
3663
3372
3688
3118
3994
3757
4089
2068
3649
4067
3501
3433
2707
3518
4021
3760
2211
4719
4392
4158
3430
2351
3623
3364
3673
4005
2470
4324
4191
3930
3173
4105
4022
3737
2354
3479
3409
3904
4447
3511
3568
3556
4232
3702
3562
2358
3808
4400
3287
2099
2519
2396
3733
4228
3637
3812
2654
4064
3821
3707
3726
3724
4187
3038
4714
4232
3561
2414
4178
4469
4251
2559
4386
4336
2612
4334
3372
4235
2220
3131
2654
3553
4727
3977
3553
2702
4063
4857
2253
2829
2363
3512
3144
3992
3739
3931
3347
3492
4030
3571
3904
4562
4381
4121
4315
3726
2894
4026
4175
3747
4248
3491
2426
2730
4320
2438
3503
2815
4034
3710
2640
2286
4281
4241
2134
4385
5090
2325
3516
4346
3331
3885
3955
4002
