7517
8932
8290
8721
8046
8612
9354
9202
7312
9017
8734
7872
9172
9168
9089
8558
9083
7641
8094
8694
7973
8846
8120
8826
8899
7594
8234
8326
8447
8458
8106
8554
9049
9361
9455
9442
8568
8499
7979
6183
8457
9104
7964
7170
8981
8669
9289
6886
8981
9011
8460
6692
9197
9670
9713
7585
8113
8009
8246
7029
8815
8855
9309
8301
7983
8268
9108
7055
9074
8572
7262
9095
8989
8143
8608
9439
8185
8448
8688
9064
8505
8205
9236
8001
9056
8571
9399
8236
9091
8707
8518
9423
9594
7830
8776
8300
9048
9448
8412
8644
8988
9485
9001
9044
8705
8403
9504
7251
8521
8763
8598
8536
8550
7872
8462
8947
9109
8605
8907
9308
8413
8365
5497
9079
5777
7839
7057
9088
8437
8131
9123
8503
8901
9829
8351
6178
8575
7758
9411
8918
8393
8280
9974
9207
9159
9417
9399
9736
8820
9108
9039
8958
9031
8807
8533
8929
6483
9042
8778
9188
10728
8986
8850
5173
8320
9233
8688
9296
8806
8970
9000
8626
7551
9542
9211
8831
8857
8808
9273
8566
7904
8894
8797
8510
10012
9750
8702
9063
8644
8509
8753
8485
8878
9097
9527
8698
9212
9516
8968
5978
8843
9516
7675
8961
9004
6432
10801
9877
8412
8562
8944
8950
8795
9101
8828
9054
7976
9558
8970
9796
9329
8885
8895
8235
8810
9085
8190
8497
9049
7768
7506
8403
8557
8829
7991
8759
9327
8989
9061
8867
9283
8693
9392
8457
7834
9130
8937
8950
8969
8801
8743
9180
9305
8371
7836
9464
9940
10191
9051
8754
9226
8318
9154
9296
8749
10104
9527
7388
8148
5398
9215
9164
9452
9557
8685
8325
8514
9040
8098
8636
8912
9631
9719
8974
8613
8509
8737
9028
9482
9212
9577
9063
8918
7923
8879
8778
9258
9470
8451
8751
9108
8767
8471
9870
8109
8759
9270
8298
9012
9036
9244
8675
9070
9230
8558
9219
9458
8719
9415
10547
8788
8597
9370
8934
8855
10004
9234
8687
9237
8561
8445
9289
8684
8879
9347
9319
9309
9906
5102
8623
9569
7678
4985
9493
8929
9371
8448
9387
9341
9183
9206
8981
8778
9302
8271
5286
8753
9588
9834
8898
9735
9343
9370
8342
7760
8589
8726
7926
8311
7746
8813
8192
8838
7654
8274
8589
9093
8975
6833
9316
8423
9347
9494
8742
9549
9921
9246
9732
8790
8663
9238
9138
9353
8954
9345
9367
8974
9385
7850
8492
9096
9493
8960
8387
8574
8687
7962
9170
8917
9164
9005
9720
8426
9744
9421
8622
9171
9191
9204
8964
8917
9646
9028
9079
9249
7715
6615
8777
9197
9295
9482
9286
9313
9180
9456
9257
7711
9132
9144
8733
8946
9205
8558
6982
7808
8644
8152
9084
6140
8433
7880
8263
8985
8980
9155
8729
8962
9262
7733
7715
8966
8909
8617
8937
8871
9659
9002
9005
9088
9160
9406
9046
8665
8791
9633
9460
8897
9334
8835
9195
9372
9077
9507
8878
9951
8439
7908
9443
8755
9145
10058
9217
8622
9529
10191
9161
7996
7907
8421
8823
8821
9457
9371
8359
8773
8732
8903
9014
8790
9087
9139
9453
8449
9698
5986
4813
7642
6526
7722
7305
9448
8560
9561
8191
8817
9229
8918
9283
9393
9026
9057
10025
7761
9201
8899
10113
9421
9550
6646
7614
9040
8871
9591
9406
9190
9598
8858
8696
9925
9536
9018
9593
9055
8869
9167
9095
10348
8838
8911
9439
8744
9194
8510
9301
7960
9448
7168
7523
6078
4894
9263
8467
9007
8614
10622
9726
6629
10092
9313
9103
9266
9328
8555
10083
9517
8778
8798
9039
8560
8682
7511
9165
9068
7928
8415
8611
9218
9160
9181
9511
9178
9487
8211
9736
9066
9887
9176
8430
8551
10385
8399
9749
9108
9205
8983
9309
9232
8407
9631
9316
8638
8257
9803
9169
9008
8806
8121
8785
9634
8963
9063
8961
10205
9222
8826
9197
8783
8713
9124
9701
9069
8961
9587
8713
9735
9723
8155
9279
9022
9642
9288
9361
9069
8594
10061
8964
8901
7596
8774
8760
9131
10123
8651
9040
8819
8259
10017
9911
8689
8448
8904
9359
9405
8867
8987
7263
7058
7973
8813
8165
8814
7839
7325
7721
7922
8907
8488
8436
7732
8705
8904
8731
8787
8483
10742
9092
9054
9342
9112
9379
9730
7693
9040
8705
8659
9001
9496
8829
9774
10183
8828
9052
9933
5953
8865
9554
8662
5677
8667
8579
9576
7904
8633
8375
9072
9177
9194
9461
8850
10117
8849
9844
9398
9417
8806
8279
9383
9326
8631
8236
8831
8875
8721
9646
9874
7468
9855
9649
9160
9173
9571
8885
8850
9468
9075
9105
9968
9319
8488
9592
10162
8837
9471
9312
7067
8994
8859
8680
9338
9155
9463
9226
9769
7764
9307
9423
8995
8821
9247
9127
9368
8938
7402
8574
9054
9217
9513
9199
9246
9156
8519
9054
9573
8715
10188
9378
8751
9713
9369
9118
9791
9890
9439
6455
9761
9281
8936
8441
5588
8705
8965
9195
8813
9254
8289
8609
8627
9675
6798
8791
9783
7874
9267
9048
9212
9081
9355
8105
8385
7805
10084
8552
7233
7559
7129
8041
7416
8556
9097
10181
9409
8410
9206
9358
8523
9099
9629
9783
7449
8859
8324
7887
9177
8183
8141
8659
8554
8958
8558
7140
7480
8315
8620
8922
8753
8883
9251
8832
8859
9816
9686
9468
8871
9034
8212
7982
9101
9061
10011
8724
9305
9559
9299
9079
6422
8943
8961
9888
7150
9028
8099
9264
8078
9238
8905
9043
9329
9186
8529
9001
9420
7945
9425
9147
8967
9131
9486
9873
8727
9219
9348
8399
6864
8553
8576
9042
9318
8814
8325
8889
7329
5495
7883
10097
8383
8883
8432
6758
7094
8638
9353
9156
7863
9914
7822
7801
8059
9166
9704
9499
8861
9554
7975
6359
8469
8937
7600
8198
9272
8934
7879
6644
9194
7959
8832
8053
7970
8147
8298
8156
9200
8918
8367
8580
8055
8832
9206
8017
9750
8685
8942
8450
8998
9256
8114
8223
8528
9283
8144
9229
9208
8832
7283
9276
8932
7949
7877
7388
8563
7049
8914
7776
9035
10556
8915
8649
9913
8941
9292
9810
