9384
8608
8309
7023
8266
6121
7101
5100
9379
8600
9508
9637
9099
7160
7067
7654
6891
8277
8358
9095
5008
8809
5453
5440
4748
4952
5609
8416
9674
10121
9362
8157
8827
9744
8900
8916
8879
9102
8296
9276
8764
9262
8906
8081
8181
9299
9051
9146
8809
8750
9276
8436
9288
8732
9380
8923
9602
9535
8749
9494
9168
10070
8919
9310
8882
9593
8906
9342
8818
9210
9019
8518
5835
7014
9173
9183
9111
8775
9423
8946
9120
9139
8880
9362
7411
6539
8571
5081
4792
5172
4857
8030
4847
8272
5894
7798
5891
6364
9066
6767
8926
9399
9395
9075
9252
8547
9390
9185
9377
9355
8086
4688
8382
9040
6327
6401
9981
8631
8706
9725
9119
9111
8682
7701
7898
8121
8639
9732
9083
9566
9002
7157
8586
9010
9176
8292
8988
8863
8269
8124
9548
9684
9948
9699
9655
9581
8791
9516
9369
8058
9504
9186
8821
9985
9405
10083
8931
9596
9259
8682
8740
8870
9662
9278
9569
9720
8912
8376
8967
7185
8784
8711
9536
9113
7353
8915
9472
8695
7919
8209
9174
7891
8894
8287
9019
9576
9262
8690
9271
8724
9477
8922
8979
9803
9339
6240
9383
9136
8738
8601
8371
8856
9763
8981
9158
9070
9245
9804
10187
9675
9016
9556
8399
8640
9592
9619
10044
9707
8777
8939
9395
10173
9942
9068
10335
9808
8620
9270
9537
10061
10071
9947
9304
9481
9501
8664
9724
9983
10419
9504
9254
8801
9609
10448
8757
9413
6961
8225
9735
8717
9461
9239
9414
7771
9225
9682
8032
8078
9865
9430
8753
8720
9361
4479
4654
8526
7210
7691
8157
8917
4935
7951
7366
6817
5228
5754
8348
5900
5215
7026
5276
4781
5468
8900
9598
7832
5033
5663
5041
5556
4699
5050
4993
4848
4947
4846
4572
4893
4942
4856
4951
4991
4805
4653
4856
5116
4886
4887
4678
4469
4911
5038
4714
4906
4995
5074
4977
5134
5052
4931
4680
5101
4782
3893
4829
4812
4837
4142
4941
4738
4840
5163
4854
4532
4284
4897
4322
4887
5060
4782
4714
4816
4814
3576
4780
4770
4706
4778
4724
4864
4023
4884
4807
5110
4190
4686
4812
4492
4663
4992
4338
4717
4653
4625
5064
4954
4716
4703
4742
4865
4780
4433
5015
4998
4529
4981
4672
3267
4801
4419
4259
2142
3328
2907
4040
2199
4565
2358
3310
2658
3139
3419
3557
3070
4129
2344
3753
2444
2494
3932
3556
3347
2080
3598
2575
3948
2299
3587
3542
2704
2588
3654
3102
3381
4138
3004
2520
2874
3637
2326
2695
3895
2878
2955
3363
3086
3798
3102
2906
2782
3072
2644
2488
2411
2214
3154
3385
3073
3111
3392
3016
2448
2711
3196
3747
3504
3236
2965
2959
3704
3110
3061
3620
2435
3622
2100
3374
2666
3385
2985
2495
2967
4116
3999
3626
2521
3912
3071
2778
3563
3176
1972
2400
2154
4103
2415
3244
3083
2484
2643
4249
2953
3056
2893
3069
3363
3162
3991
2731
3746
2418
2281
2881
2457
4051
2459
3612
3511
3009
2926
2891
2761
2798
2935
2793
3330
2757
2987
2977
3200
2127
2769
3737
3238
2666
3640
3004
3892
3308
3576
3045
2752
3321
3449
3129
2146
2349
3360
2758
3268
3457
3326
2381
3438
3463
3392
3153
3262
2533
3929
2366
2968
4060
2683
3498
3656
3004
3543
2497
2227
4104
3212
3790
2661
3435
2791
2595
3175
2747
3821
3072
2900
3686
2654
2739
2670
3779
3015
2250
3694
2495
3198
2311
3200
3718
3018
3884
3401
2588
3675
2825
2995
3726
2337
3646
3148
3574
3596
3993
2373
2542
3894
3336
3898
3615
2988
3644
2890
3445
2744
3539
3275
2711
3413
4456
3614
3337
3230
3831
3446
4444
3447
4507
3537
2192
3447
2338
3590
3317
3946
3526
3680
3759
2235
3699
3308
2403
3920
3678
3619
2076
3099
3928
3762
2942
3772
2091
2639
3645
2425
4022
3819
3833
3332
2950
3155
3038
3464
4151
2175
3417
3276
2416
3385
2212
2896
2123
2166
2392
3915
3206
2020
2358
3756
3566
2525
2457
3717
3444
3590
4318
4151
2895
4502
3749
3921
2666
3472
3869
3738
3408
3428
3598
2716
2983
3377
2552
2880
2379
3676
2991
4210
4176
2411
2590
2983
3712
3447
2937
3621
3162
3313
3544
3692
2749
3704
3139
2466
3413
3416
3290
3586
4386
3363
2694
3416
2380
3159
2641
3307
3751
3580
3326
3444
3358
4003
3911
2446
3631
4133
3496
3826
3228
3149
3515
3808
3444
3171
3782
2717
2356
2125
2543
3182
3367
4053
4147
3843
2998
4222
3729
3553
3481
3923
3314
3097
3950
3760
4192
3895
2567
2422
3531
2427
3140
2240
2842
2538
2964
3305
3209
2797
3599
3042
2203
3963
3803
2530
3687
4017
2244
3708
4242
3359
4214
4094
4203
2778
3628
2353
2655
2562
2310
3574
2725
2279
3592
3993
3671
2579
4578
2690
3466
2877
3128
3072
2301
2523
4185
2152
3868
4098
3621
4543
3844
4051
4220
3990
3987
2371
4005
3764
4053
3538
3981
3677
3861
3093
3964
4866
3606
3510
3837
3827
4153
2437
3623
3553
2268
2742
3635
3474
4041
2325
2265
4163
3452
4393
3270
2228
3368
3572
2777
3822
4141
2429
3707
3596
3520
2935
2431
3116
4008
4011
4065
3611
3230
2641
4003
3970
4786
2729
3146
2206
3953
2772
4074
2925
2284
3258
2467
3366
3523
2881
4182
4583
3831
4482
3247
3207
3958
2125
3445
4763
3992
2257
3759
3127
3720
3456
3656
3016
2919
3745
3489
3648
4187
2707
3432
3948
3461
4001
3601
4039
3836
3902
3448
4414
4184
1838
3999
4330
4407
3591
3852
2436
3030
3194
4073
3366
3855
2812
3333
4364
3580
3656
3406
4304
3962
3368
2445
2391
2464
3345
3414
4312
3854
3844
2773
3988
3419
4447
4435
3195
3290
3704
3647
3333
3063
2329
4634
2573
2834
3254
2201
3963
2489
2237
3569
3356
4215
2860
4797
3792
3686
2350
3553
3332
4116
3904
3929
4185
3817
3569
3899
3042
2523
3049
3581
3650
4357
3941
4210
4605
3435
3512
2224
3343
2430
4076
