10122
9846
9646
9109
10243
9966
10591
9673
9633
10178
10434
9856
10237
10500
8834
9938
10337
9673
11221
9660
8920
6504
8796
10170
9221
9893
9436
8902
9520
9052
7993
10403
9009
9754
7204
8884
9518
8184
9300
9090
9290
9726
8736
9658
9276
9316
8013
8979
9850
7353
7384
8337
9067
8905
9795
9323
8517
9471
9235
9174
9523
9793
7805
8551
9149
9178
9715
8889
8684
8916
9015
7135
8252
7813
8795
8029
8992
8901
9250
9822
8713
8955
9458
9150
5123
7296
9558
9488
9063
10038
8658
8852
9302
8245
8285
8855
9198
8916
8691
8937
9488
9732
8660
9536
8989
9674
9556
10243
9713
8761
8302
7981
9347
8557
9015
9198
10740
10195
9435
10272
9293
9310
9135
9137
9236
9293
9033
9016
9531
9501
7708
9566
10329
8597
9168
9288
9947
7771
8513
9392
9755
8387
8889
8868
9506
10000
9874
8512
8882
8443
8934
9149
6022
9055
9333
8849
7547
7638
7539
9178
7942
9169
8521
9617
8901
8709
8224
9608
8963
7566
7441
7316
8560
8779
7898
8689
8085
10200
8586
8832
9248
9484
9673
9063
8736
8420
8589
9092
8069
9089
9711
9253
10179
10206
8211
7699
7856
9237
9533
10239
9395
9200
8339
8973
9133
8836
9337
9230
9189
8862
8562
8980
9219
9240
8527
8493
9111
8939
9052
8148
8619
9374
9284
9453
8805
9594
8935
9103
8368
9076
8919
9786
9443
9338
8092
9546
9930
9719
9325
10187
8813
8986
8866
8724
9000
8472
8729
8643
8439
8846
8708
8810
9542
7485
8764
8841
5892
9566
9728
9149
9723
7516
8980
8914
8842
8885
9311
8463
8390
8512
8053
8655
8565
9552
9042
9377
8563
8478
8242
8473
9185
8716
8305
9517
8792
7869
8745
9763
9102
8938
9481
7728
9668
9607
8935
8354
8786
8905
8528
8408
8577
9078
9216
8944
9462
8734
8660
9521
9811
5135
8316
8160
8141
8666
9154
9858
9912
8903
8841
9639
9323
9726
9272
8870
9531
9299
9284
10404
10718
9173
8266
9092
11507
9642
9689
9490
9317
9514
9512
9501
9648
9471
10450
9482
8669
8468
8401
8530
6844
9559
9644
8857
9250
7845
9902
9574
10382
8648
9500
9303
8897
9948
9767
9436
9363
9861
8834
8721
8582
8279
9346
9933
9293
8787
9629
9649
9717
10119
9584
10471
9586
10518
9124
9862
9004
9572
9287
9227
8851
9804
8431
9794
9496
9931
8220
9676
9292
9704
9697
9463
9295
9277
9225
9204
9190
9193
9594
9571
9522
8710
10026
9803
7942
10912
9950
10494
9417
9454
9744
9781
7502
10010
10473
10430
10154
10013
9802
9778
9988
10541
8366
9721
10615
9905
8681
9642
10279
8968
8938
8827
7251
9083
10071
11055
9628
9216
9377
9126
10457
9564
9038
10521
10072
9220
9336
8934
10091
10163
9327
9236
10263
9025
9642
9955
9556
9653
10470
10092
9874
10326
10120
9412
10159
10202
9648
9734
9080
10204
9853
8906
8456
9206
9495
9908
9355
9711
9826
10405
8923
10593
9206
9391
8987
9513
10264
10519
9894
9410
10022
10037
10054
8839
9539
9050
9514
9343
9610
8895
9749
9209
9968
10428
8806
8634
9491
8803
10122
8777
9371
9495
9469
10182
9739
9540
8518
9079
9561
8885
10151
9864
9875
9409
9189
9112
10015
9035
8813
9219
8544
9559
9533
10412
9226
10704
8981
8477
8621
9122
9363
9904
9792
9441
9496
9325
9213
8959
8995
8665
8918
9864
10178
9604
9665
9826
9820
9594
10067
9905
9740
10857
9752
9391
9604
10167
9915
9659
8231
8945
9975
8956
10271
9306
10420
9394
9180
10013
8663
8671
9336
9471
10972
10122
9901
8685
9327
9427
9158
9136
9581
9466
9266
9088
9728
9057
10389
8987
10177
9100
9575
9395
9606
9667
8614
9660
10772
9825
8964
9198
9045
9159
10148
9947
10267
9228
10170
9621
7674
8678
8950
8899
7560
8313
9176
9008
9083
9127
6984
9805
9361
8565
9300
10000
9670
9653
9318
9713
10385
11077
9262
9143
10114
9628
9351
9722
9092
9114
9290
9454
10676
9970
9706
8770
9510
8917
9827
9438
10004
9344
9450
9083
10600
9284
9468
9381
10062
9205
10244
9927
9447
9493
8758
10291
9083
9231
9937
8552
9674
10094
9524
8646
9682
8943
10321
10643
9135
9148
9275
9781
9730
9533
8940
10349
9192
9846
9713
10111
8712
10140
9687
9474
9201
9465
8585
9151
9901
9392
10125
9487
9021
9176
10184
9541
11224
9611
9679
10587
11203
9583
9114
9422
10205
9223
9245
9687
8713
9125
9030
9401
8065
7622
9341
9814
9973
9765
8917
9658
6873
9380
9870
9310
10245
9708
9189
9091
8625
8929
10275
8639
8877
9082
9839
9214
9507
9053
10166
9849
9758
9700
9410
10230
9793
9259
9777
9167
8876
9688
9552
9539
9377
9686
9323
8410
9252
9582
9037
10232
8843
9996
9536
10184
8434
9413
8572
7947
9619
9601
8956
9097
10176
9774
9382
9387
9618
9323
10374
9786
10101
10064
10263
9232
10499
9925
9168
9382
9116
9215
9843
10435
9665
9139
6425
9774
9396
9853
9310
9214
9161
10014
9282
9855
9642
7455
9008
9327
9443
9724
9439
10073
9765
9808
9377
9353
9303
9264
9504
9804
9321
9411
9556
10188
10361
9270
8840
9114
9559
10333
9179
9109
9234
9017
10030
7720
9907
9757
9119
9149
10208
10830
9529
9390
9508
9543
9128
10115
9300
8887
8309
8083
8667
8758
9330
9404
9643
9104
9049
8893
8969
9151
8624
9359
9607
7310
9120
5479
8122
8584
8963
8692
9941
9241
9016
8388
8765
8914
9187
9674
9253
9442
9328
8840
7460
9213
9445
8819
8681
8665
9100
7474
9721
8720
8254
7286
5382
9196
9154
7501
8693
9570
9187
6539
8380
8677
8003
4850
7866
9092
7552
8463
8539
4725
5025
9306
9386
7730
5881
7959
8558
8875
8236
9253
8924
9062
8891
8431
8492
8510
9103
8957
9472
9347
7448
9086
8810
9181
9568
7858
8225
6705
7875
8535
8738
8390
7415
7735
8102
9785
9359
8626
7751
7495
6622
9618
8184
9611
8045
9348
7787
8429
7195
9237
8510
8796
6521
8711
9374
9166
9127
8675
7971
8637
3494
2025
2949
2271
3053
2422
2471
2237
3269
2542
2637
3110
2302
2803
2403
1977
2386
3369
2777
2542
2791
2639
2565
2886
3136
2627
2151
3190
2958
2432
2465
3173
2294
2247
2616
2412
2574
3378
2146
2644
3460
2873
3695
2366
2287
3543
2245
2031
3320
3102
2533
3061
3640
2745
3015
2523
2191
3069
2631
3330
3173
3050
3142
3538
2228
3326
3200
2623
2988
2690
3232
3271
3375
2269
3383
2713
2181
2365
3230
3496
3275
2110
2306
2597
2891
2558
3055
3458
3379
3018
2209
2214
2723
2646
2921
4687
2277
3102
2391
3318
3077
3089
2383
2295
1985
2602
2681
3086
2149
2186
3814
2612
3593
3807
2692
3633
2315
2342
2258
2055
2669
3163
2883
2914
2969
2283
2275
1918
2805
2461
2820
2735
2758
3503
3214
2627
2960
2789
2733
3192
2704
2789
2886
3718
2126
2579
3673
3495
3649
2629
2151
2502
2526
2122
2493
2591
1610
2966
2897
3094
4056
2734
3308
3318
3915
1995
2298
3115
2920
2340
3258
2154
2767
2699
2867
2441
2913
2512
2355
2109
2860
2967
2976
3159
2499
3140
3264
3088
2534
2433
3178
3265
2591
3242
2424
3916
2345
3160
2917
3477
2510
2310
2634
2797
2453
2303
2128
1927
3075
3730
2354
2883
2864
2103
3301
1966
2668
2896
3167
2950
3361
3193
2964
2596
2763
3341
2588
3944
2548
2760
2731
3677
3615
1890
2232
2630
2445
2758
2218
3135
3687
2277
3058
2979
3347
1990
3046
3416
3619
3623
3152
3232
2775
3067
2190
2728
3039
3609
2004
2454
3319
3622
3464
2185
3779
3566
2568
2534
2781
4204
3214
3475
3334
2798
2657
2355
3195
2952
2567
2777
3413
2659
2681
3338
3833
2550
3031
2803
3244
2949
3850
3240
2388
3467
2529
3965
3162
2894
3106
2928
3338
3672
2900
3342
3814
2285
2975
3980
3643
2369
2288
4049
3727
2980
3886
3819
3575
2285
2459
2242
2571
3224
2644
2733
2183
4089
3422
3172
4083
3143
3104
4204
3068
3334
3621
4372
3517
1570
3751
4113
1826
3185
2423
3015
3471
3443
2449
3667
3498
3243
3586
3551
2559
3470
2177
3688
3294
3987
2118
2196
3737
3498
3969
3190
2061
3830
3301
3287
3575
3163
4014
3525
3955
3727
2353
3255
3919
2001
3308
3495
2739
2705
2323
2956
4404
2980
3200
3524
3233
2277
2534
2130
3254
2745
3673
2348
4221
2186
3432
3474
3620
3268
3718
3100
3433
2552
3129
2806
3189
3358
2094
3917
3726
3773
3534
3079
4187
3726
3173
2495
3014
3025
3376
3503
4161
2638
3503
2743
2143
3376
2178
1945
2653
3004
3240
3458
3617
2139
2348
2786
3047
3155
3148
4146
2323
3132
2223
3434
2004
2683
3479
3179
3456
3290
3696
3306
3255
2044
2706
2900
4066
3141
3291
3714
3209
3089
3510
3743
2885
2617
3511
3506
2760
3789
3204
3142
4051
3665
3634
3788
3924
2256
3686
3895
3279
2925
3398
2174
3140
3082
2774
2913
3108
3494
2424
2054
3416
2785
4000
3377
3666
3688
3074
1862
4032
3542
2378
2653
2315
2966
2714
3721
2780
2620
2245
2996
2105
2480
3042
4042
3436
2919
3526
3660
2783
3160
3905
3116
3439
3109
4316
3504
3399
3179
2147
3837
2049
3215
3612
3929
2340
3549
3001
3748
3103
4036
3387
3775
3676
3163
3403
3309
3081
3193
3795
3019
3208
3733
3827
3669
3557
3492
4001
1984
3973
2933
3527
3634
2581
4078
3822
3674
3692
3517
3755
3661
3528
4066
4536
3497
4029
3438
2272
2168
3866
2537
2942
2374
3832
3796
2081
3457
3334
2232
3760
2221
2612
3011
2979
3133
2649
3980
2994
2981
4001
2005
2265
3050
2882
3795
3665
3450
2544
3484
4016
3674
3550
2814
3215
2347
2984
3833
3966
4007
3386
3214
2508
3333
2303
3563
4221
4404
2925
3493
3866
3253
3549
2825
3659
2953
4223
3288
3694
3062
4327
3929
3722
4050
3445
2417
3175
3917
3612
3643
2622
3622
2024
4401
2878
3875
4284
3738
3421
2494
3792
2661
2131
3688
3270
3233
2859
2952
3514
2806
3663
3361
3724
2898
3756
3427
4038
3433
2767
4019
3013
3294
2870
3898
3513
3730
4066
2907
2850
3566
3958
4611
2996
2281
4586
2524
2931
3702
3603
3522
2939
3096
2971
3892
3757
2645
2792
3005
4170
3612
3976
3646
3904
2153
3379
3409
2478
2149
3452
3772
4402
3565
2573
3659
3319
2272
4174
3116
3341
3687
3354
2210
3917
3038
3438
3494
2645
2315
2747
3634
2696
3394
3818
4252
2679
3365
3287
2589
3171
3826
3350
3385
3728
3581
3484
4528
3467
2323
3682
2621
3259
3278
3442
3686
3019
3031
3665
4237
2253
3821
1954
2946
3722
2749
3460
3454
4040
3837
3561
2655
4620
2192
3285
2198
3696
4395
3583
3556
2904
3046
3453
3708
4243
4072
3521
4017
3569
4069
3517
3410
3644
2161
2743
4546
3659
4018
4421
3905
4607
3995
3605
2978
3233
3257
4410
4073
3963
3972
3029
3837
3931
3898
2069
3843
3598
2671
3488
2749
3885
3375
3375
3388
3614
3717
2533
2345
3806
2288
2919
3643
4057
4560
3448
3167
2260
3520
3823
2024
3392
3929
3518
3648
3748
2337
2915
3090
3885
3722
4237
3048
2564
3121
4434
2786
3472
4293
3600
3330
3446
4821
3142
2288
3627
3238
3955
3036
2721
4283
3296
3325
3184
3590
4305
3238
3567
4406
3592
4741
3686
2198
2070
4195
2640
2055
3830
3741
2802
3886
4327
3259
3613
4129
3650
4167
3382
2088
3018
2852
4362
3716
3751
3383
2170
4577
2079
3972
3332
3395
2230
2908
3947
1992
3588
3085
3227
2989
3883
2362
3878
2735
4313
4294
3710
4748
3671
4387
4618
3804
2163
4063
3538
2856
3882
3246
3353
3634
4064
4828
3731
4058
3142
3729
2606
3628
2900
2932
3706
3007
2327
3509
3046
3066
2464
3552
3539
3032
3813
3654
4069
4144
3689
2028
2421
3124
3318
3966
2235
3547
2229
3753
3253
2235
2243
2327
2270
3724
4687
2576
4001
3526
3305
3350
4158
4409
3617
4102
