9056
9704
8622
9181
9650
9613
8945
9048
9245
6854
9220
8631
8826
9365
9135
5980
7204
8879
9156
8749
9303
9482
8733
9145
9214
9175
9563
10194
9413
8988
8835
6116
8474
8806
8675
9180
9870
8978
9632
9059
9083
8486
8898
9127
9247
8986
8685
7571
9349
9557
8297
8793
9221
10084
10234
8848
8065
9025
9293
9047
9110
9580
9687
10221
9026
8838
9373
10349
9318
9425
9321
8363
8629
8703
10301
6075
8996
8849
9199
8949
8654
7620
9444
9062
9442
9657
8892
8817
8028
8690
8539
8529
8995
9234
8262
7877
8527
7877
9284
8828
8858
8350
9264
7645
8929
8911
9618
9479
9497
9136
9386
8987
8146
9593
8640
8854
8417
9722
7835
7595
9701
8968
9149
9494
9389
8372
9329
9214
8814
9429
8685
8536
9576
9821
8205
7454
5294
8741
9010
9352
9285
8707
9118
9547
8342
9665
7690
9023
9500
8384
9831
9034
9223
8968
8831
9181
9050
9684
8974
9408
8640
8885
10063
8961
8708
9663
8831
8734
9452
9226
9468
8724
9575
9508
7945
7878
4991
8617
8789
8290
9077
9503
9380
8330
8669
8804
8312
8960
8470
9342
8870
8760
8069
9285
8986
10091
9025
7505
8684
8952
9288
9540
8815
9465
9494
8829
9131
9405
8959
9541
9750
5269
8868
8852
8778
8259
6483
5480
8988
8593
9218
8178
7672
8314
7501
7784
9202
8704
9186
9515
9718
8578
6463
8083
9237
6700
9267
8887
9487
8724
9409
8821
8758
8910
8551
9046
9278
8675
8806
7529
7967
9616
9051
9465
8698
8817
8900
9534
8758
8410
9148
8455
9558
9085
8553
8816
6818
10284
8952
9875
9255
9660
8232
8530
8682
8818
7873
9060
8949
8576
6651
9427
9448
8859
9164
8845
8870
9358
8154
9287
9448
9106
8440
6923
4954
9244
9422
8939
8776
9034
9700
10282
9606
10094
9025
9955
8549
9532
8064
8819
8744
8876
8924
8954
8590
9071
8410
9266
8885
9267
7296
9179
9039
8572
8659
7954
9036
9142
7864
8943
7779
4778
8486
8772
8723
9303
8946
9359
9071
9151
7983
9487
9136
8570
9072
9440
7114
4859
4946
9046
9380
7678
8719
9918
8592
8313
8857
8930
4969
4550
5407
4524
9260
8913
6822
4955
9290
7403
8865
7532
5911
5620
7826
8663
4585
7559
8335
8003
8502
7977
8278
8749
9138
8178
6431
8734
8412
9175
9497
8616
4634
5056
8404
9159
9087
8123
8328
7772
8051
8723
9247
7877
9085
8517
8928
9546
8644
8538
9598
9437
9167
7655
8864
9361
8864
8948
9684
8606
9823
8688
8776
8387
8732
8820
9358
8792
9632
8681
9422
8964
8498
8936
8995
9103
9144
6149
8846
9437
8167
7575
8130
8701
8730
9153
7509
9864
8466
8503
9978
9402
8791
8736
8938
8638
8677
5864
8793
9346
9653
8818
8829
8474
8771
8858
9392
8852
9199
8371
9084
8439
8843
9399
8782
8776
8890
8908
9039
9282
8769
5997
7603
8761
8228
5760
9374
9175
8145
9259
9909
8534
9305
9242
9437
8526
9453
8966
8649
9370
6926
8661
7166
8972
7481
6628
7699
5001
6315
6240
4742
6770
8974
5753
4817
4745
6036
5198
6640
6967
8854
9106
9335
9168
8668
8451
8970
9513
9230
5155
9851
9248
8779
9249
9438
9488
8121
8821
8864
9159
7471
6832
5384
8624
7041
8743
8199
9261
8987
8485
8658
8841
9049
9877
9219
9353
8588
8978
7521
8409
8624
8465
7414
7853
9782
9334
8514
7598
8064
9026
9220
9508
9300
9829
8851
9540
8523
8566
8723
9122
9524
7465
8901
8500
9577
9388
8747
9782
9745
9771
9090
9334
9591
8723
9297
9138
9428
9262
7566
8734
9741
8566
8882
10585
9246
9233
9391
9452
9380
9036
9885
9206
9043
8218
8666
8825
8618
9198
9311
9429
9112
9036
8811
9008
8773
8621
8918
7432
8501
8981
8517
9306
8852
9604
6778
8517
8456
8810
9002
8717
6716
8039
8942
8615
9284
8032
8845
8776
8689
9114
9568
9491
9076
8618
8502
9252
8038
6166
8843
8996
8949
8791
9242
8776
8725
8576
9412
9457
9225
8897
8372
8252
8745
9131
8990
9424
9383
9301
7797
9431
10227
8740
10280
9744
9538
10802
9446
9871
8829
9053
8867
10184
8292
10205
9530
9860
9018
9976
9134
9776
8728
8760
8852
9709
10733
9962
8303
9646
9658
10237
10006
8976
8862
9053
9940
8726
9729
10113
9781
9815
9832
9626
9606
10291
9595
9855
9934
9508
9903
8623
9640
9095
9768
10339
9116
9792
9850
8531
8932
9435
9155
9797
7921
8709
9690
9154
9076
8886
8871
8673
9690
8336
9096
9222
8990
7864
9091
8893
9499
8220
8896
8487
9122
8489
7835
8215
8487
8546
7041
8304
6761
5035
6882
8371
6761
6244
8503
7119
4613
8613
7827
4721
6898
6723
7282
5215
4930
6429
9614
8486
8834
9043
5073
9084
6822
8321
9156
7001
8782
9296
6811
6662
4741
4826
7234
4857
7140
6975
4797
4632
6978
4475
4447
4566
5068
4779
5699
6385
4077
4449
5118
4240
5078
4205
4742
4747
5042
4840
5159
4597
5387
4576
4781
4840
4895
4768
4842
4617
4857
4499
4066
4661
4569
4510
5043
4476
4862
4733
5081
4667
4974
5506
5080
4529
4758
4747
4955
4873
4250
4916
4977
4830
4214
4375
4925
4744
4247
4919
4856
4561
4909
4248
3732
3960
4730
4574
5048
4535
4400
4579
4367
4375
4497
4406
4537
3828
4483
4296
4872
4627
4793
4831
4642
4715
4592
4495
4608
4631
4360
4659
4746
4708
5107
4220
3673
4784
4644
4447
5063
4406
4243
4484
4689
4976
4779
4410
4557
4704
4892
4724
4618
4638
4898
4698
4781
4650
4755
4220
4794
4434
4650
4425
4447
4857
4868
4925
4763
4477
4734
4975
5026
4161
5108
5160
4726
4588
4159
4301
4644
4217
4230
4781
4653
3201
3308
2137
2904
3394
2568
3728
3224
3654
3550
4219
3769
3177
3418
3566
3467
4634
3135
3362
2914
2471
3449
2663
4261
2195
1944
2413
2823
3230
3023
3618
2223
3324
3040
2980
2630
2932
2826
3621
2539
3039
3081
3542
2983
3642
2345
3346
2557
3000
