106169
98326
101665
102770
108290
94961
105071
109818
96640
90572
106603
98795
111838
97794
101710
119669
105706
104449
110584
104429
103978
106729
99766
113776
115585
101529
105831
105160
102375
98756
104486
104743
108617
107958
108741
103575
106786
103809
99072
98522
106551
109005
94753
103591
95941
100261
94765
90703
91739
81919
58122
64391
72854
55383
88621
57226
68753
65466
53367
62461
52723
46481
53719
51486
56364
49583
73266
69764
56380
55112
60335
55580
58395
86113
66300
69762
61936
55709
44340
56765
60249
88978
75792
87175
91663
92421
89582
72187
53949
52056
46509
65093
67607
51663
50196
51630
79926
70098
71840
43558
58140
50350
50902
55438
70747
42725
51576
56018
73431
90279
56235
45299
58136
77883
49667
53514
81534
94776
93794
94129
72195
57248
73792
77809
82702
48000
56391
54849
55605
52349
52825
67116
77601
61340
70549
76372
83464
54188
49876
77921
57385
46302
46788
49943
69295
75637
65637
62132
48221
49244
54807
47455
57439
53920
58301
49512
42908
52542
47722
41513
36033
40368
36894
36807
29465
30449
31499
28385
31277
29930
26070
31159
27229
33416
32463
30655
24764
26498
31552
30651
35081
28827
24332
31051
33771
28989
27824
28746
29626
30833
29801
37821
31166
28321
30236
28793
32796
32756
38051
33216
31300
31016
30690
34081
34303
28094
32564
32535
27699
29028
37034
38815
34106
32238
29671
36391
32272
35236
32415
37154
35823
31275
37856
41981
32765
34137
29300
29488
27799
27982
35415
32990
27626
29337
26723
27171
30099
28306
32250
36150
33519
30170
31206
33295
32336
36697
28683
33762
35769
26344
31498
30987
29467
34976
32006
31105
42321
25420
28495
29978
27421
31811
31647
27716
32146
26290
30645
35852
27967
29544
32205
31540
29634
32215
32152
33673
27566
24850
34433
33130
30093
25561
27379
29207
36041
33357
31098
36442
30444
33431
29910
26926
29363
25241
34708
30963
27948
34715
35687
33284
30212
30585
32727
27949
33230
29120
35831
32748
28288
29471
28857
32444
31282
33691
36651
42451
31890
32310
31600
32332
39517
32091
34316
34762
30251
33196
26323
35316
34033
39069
36467
30979
31072
37523
34039
36102
35773
45795
42585
28143
36138
44770
41477
33660
41057
35996
42905
48079
51106
41315
47514
40088
44200
47745
47579
45331
50216
47835
51139
53120
51561
69367
74202
70549
80123
96449
82632
80391
66271
66912
62002
63801
56895
52720
54094
49234
46055
52319
88989
62853
62906
53454
82025
72093
52932
67990
52781
47849
51036
49126
57621
52832
49855
51010
48882
44732
49369
50557
42190
47680
47130
44571
45957
41366
34725
33994
34954
40553
39371
43298
36021
29698
30741
38312
37365
31112
31489
28909
30655
27391
36653
25430
30883
31579
35941
28200
30774
30574
32754
26238
29199
29604
26250
30498
25150
33239
30445
28656
30514
32189
31072
34135
27808
27482
29326
29241
30074
32363
28013
30462
29449
32275
29595
32734
32099
34015
33060
33657
29884
30531
34091
30396
32894
36621
34269
37757
32534
34366
35235
38693
38762
26835
38427
33717
30870
33562
34404
34794
36533
45002
46649
49471
53836
44514
54285
77077
47295
56057
91891
52770
56896
77718
50066
52310
49304
81926
74794
45180
66397
85349
56034
62095
81334
60405
74293
56545
55054
51117
53625
49151
57222
68152
72473
77984
67853
59569
56465
64489
59077
52522
48567
63655
52776
51212
45615
56252
48832
49418
65210
65565
47930
65309
66891
49004
51518
50596
61353
51377
52618
52122
53772
46125
53122
48037
54194
60476
67026
91034
84657
98762
95819
112665
72994
45374
58085
51056
57500
57006
51130
60056
81531
75048
85654
84295
84821
76931
77984
67993
45765
57869
74091
51430
56508
66512
57415
50073
51332
52927
48490
46677
54171
61087
50613
46998
68497
56476
44825
50606
52066
59541
48395
45825
50998
58193
61714
67881
56066
52057
54728
63430
60365
51940
55801
45751
50077
47300
64391
54760
48326
49975
48907
49612
68235
55170
81556
81432
91819
88049
62163
50100
51869
86470
71122
48091
54730
52867
90513
60886
51535
64306
53003
49881
55584
59096
51449
51839
70181
84706
69343
65286
55110
53873
55587
53465
57874
69759
67704
51596
59710
56566
51423
65587
43983
45917
57549
54121
69004
93534
88199
76222
54184
66408
84316
95399
90484
52178
58347
52595
103870
89775
83924
100549
85620
77226
74584
63565
87675
49857
68635
67613
47007
47620
62541
54136
88958
95660
88658
83169
88344
56662
56687
58824
67074
66859
76431
45638
55918
64779
95320
90844
82765
79779
68358
71770
56235
87771
55403
57949
50592
54403
63205
53034
56629
45845
50369
46343
83919
58434
58566
49783
72992
68442
63715
58215
79643
53076
87138
84340
69970
51934
53097
47180
52994
66471
55918
60088
51680
59158
51103
59215
54785
51708
47204
52013
74823
49285
50911
93838
58976
80469
64328
75831
68081
50277
48103
56923
56930
60160
65668
53496
53105
56497
68529
63166
61150
86090
92673
86648
94884
89075
86601
96086
88312
95962
87500
98097
76503
57517
53273
53717
77802
51948
53292
56493
77109
81656
49476
48891
59482
47892
50682
60791
58220
65849
60107
89350
60514
48653
58993
50770
46394
81673
57045
61652
51650
47194
42776
49853
47961
59316
44941
50920
57596
88181
91640
91327
75079
53913
46446
66336
61748
51066
69063
79113
78110
98707
92730
62945
55928
48518
53535
54003
71624
86191
87580
87949
90752
91095
80739
47617
56905
46368
61194
50159
60467
52342
49023
50865
50493
49834
55330
52983
57883
51921
64193
46218
50478
94301
53509
52147
71303
56051
55613
52093
60477
53522
51811
88603
54545
69352
82208
66587
50786
68943
69361
60086
72313
72128
54313
67738
91817
54303
45155
49317
65537
61462
57582
56185
56100
49540
48795
47223
65014
59304
68547
86762
77868
74560
89636
87752
83799
77339
94661
83318
70620
58199
49490
69186
59291
53137
46803
57163
46183
57025
48130
44727
66423
58816
54174
78446
56917
53598
52145
48649
53412
55512
53737
54542
62321
68433
88051
91825
93296
82082
42013
57229
46634
52710
55104
54503
78017
59593
93647
84045
88192
94849
95260
78102
89821
71603
49595
49600
79774
53763
56116
81486
66000
50728
63505
45010
62459
59479
55428
74654
93254
62258
56464
60697
46792
48043
58769
56590
47303
48736
48995
54776
72464
84325
69332
52325
47010
56292
52586
58956
56608
68421
57697
81676
51716
47927
53976
61954
79027
71479
84219
48369
94350
83000
74038
65310
10290
10517
10445
9914
10141
9821
10203
9776
10050
8539
8532
7792
9462
9222
9567
9348
10548
10381
9951
9413
9015
9777
9858
9866
9150
6537
9655
9684
10433
9649
9597
9107
9417
9824
9666
8307
9831
7051
9155
10748
9917
9638
9848
9756
10477
10347
9728
9612
8853
9524
8950
8976
6131
7802
9001
8461
9923
8540
7844
9335
9226
11216
9466
8166
9544
9456
10031
9014
9542
9843
10784
9559
6335
9331
8509
9350
9435
9405
9578
9929
6346
7962
8193
7785
7481
7920
9638
10236
7812
9014
8133
7847
9192
7619
10278
9282
9273
9489
7971
7124
7268
9453
9559
9738
8549
9379
9692
8287
9214
8988
9800
10643
9793
9939
9913
8714
8926
9043
9159
7185
8882
8624
8213
9735
10141
9277
8904
9814
10236
10085
10400
9619
9029
10541
9513
9588
9672
7710
5542
5408
5305
5326
8945
8381
8091
9688
10106
9492
10341
9009
6877
9505
10164
10321
10823
10710
9358
10720
9444
9643
8355
8718
9962
8946
9600
10027
9991
9261
9401
8895
10182
9415
9317
9810
9649
9724
9544
8488
8999
8644
8572
9438
9897
8374
10657
8858
9755
9962
8868
8839
8365
9458
8026
10041
9850
9325
9374
9458
8765
8814
9377
8677
9672
9472
9119
8241
8917
9643
9409
9929
9132
9188
7172
7554
7085
7937
8024
9383
8866
8580
9069
8045
10294
9735
9288
9085
9425
8235
9319
9436
9932
8788
6353
7523
7976
8530
9045
7630
8352
7613
6555
9333
7649
7043
6969
8986
9182
8962
7864
6279
9286
10106
9696
10405
9677
8787
9070
8551
8625
8592
9349
9722
8705
9809
8931
8896
9518
9336
9506
10201
7964
5313
10092
9466
9372
9443
9377
11597
8639
8658
7552
8601
10343
10196
7022
9290
10491
9840
9292
8728
9145
9513
10402
7899
9808
9640
8698
8653
9892
9358
8424
8488
8674
10598
10101
9067
9217
8988
8964
9223
9554
9584
9839
9666
7556
9521
9789
8626
9161
9183
9117
9988
8557
9050
9988
9896
9832
9071
9441
8354
8913
9673
9226
9082
9218
10082
9564
10253
9795
9267
8988
9371
8741
10153
7250
9666
10614
9071
9117
9594
9732
9622
9875
9704
9715
8133
8654
8286
8583
9517
9290
9199
9797
8708
10124
9886
9571
9327
9917
8662
7951
9103
9003
8850
9408
9605
9365
9331
9697
7561
8573
7569
7404
8788
5546
9637
7735
9543
9900
10211
10091
9429
8840
8445
8591
9099
9001
9413
9609
9566
249
9939
9141
9559
10223
9613
9780
9461
9452
9165
9118
9793
8847
9938
8944
10224
9139
8932
8585
8527
7055
5942
8665
8729
10118
9277
8083
9739
9532
9386
10029
9214
7766
8835
8645
9067
9017
9719
9892
9537
9928
9920
8427
5284
7961
8920
8747
7771
8928
9549
8971
9699
10134
9910
8941
8709
9780
9581
10164
10069
10892
10820
10002
9758
8815
10406
8706
9063
9459
9594
10191
9803
9986
8453
9240
9733
10123
10104
10109
11227
10880
11427
10023
10624
10511
9399
9754
9727
9425
9776
9421
9819
9664
9263
9983
9233
8277
8217
8240
7851
8492
8687
8493
8747
9646
10798
9542
9421
9017
9279
10502
10527
11117
10940
9118
9524
10229
8909
9417
9235
9013
9581
9501
9844
9380
9426
9301
11411
10144
8427
8974
9452
8277
8895
7358
8774
8619
9190
10007
9709
9450
10078
9453
9852
9174
9521
9470
9740
10290
8052
11144
10724
9656
10399
10088
8426
6749
9432
10085
7502
8954
10136
10633
9974
9349
10808
10126
8880
10034
9308
8640
9222
10105
10165
9604
10148
9200
10057
9241
11019
8659
10635
10532
10792
9700
9702
9746
9769
9732
9750
10882
10076
9806
8582
9710
10006
10086
9715
9327
9478
9218
10064
10163
8778
9433
9888
10354
10431
10102
9919
8867
9939
9579
10098
9927
9497
10248
9964
10141
8922
10539
10476
10205
9686
8167
9423
10784
10941
11164
10069
9630
10403
9517
10172
10480
9621
8819
8289
9377
8878
9042
10301
10137
10674
8945
8833
10313
9800
10315
9268
9662
10029
10379
10661
9450
10085
10396
9113
9551
9987
10520
10512
9130
9515
9076
9105
11137
10597
9856
9793
9075
10755
10728
9298
10088
8999
10398
10305
9712
10346
9221
10536
9624
9757
10398
9851
10305
10310
9930
9896
9854
10072
10593
10708
11885
10731
9850
9651
7265
8957
9138
10143
9862
8780
9631
8398
10047
10460
9797
9915
9413
10010
9807
9960
10226
10310
8840
10435
9942
8926
10786
9515
9871
10129
10460
10340
10800
11514
9662
9080
10029
9075
9643
8689
9709
10868
10213
9210
9382
9138
10120
10111
9224
9639
10550
10287
10412
9696
9220
8762
10145
9980
9906
9573
9637
9735
9704
9499
9444
11068
9191
10214
10275
10163
10102
9190
9179
9216
10089
10086
10293
9234
9538
10091
10000
10384
9947
8748
10513
10345
9949
9247
9837
9245
9168
8876
9325
10197
10178
10169
9520
10295
10099
9985
9432
10113
9222
8854
7989
7576
11794
10787
9957
9731
10891
10395
9402
8462
9783
10126
8740
9074
10200
8458
9358
10793
10642
9532
9909
9136
10103
9647
10259
10252
10483
9093
1258
10050
10989
9690
10127
8707
9639
9960
9639
10925
10124
10507
9643
10712
9446
10892
9641
9179
9919
9158
9585
10031
10332
10008
8518
10432
9369
9604
9177
9606
9872
9795
10058
9894
10270
9784
10145
10271
9829
10769
9948
8692
8462
9441
9364
9560
8603
8587
9292
10171
10493
8171
9595
9000
8551
9956
8361
10056
8575
9569
10385
9765
10098
9492
8658
10291
11157
9795
9138
10182
8911
11071
10585
11525
9255
9287
10272
10507
10502
9782
8280
10132
9994
9718
10862
9744
10076
10984
9994
10378
8364
8408
8298
7269
9004
7656
7712
7881
8264
9871
9662
10684
9422
9920
8037
8483
8548
9487
5166
8101
7341
9627
9975
10204
9744
9596
173
10724
9525
10167
9910
10619
9834
10449
10758
10382
10549
9497
10107
9406
9861
9049
10750
9715
9706
8815
10140
9468
9472
10463
9962
10218
10150
9723
9869
9482
9641
9728
9407
9965
10192
10867
10106
10250
10617
10109
10227
9818
9355
9523
9662
10159
10559
10803
9028
10272
10692
9996
11033
9606
11023
10359
9698
9328
4066
4078
3977
2274
4028
4369
3402
2008
3717
2222
3518
3794
2719
2221
3169
2938
2268
3164
2006
2739
3481
2368
4387
3433
3784
2314
2822
2982
3354
2861
3559
2789
3336
2482
3975
2459
2423
2621
2533
2446
2628
2818
2381
1918
3728
2552
2701
3522
3805
2843
3551
2560
2726
2875
3309
3664
2567
2566
2379
1963
2552
2675
3439
2198
3140
3542
3366
2404
2501
3125
3067
2651
2598
3340
2078
2499
3403
2767
2978
2559
2777
2243
3746
2893
3190
3456
3721
2402
3157
2438
2561
2624
3107
2332
3533
3061
2210
2630
3009
2643
3887
3400
2204
4144
3633
2211
2711
1881
2615
3445
2586
1968
3340
2610
2971
2886
3072
1983
2458
2116
2216
2355
3429
3315
3478
3367
2230
2267
2206
1764
2802
3508
3034
3681
3167
2138
2160
2893
3487
2688
2774
2488
1934
4051
2536
1720
2733
2938
2087
3075
2145
2349
3362
3105
3828
3348
3316
2299
2480
3608
3109
3008
2780
2662
3662
3476
2622
3300
2537
2111
2938
2750
4367
2983
2886
2681
2504
2317
2876
3182
3534
2152
2824
3739
2493
3138
3453
2489
2560
2091
2620
2027
2553
2773
3918
3476
3070
2361
3026
3383
3073
2643
3315
2235
3363
2858
2272
3039
2941
3852
2856
2446
2843
3213
2158
2909
2752
3754
3052
3355
3288
3367
3204
2741
3892
2629
2865
2551
2545
2599
2322
2913
2808
2891
2891
3268
2652
3000
3143
2936
2169
3766
2598
3221
3471
3764
2423
2116
2467
2673
2820
2241
3013
3221
2741
2865
3506
3138
3433
2235
3066
3208
2934
3275
2375
3223
2284
3227
2592
2484
2175
3303
3956
2770
2602
1995
2756
3638
3272
2242
3241
3369
3446
2590
3345
2705
1955
3258
3175
3429
2528
2651
2968
3013
2586
2517
2100
2644
3244
2250
3469
3100
1970
3591
3471
2106
3737
2238
2797
2082
2479
161
2891
3120
3947
2548
3215
3104
3307
2383
3470
2445
3286
2118
2617
2007
3803
2525
2496
2561
2114
3229
2901
2311
2272
3270
3841
3642
2910
3532
3261
2607
2546
2854
2772
3225
1985
3206
3752
3236
1921
3156
2536
2005
2903
2628
2234
3680
2444
2647
3079
3279
2595
3171
3139
2539
3339
3078
2581
2435
3110
3284
2289
3342
3062
1991
2623
3830
2381
3372
3292
3421
2203
3750
2323
2327
4093
3117
2213
3569
3506
2923
3446
2185
3869
1898
3510
3483
2611
2729
1943
2473
1838
3085
3174
3060
2389
3384
2695
3048
3014
3386
3271
2490
2472
2994
3174
2934
3287
3188
2635
2528
3816
2763
3956
3436
3088
2665
3146
2674
3447
2679
3711
4166
2423
3901
2468
2881
2392
3111
3057
2343
2701
2226
2939
3228
2553
1999
3375
3324
3199
3545
2458
3213
1807
3230
2879
3258
3076
3646
2614
2498
3447
1664
3342
3790
2279
2481
2429
4163
3413
2962
2722
1965
3886
3510
2100
3388
2232
2274
3428
2890
2331
3671
2382
2863
3131
2976
2680
2979
2916
3580
3587
2784
2483
3268
3463
3960
3382
3521
3195
3467
2270
2898
3064
2889
3329
4009
3096
3233
3193
3490
1802
3001
2956
1925
3846
2581
1892
3002
3172
3308
2609
2650
1635
2605
2953
2935
3127
2560
2090
2629
2165
3590
3023
2143
2380
2733
2847
3527
2887
2657
2169
3252
3198
2178
3971
2597
2494
3361
2572
2605
3477
3340
2623
3598
2777
2259
3019
3074
2978
3251
3338
3288
2235
2697
3280
2986
2631
2552
2755
2308
3332
4063
3684
3154
2549
3992
2935
2129
2217
3272
3167
3937
2908
2454
2994
2620
3160
2687
3023
1935
3483
4237
2748
2790
2776
4291
2412
3917
2180
3160
3695
2089
3821
3203
2031
3050
4477
3449
3497
3458
3597
3832
3246
3339
3385
2327
2231
3202
3245
2313
3091
3891
2603
3638
4439
3518
4168
3965
3857
4135
3971
2612
3871
3121
3341
4126
3328
3245
3279
3471
1751
3100
4678
3993
3462
3534
2859
4055
3323
2673
2712
2402
2593
3449
2800
3452
1897
4060
4358
3725
1883
3937
3430
2681
2701
3621
3632
3395
3140
2451
2724
3190
2872
2886
2770
3444
2412
3357
3265
2191
3077
3746
2084
4151
4025
3079
2532
3033
3006
2831
3278
2323
2510
3158
2572
3258
3980
3864
2660
2774
3764
2325
3812
3424
3627
2240
3565
2825
2233
3355
3147
3414
2399
2488
167
3135
3285
4164
3392
3866
4478
3004
2400
2568
4458
3385
2356
3523
3694
2885
2611
2910
3554
3891
2033
2589
3791
2879
2284
2372
2574
3796
3996
3013
2989
4067
3274
2383
3619
3203
3391
1976
3125
3830
3436
3076
3674
3294
2630
4130
3400
2837
3633
4182
3067
3589
2941
3685
3547
2122
3832
160
2012
3852
3335
2872
3538
3717
3912
2645
2266
2570
2328
3903
2747
2828
3538
2376
3868
3307
2553
2521
3194
2920
2621
2489
3094
3116
3468
2978
1941
3741
2244
2014
3140
3568
3270
2798
2594
2951
3092
2031
2826
4253
3123
3727
3697
3233
4256
3791
4104
2978
2678
3352
4130
3815
3879
3581
2929
3769
3862
3440
2989
3408
3572
4080
3489
4507
3215
2920
2334
3594
2955
2466
2568
3529
3093
3281
2892
2435
3654
2533
3889
2130
3166
3597
2923
2790
2698
3530
3644
3189
2025
157
3027
2164
2447
3302
3144
3051
2904
3726
2165
2876
2618
2997
2023
4081
2934
3350
3743
3413
3393
3966
3129
2196
3068
3276
4061
3990
2684
2324
2484
3665
2191
4091
3284
2343
2397
3485
3796
3454
2770
3327
2113
2744
3280
3176
3419
3321
3218
2755
3831
3033
2725
3123
3818
2603
2909
3536
3785
3473
2883
3575
3484
3053
4185
3235
3344
3598
3042
3284
4639
3112
2206
2950
3580
2706
3308
2629
4070
3564
3609
2831
3457
3457
2816
2995
3773
3082
2849
2136
3373
2009
2744
2443
2746
2871
3173
3648
2583
2520
3278
3524
1906
3400
3733
3072
3984
2086
2965
3369
3456
3373
1857
2597
3685
3453
3261
2593
3723
2676
2281
3939
2320
3691
4208
3090
3613
2412
3378
3221
1977
4177
3513
3075
2879
3466
