95332
71481
74352
54037
51933
54693
58277
58464
56148
60188
70653
50655
53036
56781
54337
50905
81429
56008
86320
82053
55080
56537
50548
50193
50423
77555
60816
80117
49279
47676
63487
64568
63423
53960
54343
65718
53478
56831
51596
81731
45433
62854
48762
89272
64987
68528
60856
88379
95270
89596
97410
89417
95364
93351
79580
50646
64419
50310
57199
47477
58347
82736
79501
56459
51192
59819
55126
49559
57129
49951
53239
56139
44315
57169
55245
64837
67435
70514
53105
57868
71692
60356
45792
60225
49043
51869
49141
66725
80909
51470
59929
54042
62325
65125
55915
48728
51521
47461
86092
92850
74492
61470
64403
68416
46093
78015
60212
56340
49795
46591
42697
38424
30815
36971
34816
36936
35855
31722
31436
29095
27799
36140
33063
33215
30441
35106
35824
31286
34197
26989
25574
30453
30460
31727
27410
32040
30693
31354
27197
30794
28296
30698
29474
37935
36359
37965
29214
27811
30521
33222
23612
24273
34115
26410
33519
34747
37645
28515
36838
35585
36821
30495
32628
35312
33406
32862
29276
33679
33942
34566
28124
33000
31599
26487
33770
29466
30737
29372
32271
28796
31084
26506
35299
31981
32966
36672
31621
24930
33362
26557
36305
37404
36559
30898
33925
34433
32729
33904
30456
37953
30124
33376
32580
27351
33011
26893
32859
33588
28193
29104
28909
35785
32674
32582
33918
27641
31501
27618
30663
32593
30475
35994
37371
30941
33714
31064
32323
24058
31151
31081
31992
29054
33186
35413
33520
32409
31383
31463
27232
32739
30479
33156
33879
35945
34111
34144
32747
29136
27724
28211
30720
29368
32014
31698
29584
32134
34001
27863
35010
36589
38895
29998
37143
27540
44116
39852
25165
37870
29503
35658
38084
38048
34218
37539
36288
35614
35988
38167
34187
34920
31102
34797
35218
31992
39151
31465
36204
40352
40304
43218
44255
38028
32759
36883
43879
42370
43798
41395
42796
28566
49103
51307
51734
48039
44860
46669
47188
48677
50791
65667
55672
64554
56770
59121
58672
52825
61263
59380
51475
64334
71081
62422
50721
45901
58956
56411
50213
63966
84228
86931
60243
57644
50181
49565
53408
56576
54142
48436
70107
61656
49747
54395
50343
47827
48377
48112
45962
47888
44813
44894
44623
44789
39788
40270
39110
34915
39056
35828
36026
30225
39612
39971
36780
41721
28505
30569
33785
30189
31111
25763
34690
29241
32316
37533
31108
26088
29284
33132
30386
28151
29603
28266
28784
30316
28919
26683
35401
26203
31964
27740
33175
31666
30131
30218
28535
27520
28460
30990
25803
27256
33842
34350
33161
30493
34503
31157
30996
33009
29208
30638
31032
34644
34253
42916
39207
35742
32830
29252
34082
37452
35452
33294
25008
31412
39786
35890
40857
41031
49416
45687
50731
80712
74892
52359
70616
88769
67329
60479
96506
58839
51855
52272
73590
74991
51791
48112
63105
64198
50449
50011
53190
56539
63879
57754
94925
61749
48018
50708
53684
63127
57218
51685
63099
66270
64323
64294
60272
56406
62607
65705
62003
68754
55004
64451
82131
51247
58176
50504
70656
68369
50517
86882
79075
58710
56058
60383
84952
62140
51873
49877
51732
57490
48005
62241
59598
51974
50965
46597
46434
53831
70480
91878
67463
75567
52766
46483
53433
60989
49754
51181
51103
47602
52976
53358
53053
52040
51411
65221
48362
57681
56847
50260
54440
55146
54077
54240
55159
49842
55661
50402
48103
48597
48244
50676
49189
61327
53085
64132
49694
56682
49723
48419
57552
80316
66666
53602
71953
75576
65126
65067
59733
49731
61032
54791
55640
48876
54678
49942
63989
80511
85528
51586
51484
49293
50338
74716
81668
70382
52351
64948
52661
53641
51569
69785
64180
61311
80610
57804
53386
57332
59818
84196
50051
62576
56138
53600
48961
50784
54308
64524
62187
53929
70669
54080
62463
58322
53524
49916
59256
67311
59527
60177
50551
81888
58238
97378
47790
53907
52418
64100
48968
51901
80723
54458
49962
50713
54815
48638
58893
55653
76210
51646
68390
79411
98210
54930
68062
82619
82213
63190
54343
53196
51093
57305
58899
54874
90571
55669
48113
48574
56637
54556
59223
59519
54522
54424
48348
62432
58150
64923
56901
57937
57869
53642
48013
52307
92084
102474
56231
88266
94904
67252
50950
56600
59381
54396
64348
55131
68813
70034
50860
56091
62023
54515
61062
56721
62765
52128
57519
48238
61189
63623
62219
52457
54459
50457
63414
66222
73315
92237
53670
49764
52045
47904
61047
54108
48944
74199
48251
59639
51515
54169
89299
63155
49334
53660
55800
73935
49539
87905
95285
58420
53541
49717
47936
56947
61610
53299
748
46752
44828
62249
67463
68807
70087
64270
82370
75067
68550
62853
54795
59469
48670
47630
48694
48744
54264
59116
64715
68217
59993
65792
49872
49816
54539
53305
62885
84612
78302
89392
94899
98940
86789
102661
88055
85783
62188
86202
87376
74114
64876
52118
53610
61036
57940
63764
47179
56753
50667
57822
48477
53343
46300
53061
58951
70338
80835
68550
60823
91781
79801
60719
51997
55748
49370
70724
90091
94803
65661
75736
82816
91033
69537
86866
49947
58732
68873
52284
48142
97486
50830
50814
54757
46925
53116
72741
48063
49143
49586
47423
51043
66169
93373
80611
81236
85688
63592
58938
47623
55109
82332
59008
51689
60165
79439
69217
56465
65300
48089
51945
70946
86552
72340
71109
54726
55697
91247
96204
65843
59984
46588
71016
83701
73035
56367
57653
60016
70771
57034
47506
65675
82008
75363
91109
56421
50159
48653
65679
74164
56497
100600
49326
68632
62628
71655
48238
49709
59036
51276
52064
60788
62934
56305
58690
68046
57643
45355
67408
52300
70678
49010
60836
80983
73145
96318
56590
56510
62308
66558
54005
54243
49286
49619
58192
49292
69601
57534
56968
49157
71593
54296
66297
51159
55884
84757
87326
75448
52593
86442
49225
45711
89925
46563
53368
48782
55370
58618
62113
69357
92748
59655
58123
77106
54059
49886
49706
54802
67391
57491
52041
84181
55682
55066
60787
49627
83883
74524
55049
55384
49137
56300
56355
50529
61804
58850
84470
76713
82891
94236
89634
81815
83332
94964
62128
85112
58553
73043
67827
94065
80670
72859
58373
83781
86384
50827
85762
57030
83091
74261
62555
91518
94006
88495
81480
72466
77395
82289
85086
94629
90644
92889
93706
92640
92867
96651
98606
93319
104150
106105
97138
99500
109482
114029
103933
100586
101046
96157
104983
110985
104306
8971
8157
7990
8547
9710
9576
9079
10025
10033
9629
9479
9148
8427
8665
10690
9383
8943
9862
9857
9977
10585
9606
10327
10236
10192
10486
9540
9068
9266
9809
10435
10172
10281
8669
9952
9861
9274
9514
9911
10100
9952
10388
10730
8663
9580
9170
9708
9578
9651
9454
11056
10388
9918
9576
9871
9444
10060
10922
10462
10895
8368
8893
9015
9956
9324
9729
9926
9087
9655
10385
10446
10222
10546
11198
10301
9987
9147
10114
10449
10342
9804
10979
10096
10453
10872
9994
10544
9996
9750
10185
10619
10091
9001
9764
10407
10953
10028
10779
10153
9521
9978
9638
9616
9191
8543
5761
7543
8887
8776
9772
9556
9734
8649
9775
9990
8694
9742
9721
9344
9203
6690
9003
9771
9246
9267
8810
8052
8353
9369
7874
10697
9046
9459
9848
9252
8380
9526
8331
9431
9280
9476
6431
9370
8764
4322
4500
7343
5027
7267
7264
9284
8980
9068
9325
6514
4807
6351
5797
5426
7559
7642
8689
5451
4677
6028
7572
5335
7807
8958
7484
6126
5056
5482
6138
6107
5509
9455
9010
9543
8879
6127
8979
8677
7633
8913
10009
8882
9438
8714
5442
9910
8453
9105
6199
5503
9306
7667
7184
4583
4756
4793
4757
4893
5824
5104
5423
5040
6685
7527
5507
5597
5086
5046
4404
8908
9317
8526
4769
4956
5946
5020
5316
3977
5010
4802
4798
4936
4748
4724
4940
4971
4655
3953
5138
5086
4604
4583
4923
4959
4492
4674
4852
4925
4763
5193
4625
5137
5438
5160
4903
4368
5125
4983
4814
4406
4120
4339
4860
4700
4268
4765
4484
4599
5118
5051
4445
4961
5068
4783
4586
5212
5072
4539
4886
5107
4516
4583
4688
4826
4647
5516
4788
4631
5073
4781
4377
4452
4943
4247
4279
4806
4590
5218
4452
4662
3991
4181
4144
4597
5138
4057
4162
4872
4870
4921
4197
5104
5111
4739
4899
4466
4693
5138
5160
4925
4771
4135
4681
4830
4761
4953
4691
3353
3910
5060
4429
4973
4654
4423
4670
4591
4503
4308
4953
5004
4881
5005
5033
4730
4870
4757
5142
5026
4864
4993
4611
4716
4961
4502
4531
4524
4753
5104
4477
4587
4848
4576
4461
3969
4019
4804
4488
4527
4904
4994
5289
4554
4901
4798
4713
5076
4775
4348
4767
4975
4645
4212
4213
4343
4657
4908
4526
5266
4718
4720
4488
4235
4603
4794
4464
4971
5105
4585
4633
4659
4374
3585
4893
4583
4624
4051
3582
4578
4879
4876
4636
4546
4615
4272
4337
5196
5080
4472
4663
4710
4423
3878
3233
5359
4773
4531
4078
2626
4433
4835
4667
3524
4164
4592
5149
4750
4934
4713
5206
5106
4449
4252
4631
4289
4557
4861
4678
4638
4954
4630
4875
4659
4023
4447
4350
3504
3941
3787
3817
3666
3373
3964
4125
3090
2815
3890
3376
2333
4387
4613
1756
3641
4939
2017
3385
3880
3060
3942
2438
4214
2610
3689
3300
2259
2635
2760
3647
4079
4230
3162
3602
3558
2024
3495
2772
2679
2850
2635
3028
2506
2728
2937
2253
3048
2072
3857
3675
3366
3007
2631
3617
2926
3508
2971
3312
1956
3722
3520
3140
2624
2647
3264
3020
2659
3271
3847
3328
4190
2800
3082
3223
2842
2394
2550
3558
3335
2856
2905
3725
3170
1930
3012
3150
3943
3322
3733
3036
2875
2843
2888
3661
3931
3050
3207
3744
3534
2078
3252
3137
2999
3156
2766
3596
3109
3419
2222
2306
2297
4238
2482
2664
2230
2790
3837
3026
2959
2308
2164
2304
2640
2296
2762
2473
3156
3930
3059
3007
557
2615
4543
2681
2972
2440
3495
2879
4031
2893
3700
2495
2105
2345
2123
3187
2336
3526
3673
2801
3185
2552
2919
2611
2747
2931
3213
3295
3766
2643
3711
2124
2890
3492
2824
3031
3330
2797
3012
3217
2710
3451
2863
2924
2867
2968
2968
3485
3415
3775
2186
2065
3520
3422
3116
2511
2951
2186
2855
2155
3375
3060
2473
3134
3895
2547
1794
3650
2618
3083
2645
3227
3383
3675
2490
2182
2797
2431
2566
2519
2136
2792
2530
2545
2307
2254
3329
3302
2257
2828
2981
3193
1923
3346
2844
3041
2968
2277
2961
3021
1978
2341
3582
2057
3226
2171
2167
2244
2921
2292
2601
2034
3574
2821
4378
3061
2061
3155
4166
2716
3070
3043
2032
3635
3555
2243
2779
2491
3074
3589
2890
2369
2810
2568
2462
3028
2641
2680
3862
3812
3634
2302
3145
1858
3840
3360
2858
4011
2145
3370
2961
2840
2673
3092
2190
4094
3631
3976
2580
3613
3950
2446
3658
3258
3593
2989
2791
3063
2847
2548
2558
2999
1687
2175
2319
3206
2066
3913
3320
1990
3502
3702
3605
3024
2849
3191
3521
2532
3233
3607
3345
3070
2335
3031
1257
2504
2245
3043
2770
3674
3306
2498
3138
3888
4048
2252
2093
2370
2848
3332
2895
3712
2978
3049
3037
2432
2791
2679
3014
2848
3210
3874
2852
2038
2949
2527
2708
3694
3899
3723
2946
3260
2568
2910
2797
3294
3620
2434
2080
2389
3074
3001
2908
2752
2223
2256
3475
2029
3278
2880
3034
3560
4100
2686
2662
2167
3292
2231
3532
3515
3045
2837
2363
3079
3021
2289
1819
3063
3806
4169
3599
2551
2348
2488
2920
3762
3591
3439
3406
3648
2640
2823
2412
2354
3417
2512
2865
2817
2130
3779
2409
2910
2003
2970
3059
3856
2445
2812
2306
2542
3311
3833
2411
2836
3661
3491
3214
2752
3092
3144
2453
2963
3074
2792
2948
2624
3568
2767
3092
2292
3462
3418
2572
3664
3033
3542
2952
2583
2406
4068
3180
3515
2894
4577
2611
2995
2175
2190
2704
3711
3724
2771
2159
3723
3469
3057
3389
2961
3998
2859
4226
2620
2765
3452
4476
3016
2739
2807
2141
3326
2913
2013
4365
2263
2572
3356
2943
3136
3710
2485
2169
2215
3168
2463
2985
2845
2367
3660
3243
2815
2963
402
3615
3058
3682
3736
3033
2460
3564
2152
2260
2760
3873
3859
3159
2295
3435
3506
3272
2703
3679
2341
3255
2593
3880
2470
3483
2529
3183
3148
2570
2076
2272
3235
3447
3237
4080
2528
