10077
10421
10521
10416
9885
9796
10662
9801
10240
9748
10267
10454
11007
10234
9999
9684
10393
10470
10308
10591
9748
10260
9948
10230
10239
10271
10238
11010
10079
9086
8287
10076
9521
9476
5711
6597
9266
10366
10907
9680
9715
8573
9661
9453
9751
9393
9678
10155
9798
9379
9971
9658
9796
9945
9663
9613
9239
9931
9537
9622
9842
10015
9663
9400
8204
6969
9373
9910
8721
9433
9321
9328
8446
9166
9057
9024
9838
9294
8312
9307
8143
8697
9116
8507
7461
8431
7428
8050
7751
9365
8590
7180
7059
7754
7636
8166
9846
8385
7583
8377
7054
5878
5356
7946
8011
7885
8470
9874
8297
8634
8258
8923
9432
9157
9206
7741
8364
8476
9009
8872
9615
7483
9662
9118
8326
8869
9311
9981
7688
8346
8241
7823
7949
8549
7535
8038
7640
7851
7507
8796
8000
8319
7316
7714
8586
8413
9229
9276
8358
8999
9042
8691
8387
8066
9206
8304
9041
7833
10015
9172
9619
9084
9101
9582
10063
9767
10020
9903
9466
10180
9122
9738
8804
8147
9098
10087
9014
7796
7614
8645
8338
8531
8763
8790
8648
8128
8338
7886
8828
8369
8841
6872
8149
8819
8000
9132
9300
8546
8244
8217
8544
7671
7432
7891
7867
7618
8566
7900
9009
8901
7911
8269
8457
7602
8311
7803
7472
7906
8931
8209
8968
8634
8363
8827
9114
8861
8480
8960
9021
8348
7517
7628
8416
7499
7662
7549
8370
7374
9027
8934
8856
8923
9308
9033
9609
9128
8245
6401
7995
9197
8682
7487
9458
9788
7780
9215
9162
9761
6989
8566
10140
8898
9426
9377
9539
9370
10261
8178
7013
9143
9112
10517
9066
8519
8973
10070
9152
8337
8767
10066
9292
8133
9133
9999
9440
9671
9899
10390
9070
9201
9628
7927
8721
8332
9095
7076
7373
9104
8956
9551
9251
9165
9279
9659
9157
8753
9936
8933
9853
8959
8256
9082
8697
8325
6966
8477
6880
8813
9708
9263
7301
7313
8531
9278
9324
9275
7752
8973
8952
9730
10003
9538
9035
9389
9753
8920
9428
8939
9082
8563
9510
8949
9327
9268
9435
9231
9378
8240
8256
7165
8959
9278
8530
9568
9448
9364
9603
8969
10276
9673
9919
8450
9968
9641
9186
8574
9209
8196
9885
9358
9310
9269
9062
7272
8868
8518
9468
9988
9579
9845
7898
8967
8813
9659
9796
8863
10024
9598
9413
9411
8282
8859
9121
8930
9158
9489
9042
9211
9290
9454
9649
9033
8812
8914
8658
8824
9201
8727
8945
9249
9011
9203
9060
9051
9052
7143
10494
9678
9165
9505
6581
9333
9336
9773
9574
9548
8353
9503
8629
9613
10131
8903
9288
9628
9290
8994
9690
9606
8045
9761
10285
8863
8483
8581
9192
10441
8587
9077
9638
7468
9365
9662
8425
9403
9553
8995
8960
10129
7333
8917
9903
10071
10553
9860
8524
8693
8290
8775
9131
8639
10077
9069
9072
7891
10237
8459
8526
9475
8922
9526
9252
8702
8668
10094
10377
8817
8753
7966
9111
8774
9141
9007
8900
8987
9725
8481
8806
9151
8989
9506
9132
8683
9140
6601
9803
9247
8581
9011
9297
9442
9018
9963
8870
8222
8860
8100
9101
9654
9312
8736
7551
8484
8126
9103
9123
9114
8356
8809
7960
8274
8522
9020
10692
9728
10217
10103
9332
9572
9270
9044
7587
8546
7990
8469
10565
8971
8395
8550
9220
9676
9518
10281
9458
9967
10046
9335
8386
9106
9190
9155
10005
9779
9036
10269
9705
10613
9701
9821
9071
8825
8688
9702
9048
8807
9487
9110
10013
8668
9278
9321
9392
10860
11138
10142
10097
10003
10137
10021
9659
8753
9534
9974
10148
10441
9763
9426
10247
8769
9427
10058
9845
9514
9686
9705
9613
9714
9583
9788
10285
10436
9399
9671
10053
9427
9176
10387
9078
9434
9894
9144
9966
10022
10126
7942
9391
8760
9820
9287
9524
9732
10012
8955
10147
10298
9497
9607
9087
9337
10120
9991
10145
10164
9317
9090
9275
9367
10136
9892
10374
9973
8980
8385
9832
10521
10024
8372
10146
9518
9467
9410
9868
9068
9028
9591
9658
8865
9825
8840
9784
8837
9502
9398
9262
10018
9948
9640
10024
10392
10836
9757
10610
9918
10168
9907
10539
10162
9713
9731
9467
9692
8229
8090
8336
9705
9405
9808
10388
10308
10344
10599
10171
9647
10982
9765
10239
9905
9818
10530
9911
10156
10468
9897
10374
9777
10736
10056
10306
9966
9957
9869
9681
10430
9422
10075
10211
9918
10512
10172
9971
9052
9199
9667
9990
10056
9789
9957
10000
9561
9498
9567
10337
10049
9865
10281
9867
9516
9637
10362
10503
9550
11028
8684
10162
10952
10856
10051
9892
9873
10390
9740
10051
9825
9694
11219
9314
10620
9394
10151
9409
9856
10089
10906
10207
10880
10218
9882
9706
9760
10300
9799
9692
10540
10043
9973
10486
9680
10237
9997
10861
9803
9856
10119
10211
9615
9903
9903
9758
9675
10013
10333
10586
9945
10105
10140
10214
10406
10440
9972
10636
10104
9707
10274
10289
9934
9740
9870
10793
10469
10010
9993
10335
10782
9432
10832
10832
10229
10318
9513
10233
10548
9628
10302
11042
10091
9810
10066
10315
9932
10759
9684
11051
10251
9852
10574
10153
9865
10278
10327
9991
9913
10334
10254
9603
9868
11529
10114
10759
10670
9917
10434
10462
10102
10335
10505
10315
11648
10400
9623
10057
10408
10039
10348
9658
9578
9853
9949
10192
9746
10211
9692
11088
10437
9896
10274
10263
10400
10582
11703
10619
10913
10254
10595
9849
9655
9812
9614
10400
9528
9784
11039
10708
10295
10517
10074
9685
9921
10331
9837
9957
10215
10321
9934
9951
10313
10875
10377
10334
9777
10195
10531
10653
10150
10446
9490
10250
10143
9585
9623
9700
9913
10209
10018
10017
10234
11203
10492
9849
10215
9586
10096
9550
9745
10195
10875
10852
10614
10152
9955
9757
10076
10382
10204
9500
10031
10022
10465
9415
9694
10263
11260
10348
10591
10263
9942
9926
9940
9967
10076
10178
10751
10192
9870
9624
9955
9991
10013
10963
9770
10342
9232
10123
9938
9911
10181
9915
9987
10360
10027
9721
10455
10128
10091
10606
9816
9799
10772
10742
10508
9627
10085
