108318
100550
102465
94015
107822
89476
97332
78435
93543
70175
74655
73937
54642
52451
53183
54156
58833
80152
61601
75934
50770
72957
65770
48731
48972
55828
47586
69307
59591
92155
72733
47389
48767
74244
48532
60786
45158
55207
59792
66961
56098
67657
63893
65462
50175
57593
87195
85943
88982
56882
57573
55742
71173
69085
54892
55503
49924
57187
59563
52602
52841
54626
68550
50836
49742
48491
47314
50708
59946
50499
58231
51636
87515
71827
63150
74189
58223
60200
52003
47705
49499
50356
45047
50594
58177
55808
95142
80407
52594
50737
64290
53995
48647
62949
47541
56070
50047
71513
80431
58997
79512
62831
50348
51842
87081
76556
50743
78670
60095
94907
51950
46261
47736
53726
64326
50550
47761
37884
41673
37997
35729
33749
31235
27075
28214
27278
29863
34921
28694
32509
39569
24057
33993
28190
27969
32550
29301
29132
32840
31820
30727
22504
29764
28119
28637
34427
28932
25550
34475
37894
38207
32149
33932
29349
31879
37935
35038
30903
29828
31403
36038
37687
37123
32798
32822
36499
26785
32033
32057
34793
37768
35365
35199
33658
31648
32740
35180
26993
26306
33914
31389
36133
29782
30353
31472
32865
30832
30136
35090
30720
30272
33226
31102
33875
33195
30522
31728
24288
29355
32140
30927
29686
32971
31859
36468
33820
32166
32359
28947
30536
28935
35595
40812
32658
35510
28422
32277
32461
27454
30465
31064
27048
36515
30545
37040
33529
31065
33402
28077
32184
33711
32931
32060
31190
30767
31510
31957
30457
33808
31552
29870
38862
32288
37494
26315
29864
22625
26891
26146
35295
35745
31804
31262
33726
28494
37042
32600
29046
34491
32280
35375
37547
35039
28340
34331
29427
29620
29771
30787
31735
27056
26533
37931
40507
29555
30956
29591
30652
38730
33274
38281
36091
36896
34912
37235
33905
33815
36292
28851
32064
32440
34967
38386
40818
29441
28433
31756
40703
34145
41396
43760
38880
34934
41064
48297
43399
43639
43036
44868
48632
47305
45526
48577
46943
49446
49288
50497
51185
46606
50298
57291
59302
56839
76595
73478
65752
78766
73637
53570
54776
61901
77132
60078
58646
62250
84886
61815
51906
61791
50546
56260
47183
50980
48610
63152
62688
49571
50389
54479
48700
46796
43825
45605
49274
46593
45607
48610
43489
37083
52988
43508
42430
36249
35217
35606
41654
33843
30981
26592
32989
38300
32697
26069
34371
27549
28562
25061
33147
32770
37578
29271
32221
41471
31311
27101
29013
33009
32791
30663
27052
26742
33370
31136
29320
35228
29436
33514
30105
32455
34945
32344
35209
28993
27967
30462
28577
29900
28598
36195
33111
29861
27210
27377
29660
30431
35385
31498
31011
34963
30403
31339
27274
30869
36991
32779
30963
33833
34512
38447
33134
32858
31385
35941
30474
51973
41951
47344
47280
63882
62172
61441
57012
85150
85717
92800
82807
64508
81204
62094
48694
61570
51758
53078
51292
58844
53011
64379
49550
46245
63017
50876
55104
47059
73144
81663
50990
45814
57561
51401
75459
66660
61681
78514
98785
96258
86192
87891
72559
49942
46396
72005
60915
50127
82493
70889
73260
71862
48518
64491
48754
57741
51830
59863
74375
56375
61602
83105
65302
86765
61371
49983
70277
81201
55242
59453
58034
55029
63630
56221
49885
77976
67636
54524
60081
73067
54050
54212
80555
81913
83866
84479
80193
51343
49521
69517
68551
53608
81592
54012
64714
64755
60941
66349
53620
62877
76193
77642
63633
70931
72348
60500
67094
60136
53813
58154
50355
62514
69710
58547
50195
50606
49757
57437
65125
60736
72517
47927
51429
57324
72661
64296
53786
56224
76959
82968
50792
59300
86141
54633
65197
87819
88626
66201
48620
59032
72750
59024
57712
53974
66696
64648
57101
63628
61405
75672
78976
51530
74122
73756
99094
86708
84977
80530
95077
61184
54424
52510
82788
94999
89757
90424
102739
56388
48906
55635
62828
53590
55211
78262
91004
94681
96885
67395
54742
50773
52282
48655
62412
64823
61905
58521
68159
67988
78047
77277
54242
63160
46300
61919
69168
94282
92377
71511
57928
92908
63697
52291
52336
78039
99137
73884
57715
80363
72748
55532
63969
51766
58957
55885
62332
61346
65471
88995
93735
2817
81730
90242
55451
61805
83318
70996
54715
51041
47376
59120
44067
50341
60398
48308
55157
48185
47960
52359
51846
52199
78103
65430
48535
48595
50324
67766
50462
50136
61698
59592
54281
60236
67136
79574
72087
60139
57041
54571
44223
53767
54363
51792
71859
67552
59191
73474
68479
56672
75000
71558
60272
72081
87047
51397
84169
60587
76663
94944
70944
94807
75625
65200
72174
62273
50212
50199
64012
58983
49714
54136
47543
55823
68717
56286
48431
50313
46815
68968
82685
93290
77848
67102
48076
47457
49087
69402
68862
92207
96737
88944
96246
91138
64210
57465
56144
55714
55681
62497
49103
82550
105554
89485
95790
46045
63992
67717
77502
90298
66051
53497
51537
56704
59576
48355
62258
54735
54396
48315
48176
60019
49425
59985
57422
49760
65155
51168
51845
81825
44501
90489
71213
91135
89976
88304
69274
50585
49191
47830
70500
45962
55820
53768
56594
62307
47081
54024
68471
86099
75530
69849
49073
47838
54311
50142
54276
51478
54948
82009
98383
65533
51427
45736
62055
47832
54793
49897
66527
60612
57795
44966
85658
55816
64287
61061
76595
56896
49138
53454
62038
54176
46331
54493
46823
65597
79387
87176
52761
59629
49046
62258
55868
47739
50677
71817
49395
58570
64449
56150
88712
66410
64589
71823
48224
50535
80473
74681
47819
51897
48993
60366
94299
87932
95177
54919
64762
52907
62390
96127
55831
65350
65153
47648
54480
59167
46135
51983
59286
61080
65334
87887
59119
54942
49896
78412
60570
58117
50657
60613
52794
44699
47821
51505
56229
53280
79130
69419
61470
55830
57350
54877
52191
73332
83171
61841
53338
83267
93496
63022
48394
44618
48494
54427
66441
79029
54549
97189
74580
57538
81984
54522
44801
67699
72640
69264
47269
54012
53115
48738
52567
63056
62152
86410
58776
51612
71955
79382
96619
87763
73152
86084
82224
64982
52841
51053
54784
46665
49770
56601
47027
59552
60426
75160
66786
45529
45981
49233
68889
63203
66783
64114
65370
72642
61067
76226
77815
86376
79392
102429
85029
69286
84373
52458
53266
57510
77246
62471
91063
83435
54638
48164
52402
76498
70030
85038
70294
90564
96869
96630
92467
99658
99890
95625
101465
94250
99486
8877
7031
7336
9618
10236
9095
8812
9121
10303
8973
9149
9041
9561
10608
9743
9215
10081
9818
5394
9418
9895
9886
9378
9791
9359
10336
9845
9700
9039
8318
6238
8942
6064
8809
8644
9628
9308
9894
9837
8917
7681
9085
9424
9735
8750
8667
9433
9359
9591
9511
9338
8030
10346
9703
9253
9248
9854
10315
9708
9461
8942
9321
10033
8889
9436
9869
9819
9605
9828
9428
10053
8202
9217
10279
9882
9661
9331
9572
9784
9621
10161
8772
9494
9004
8909
9120
9659
10520
6786
9400
8490
8848
9191
9798
9116
10218
8882
9561
9981
9663
9558
10011
8018
9644
10277
10222
9309
9610
9893
10298
9921
9472
8999
9144
9724
9942
9439
8917
9370
9696
9540
9235
9716
7796
7150
9289
10307
10016
9950
9730
8755
10189
10131
9568
9024
9770
9801
10072
9077
8650
9689
9239
9467
9995
9299
10286
10242
9479
9551
8408
9072
8343
9091
9593
8292
8854
9744
8854
11283
8794
8975
9257
8287
9126
9140
8762
9068
9531
9151
9266
8829
10350
9690
9196
7139
9308
8567
10039
9563
9411
9059
8741
9669
9293
9199
9314
9222
9090
9200
9781
9495
9379
10086
9447
9769
9008
9921
9807
10355
9872
9606
9297
8887
10174
8575
9087
9599
9822
9837
10019
8650
9155
9611
9609
8934
9012
8941
9984
9041
9130
7683
8238
9326
9765
10181
9150
9853
10290
8675
8949
6255
6452
6524
8470
9418
9384
9785
9523
8754
9897
9129
9254
10098
8578
7442
8656
10080
9048
9054
9138
9690
9676
7689
7743
9313
10281
9378
8918
9907
6619
7443
6495
5715
7431
8006
9435
9086
9610
9830
10074
7985
8590
8892
9577
9480
8928
9418
9812
10121
8984
9895
9827
10134
9295
9793
9038
9792
9756
9862
9365
9677
9334
10030
9521
7226
9227
9358
8942
9469
9680
8764
9223
9628
9299
9570
9182
9126
9057
9611
9295
9951
9478
10328
10245
9325
9292
9525
8323
9776
9220
9770
9102
9612
9740
9718
8950
9516
8582
8427
9591
8661
9531
8620
8746
9347
11108
9565
7489
8063
8902
10759
6934
8541
8695
8981
9426
9558
9768
9200
10945
9109
8918
9245
9025
10108
9085
9066
9274
9055
10564
9762
8989
9488
9897
10165
9680
8024
6306
9875
9183
9708
9475
8123
9197
9745
9398
9239
7850
7975
9227
8258
10094
9513
9718
9027
9377
9654
9742
10138
8148
7837
8917
10266
9272
9758
10022
9705
9602
8940
9171
9460
9442
10361
9537
9047
10199
8473
9025
9588
9282
9622
9950
8996
9285
8623
10373
9354
9073
9069
8113
10108
9308
10172
9441
10105
9175
8403
10045
10436
9438
9222
9515
9851
9945
9273
10269
9929
9716
10408
9907
9474
9873
9200
10108
9764
9669
9239
8747
9918
9614
9414
9194
9563
9988
8956
9557
9753
9689
10472
9777
9100
9174
9385
9626
9356
9211
9196
9020
9506
9008
9809
9372
8701
10022
9467
9701
9782
9675
10103
9677
9570
9439
9266
9251
9390
5292
4833
9077
8933
8861
8668
9496
9824
9213
9065
9666
9454
8985
8653
7527
8966
7629
9941
9519
8002
8914
8939
8268
7820
8354
8450
7873
8997
10234
9542
9703
9971
7522
9404
7515
7248
9510
4815
8792
8368
9192
9334
8943
9129
9675
8803
8529
9629
9181
9831
9719
9406
9521
9151
9148
9135
8120
9190
9035
9764
8176
9114
9184
8943
9517
9875
9311
8636
7558
9198
9827
8383
9394
9683
9854
8657
6830
9279
9222
9508
8851
9254
9421
9317
9544
8830
8929
9638
9933
9570
10065
9690
9822
10046
8415
9569
9672
9632
9176
9569
10328
9012
9208
8991
8726
7881
8908
9165
8951
8559
8297
8680
9759
9313
9806
9369
9504
9876
9451
8182
8735
9839
9874
9396
9166
9455
9951
9116
8950
8916
10511
10145
8951
10003
9850
9162
8887
9927
10103
9155
8460
9377
9910
9901
9056
9596
9532
8588
9620
8923
9255
9681
9404
9658
9692
9289
9198
9359
9822
10150
9666
9310
10192
9436
10065
10298
10365
9290
9622
10127
9631
10239
9422
8971
8653
9597
9472
9495
9291
9790
9801
10190
9530
9773
9866
8722
9062
9648
9869
9678
9182
9202
9184
10726
10694
9278
10114
9261
10178
9477
10007
9362
9124
9908
10588
9027
9230
9708
10438
9701
9888
9445
9222
9065
8367
10103
9666
9087
9704
9574
9312
9922
9181
10131
8978
8413
9601
9455
8659
9258
9250
8792
8806
10139
9310
9752
9791
9331
9433
9838
9394
9851
7842
6480
7730
9096
10573
10706
8352
8800
7616
6965
7997
8172
7912
8021
9344
8932
10185
9513
9010
8352
5901
9112
8845
9928
10067
10911
8883
7056
8817
10833
9870
9811
8717
8834
8600
9039
9522
9310
10363
9907
8405
8277
8125
9261
8958
8753
9623
8546
7587
8277
8368
8651
9085
8557
10334
9158
8978
9683
8990
8798
9108
8853
9310
8982
9723
10445
8922
9361
9699
10033
9073
9634
8924
10344
9187
9163
9940
10520
9433
8481
10248
10520
9612
9068
9643
8785
9784
9222
9471
9278
9911
9678
7533
9128
8852
9656
9323
8783
10628
9898
9808
8980
8687
9919
7654
9466
9191
9619
9646
9120
9696
7075
8959
9216
9195
9360
9515
9828
9067
10428
9111
9463
8160
9857
9923
10183
9418
8363
6724
9450
9731
9094
9118
9133
9787
10074
9169
9085
8565
7925
7460
8591
6769
8563
10068
8930
12073
9431
8739
7937
8214
7692
8022
9592
9267
8785
9856
6598
9017
5168
7925
6822
9296
8350
8456
7933
9006
8795
8349
10156
9462
7478
7663
8038
8456
8649
9001
8877
7955
9856
8381
9243
8884
8150
5690
8543
8543
9141
8506
8811
8450
7982
9021
8271
8376
8531
9157
8739
9210
10049
8923
9121
9261
8875
8976
9484
9566
9840
10204
9934
5906
9202
8889
9565
9308
7512
9755
10446
10108
9496
10699
9353
9028
8844
9718
8969
8733
8549
8712
9104
9319
11918
5584
8953
9359
9119
9264
8179
7381
7936
7646
8700
10133
8113
10257
6965
7931
8472
10228
8886
9115
9200
8884
9129
8813
9460
9553
8638
9415
9267
10156
8590
7723
10841
9475
9301
9777
10021
9785
9512
9395
9450
8897
