4268
3958
3747
3602
2280
2276
4586
3921
3422
3602
3636
4102
4824
4264
2965
4221
3693
2798
4107
3342
4010
3054
3780
4088
3751
3638
3414
3869
2656
3639
3912
2972
3592
2372
4416
3336
4376
3244
4147
4759
3801
4056
3810
2945
3532
3923
2343
4063
3322
3564
2955
3542
2998
3017
3722
3815
3392
3109
3244
2224
2631
2636
3608
3687
2376
3697
3947
2219
2707
2875
3865
3735
2783
4548
3924
3306
3151
3217
3955
3563
2608
3739
4268
2584
3672
3656
3942
3162
3971
4245
3260
3583
2209
3770
3873
3690
3949
4355
4156
4597
2661
2692
2516
3334
3755
2779
2786
4269
3352
3053
3659
3621
3200
3338
2845
4372
3582
4523
2898
3485
3273
3891
3406
4240
4128
3136
4089
3999
4777
3719
3816
3601
2919
3724
3285
3641
4247
2447
3855
3755
3136
2180
3751
4269
3301
2915
2218
3544
3705
2850
3686
2166
3341
3971
3976
3891
4000
3937
2844
4086
3789
3831
3890
3680
3580
2134
3494
3937
3505
2394
3713
2352
3072
3046
4507
3892
3435
3928
4777
2847
4157
2145
3930
2183
2715
4535
3260
3753
3799
2430
3822
4180
3756
2374
2220
3503
2565
3549
3666
3464
3392
3918
3693
2299
5015
4200
3934
4089
3488
4255
2247
4390
3804
3456
2018
2247
3920
4197
3404
3371
3741
2461
3589
3980
3562
4703
2756
2759
3470
3966
2548
3322
2384
3938
4141
4773
4017
2746
3527
2995
4209
3915
3897
2925
3753
3796
3841
3386
3226
3021
3758
3914
2244
4129
4232
3152
3251
4376
4343
2553
3736
3616
2764
4578
3509
2870
3854
3917
2377
1969
2994
2059
2981
2188
4207
3902
3852
4003
3268
3464
2386
4345
3733
4039
4136
3934
3300
2549
3085
3752
3531
2377
4244
4837
4483
4426
2229
3265
4131
4793
4254
3450
3312
3696
3764
3213
2886
3461
3969
4162
2831
3231
2467
4256
2526
2823
3617
3886
3228
2541
2144
3775
3723
4005
2462
4233
3515
3659
2532
3371
3975
2584
3583
3048
2524
2038
3963
3379
3362
3518
3695
3814
3143
3205
3738
3315
3628
3301
3098
4092
2347
3725
3030
4514
4199
4241
3441
3643
2787
3917
3443
3264
3846
2911
3769
3339
3757
3095
3313
3599
2487
3624
3957
3196
3569
2300
2055
3771
3234
2569
3780
2511
3316
3810
2492
2837
3767
3147
2830
2537
4036
3861
4055
3769
2863
2860
4026
2102
3927
2404
3245
2841
3695
3993
3852
3850
3283
2495
2360
3671
3763
2504
2747
3894
3496
3874
4029
3845
2193
4110
3890
2796
2998
2978
2081
3843
3510
3550
3888
4490
2516
3744
3442
2219
2957
3426
4313
2865
3253
3650
3799
3443
3928
2777
2758
2988
4353
4198
2546
3936
3812
3692
3878
4068
3260
4034
3045
4013
3306
3466
4351
2653
2302
3406
3855
4539
2331
2101
2854
3962
2512
3063
3920
3602
3036
3379
2317
3612
3745
3880
4387
4352
3980
3211
3962
2402
3928
4286
3963
2309
2297
3472
4773
3766
2464
3405
3173
4069
3624
3308
2223
4283
4164
3033
3176
2407
3604
3679
3494
3142
2872
4134
3600
3873
4273
3353
3894
2296
3884
3978
2551
4012
4171
2466
3918
4014
3791
3899
4822
4186
3587
3774
2152
3953
3085
4337
4732
4094
2255
3297
2594
4212
3627
3524
2461
3910
2223
2385
2621
4365
3443
2637
2642
3802
2878
3922
3225
3601
4507
3086
3722
3615
3991
3884
3195
3749
3689
2494
2957
3826
4758
4297
3981
4551
3755
4422
4164
3597
2506
2431
2471
2187
2580
3195
3977
3328
4069
2681
2394
3013
2612
4163
3887
4303
2193
4474
3805
2599
2409
4049
3999
3659
4500
2411
3767
3180
3068
3930
3009
3838
3165
2971
4735
3954
2448
3776
4345
3788
3957
4096
4117
4103
4067
4030
3910
2606
2274
3514
3547
3891
3942
3653
2710
3962
3917
2457
2717
2471
3553
2769
2406
3948
3704
2086
3570
3193
3683
3885
2967
4037
3085
3394
2344
3574
3431
4637
1992
3053
3530
3775
2917
3371
2694
3886
3763
3589
2407
3522
3984
2793
3563
3332
3433
3236
2316
4140
4380
3349
2307
2759
2312
4246
4401
4356
2677
3974
4264
2442
2684
2437
4325
4601
4028
2801
3896
4104
2748
4350
3404
3617
2563
2359
3492
4467
3276
3261
3152
3467
3129
3171
3807
2829
3334
4837
3704
3495
3055
3018
3282
2426
3896
4850
4305
4259
4603
3600
2748
3773
2442
3811
2535
3500
3922
2747
3871
3566
3737
2336
3810
4204
3223
4099
3857
3680
5153
4276
3730
4618
2153
3726
2323
3957
2425
3352
3843
2518
3257
3146
3428
3566
2323
2360
3322
3419
3826
3917
4087
2447
3726
2749
3977
2183
2307
3821
3276
4476
3811
3076
4183
2284
3023
3653
4190
4057
2455
3450
4260
4153
3386
3395
3960
4126
2526
2243
3623
3098
3686
3597
3480
3850
3099
4055
3772
2179
2890
2964
3932
4068
3861
2517
2502
3144
4048
4091
2816
2292
3862
3371
3215
3123
2704
4390
4002
2693
3980
3637
3738
3309
4021
3670
3538
3366
3143
2326
3783
2852
4258
4446
2137
3104
2311
2657
4285
3312
3987
5050
2160
3849
2287
3408
3256
3336
3546
3699
4055
3848
3794
4385
3989
3636
4676
3656
3727
3530
3041
3892
3856
3896
3631
3625
4553
3836
3567
2413
3584
3959
3976
2532
3951
3848
3517
4072
3889
2802
3238
3219
4533
3603
3585
2647
3507
2114
3614
3543
3281
2209
3698
3640
3891
2984
3887
4578
3721
2072
4023
4099
3555
2510
4408
4532
4055
3910
2369
3698
2683
4175
3912
3552
3324
3636
3786
4039
4002
3978
4058
3689
3326
3803
2317
2200
3364
3800
2182
3806
4023
3879
2491
4320
3494
3631
3922
3596
3888
2378
2575
2559
4168
2136
4030
3302
2934
3744
3683
3658
3684
3541
3624
2278
2329
3673
3586
2218
3909
2171
3001
4316
2854
2833
2879
4162
3738
4131
2569
2550
3682
4408
4466
4025
2664
3980
3682
3610
4317
3825
2354
3389
3408
3386
2988
3958
2550
3140
3836
3534
4538
4248
3338
2322
3745
3858
