3580
4005
3148
3380
2609
4146
2067
3912
2852
4102
2349
3640
3348
2342
2408
3719
3414
2325
4183
3373
3972
2549
3658
3369
3388
3830
3460
3248
3646
2421
4241
3348
3544
4022
3536
3544
2199
2842
2184
3450
3055
3364
3963
2971
2863
3794
2518
3495
3071
2502
2931
3966
3513
2680
2206
3244
3535
3197
3383
2233
3543
2394
2400
3167
3569
3786
3473
4273
3525
2868
3498
3541
3239
2710
2393
3340
4118
2123
3806
3464
3544
3158
4031
3233
2295
2226
3115
3697
3328
4714
3466
3850
4178
3460
3274
2823
2260
3050
4253
2544
3313
2453
3211
2379
3683
2587
3891
2351
2213
3299
3189
3574
2997
3598
2358
2316
3089
3080
3332
3329
2301
3849
2886
2435
3581
2263
1870
2339
3049
2401
4446
3121
4432
1860
2261
2755
3006
2308
3472
3040
3267
3181
3350
2154
2520
3296
3093
3164
3457
2784
2469
3459
3326
3389
3601
2223
2385
2692
3576
3274
4189
2549
3261
3123
2492
3828
2908
4083
2836
2975
3124
3452
1882
3341
3893
3322
3484
3923
3850
3715
3157
2054
2242
3135
3346
2226
3359
1953
3082
2884
3749
2083
2738
3416
2706
3238
3043
2549
2282
3277
3303
2760
3900
2376
2893
2500
3235
3345
3294
3324
3808
2936
3748
2752
3426
1999
3004
3949
4079
3604
3720
3558
2559
3165
3788
3683
3695
2373
3500
2866
3266
3863
3710
3164
2556
2876
2319
3290
2970
2399
3607
3236
3173
3546
3890
3668
4016
3532
2503
2919
2593
4133
4531
4487
2255
2943
3989
2691
3129
2754
3954
2047
3627
4477
3332
4811
2767
2567
3102
3286
3182
3896
3896
3076
3651
3960
3219
3906
2585
4627
3705
4674
3884
4034
2420
3746
3569
2512
3410
3233
2204
3495
2743
3721
3505
3870
3154
3468
2468
3573
4004
2896
3146
2376
4012
2861
3337
3823
3080
2841
3488
3145
4012
3864
3545
4082
2246
2328
3906
3404
2869
2896
2019
3150
3846
4407
3570
2895
2211
4369
2210
3359
3182
3398
3424
3173
3761
3111
4453
3931
3392
4520
3868
3551
3714
3484
3544
3745
2365
2033
3287
3577
2105
2771
3527
3759
3845
2855
3268
3653
4073
3163
3300
2901
2745
2883
3399
3568
3009
2252
3061
2636
3053
2257
2337
3245
3572
2808
2747
2916
3013
2818
3077
4166
2436
3570
3390
3562
3396
3401
3923
2008
3473
3848
3683
3468
3522
3486
2576
3714
2902
2918
3992
3701
2546
3675
2953
2463
3698
2739
3478
2668
2515
3338
3013
3323
2401
2484
3836
4017
2724
2642
2867
2547
3971
2907
4013
2374
3132
4029
3932
3890
2752
2895
3278
2365
2225
3382
2259
2275
2156
3644
2840
3617
2367
4126
2297
3333
3839
2137
2969
3665
2198
4089
4131
3462
4097
3367
2293
3830
3720
2110
3829
2615
4022
4013
3205
2469
2439
3307
3447
2654
2272
3268
3920
2503
3057
4001
3787
3922
3594
2342
3742
2815
2692
3742
4296
2291
3133
3633
2726
3454
3020
3488
2543
3839
2821
3478
3334
3882
2171
3148
2440
3904
2710
2313
3731
2450
2461
3362
2668
2044
3836
2496
3509
3617
3950
3655
3664
3199
3283
2550
4132
2129
3153
3199
2331
3025
2842
2253
2601
3353
2539
3152
3879
3172
2306
3584
3274
4149
3599
3448
3459
3844
4372
3828
3817
3001
2322
3655
2169
3443
3659
3626
3301
3697
3536
3353
4149
2349
2841
2640
2538
2128
3234
3799
2550
3530
2170
2448
3733
3733
3194
3010
2650
3862
2192
2712
3623
2341
3216
4122
3590
2743
2279
3831
2412
3255
4000
2243
3747
3293
3200
3099
3879
3126
2946
2816
2495
2303
2814
3883
3598
1996
3333
2945
2348
3501
3183
2192
2524
3371
2981
2898
3348
3009
3275
2804
3122
2665
2483
2879
3500
2672
2903
3474
3148
3018
3863
2741
3587
2918
3925
2130
3968
3325
2666
2974
2313
3645
2168
2715
3062
2654
3719
3339
1934
2888
3503
2925
3625
3424
3869
2799
2950
2716
3243
2164
3711
3109
2769
3308
2323
3405
4186
2608
2295
2768
2965
3922
2310
3185
2872
2665
3440
3514
2977
3309
3248
3213
3886
2197
2591
4137
2015
2774
2068
3929
3312
2719
2195
3487
2729
2162
2723
4005
2580
3530
3653
2582
2495
3540
3554
2698
3081
3786
2573
3270
3328
3268
2993
2923
2901
2676
2741
3659
3888
2744
2901
4129
3607
3601
2356
3431
3989
3236
3855
3919
3420
3844
4656
2629
4155
3487
3545
3545
2059
3388
3577
2298
3539
2553
2320
2850
3860
2807
2680
2261
2906
3024
3117
3779
3803
3584
2896
3419
4611
3025
2422
2875
3436
3518
3502
3342
2506
3255
2615
2759
2165
1980
3143
2875
2007
2088
2890
3353
3800
2687
2638
3077
2980
3151
2463
3949
2658
3315
3632
3724
3784
2148
3586
2139
3230
2587
3360
3225
2171
3422
3007
2358
2801
2636
3772
2368
4568
3640
4316
3411
3590
3374
3989
3234
3126
2348
2984
3199
2552
3142
4541
3458
3746
2593
2901
2294
2481
3272
2159
3724
4071
3687
3362
2444
3061
3682
3540
4035
3482
2735
2256
3537
3123
2693
4143
3861
3499
3540
3071
3616
2643
2378
2700
2194
2450
2902
3483
2532
3747
3778
3078
3166
2876
2660
3605
3581
3018
2849
3133
2432
2260
2538
3336
2953
3645
2467
1831
3403
3482
2159
2657
4195
3479
3405
2806
3518
3940
3295
2506
3142
2941
3402
3720
2660
2314
2263
2880
2675
3064
2742
3174
3543
3696
2517
2944
2825
1907
2532
3762
3327
3187
2997
2671
3085
2249
4268
3312
3165
2441
3022
2404
1955
3392
4702
3932
2447
2746
2252
3263
2425
2952
2337
3319
4236
4066
3045
3324
2992
3977
3372
3378
3194
3771
3538
3578
3349
2100
2400
3218
3104
2165
3794
3690
3857
2169
2180
3845
2435
2103
2929
3740
3003
3004
3261
3081
4013
3407
3496
3058
3143
2681
3409
3414
3478
3705
3916
4624
3935
2811
2710
2775
2970
2027
3094
3290
2313
2983
3104
3752
2857
3250
3700
3132
3392
2884
2581
3742
2827
3635
3340
3822
2769
