80703
68200
60499
74998
81209
50347
73579
73242
55629
52610
57261
49357
54620
48708
63450
54582
50377
55141
57657
79778
61159
56782
58757
56790
64517
45574
72652
50774
57063
70004
55164
61110
52954
50001
65428
66449
52966
52119
61169
45252
54090
64664
55399
51276
57809
45146
50470
53463
46604
59545
64227
64368
93673
70456
91154
48046
52371
53884
50563
58635
77847
50747
65265
72519
52941
59317
50934
52749
75749
47501
51102
58082
55117
61604
50030
53334
52044
52126
51704
51795
52359
58184
45943
52559
79850
76893
75662
55283
78356
64660
57021
61833
79065
93196
57349
53448
53830
80042
70513
61321
61223
63684
49059
50038
45240
52506
46405
42138
37079
31135
32689
27025
34611
25949
29494
30068
29890
30180
22680
25001
25592
24245
32216
35429
29993
31774
31106
32023
29998
31360
32105
34526
29088
34119
29129
30458
28204
39302
31245
26293
28417
26489
25718
27103
32371
32543
29152
35240
32174
30199
28487
34671
30304
36002
33208
27096
25423
29328
30268
29957
28454
33274
33214
37352
31609
32425
33963
37879
30830
28707
31612
31805
29651
30079
30733
30710
35235
28376
25620
25897
25968
32880
27623
32272
29593
29961
27428
30714
35673
34617
29607
33578
28189
24680
33415
30518
25674
34215
34535
30265
33708
34183
34110
36465
30790
34629
37931
33893
27795
31101
37392
27967
28575
31876
27985
33357
31047
32388
25740
37484
30135
29326
29047
28741
34618
35758
25418
28902
29322
30079
29189
32387
35111
33788
28713
28058
30026
28308
31035
27898
30026
37545
30871
32284
33418
31574
24928
35283
31765
37700
25986
34610
35881
33661
31509
34595
33221
32651
31332
31828
28221
38846
35451
29681
43952
31309
29372
35939
31211
36347
38075
31560
31682
30989
39031
31069
40397
41963
27033
32677
43706
43008
37160
43851
34653
39536
28204
35235
42997
39586
30405
50284
39248
42505
42565
43582
45832
45937
42990
48096
47323
48719
48748
48830
49190
52734
57135
75499
59140
58201
2487
60897
55901
54135
50625
57874
62911
52486
61789
71056
53043
51144
72763
49884
49055
49136
51974
73140
53586
52217
58256
47334
51527
52190
47705
49577
56964
47276
51761
44894
49135
45496
50630
46400
42929
50607
45014
47735
45316
40620
42738
39935
34814
33999
35551
38805
32339
33430
35219
34251
25296
28921
29947
35543
28430
32199
30853
28818
32922
26533
34960
33536
31013
33427
24971
28392
26694
25217
32629
29321
30680
28066
30470
27769
29660
31393
28187
29849
31707
27209
24641
27504
28774
31421
32630
32916
32220
27243
31863
32720
35842
32853
22773
29168
30505
33542
32345
36596
29663
34296
33336
37805
39102
37546
39302
38751
40757
36359
36569
36607
37866
35508
34345
34941
49324
41338
47054
56301
58200
62213
46134
52020
48084
53856
52309
60769
73574
82405
54576
53406
87710
90376
69781
64066
53932
47155
63873
71326
51854
79825
81387
86635
87630
54188
74272
61897
70221
50286
65336
91179
76788
69422
73704
49745
72518
54486
49481
49136
54025
49621
49145
46062
58760
55323
50124
63416
73928
63030
61577
84863
84339
86003
86262
54662
66178
74168
59005
79537
88714
76832
64742
82527
65837
66823
66032
59433
56982
54047
51872
76700
83129
87966
79165
84850
85820
55362
53938
48675
46708
47794
60479
55179
50571
54654
47526
55135
63894
62884
50070
59317
59396
58708
53814
62170
59417
50826
44763
65554
64761
72347
54705
55899
60060
86329
90345
79491
78861
67757
71782
101732
86867
51558
67688
65592
85311
76795
95314
92256
91938
90466
86670
88208
71595
81573
92441
83056
62531
72771
54805
51165
55030
92058
71361
52186
56928
82189
61241
60536
90594
68879
47812
57262
52752
49996
50830
49242
54542
52175
60634
50422
52431
60718
45414
64791
56890
50890
61869
61385
49339
55934
72672
91419
84948
84809
86625
68890
61982
58532
84791
76237
67959
68199
73395
51182
47237
47299
56627
54449
57125
92749
54353
53259
47742
51211
66308
51554
56639
61865
45933
65915
53703
58952
53268
64267
48364
49662
58687
65704
82685
62100
48446
52130
81486
99887
66067
69603
74627
57926
66700
47792
77968
51993
51250
51529
70011
52902
76530
90421
96357
94652
97780
89195
93711
87129
58257
72530
68225
57877
52247
83380
93794
86442
85002
82031
94215
88969
86257
67352
100721
60732
70593
71243
66442
96665
61077
44841
51602
46248
70518
61492
70341
49286
49107
50013
49506
73950
66755
57741
51988
52040
61426
50837
59198
67361
68891
51381
68746
52532
58102
47740
59634
64254
82712
53903
70250
52637
49684
48026
46749
59321
48578
70011
48720
48529
59039
59270
90431
70734
78855
47680
51734
47040
80166
49842
48773
82451
63983
58339
45803
59230
54751
47798
50793
69004
70231
78022
49249
59703
57058
76711
64223
50556
60360
48662
53129
65718
51472
56276
49182
81698
103064
66384
60119
90768
51415
54541
59771
71694
51977
58295
54940
86569
51988
61253
59501
67478
59121
65179
56221
57229
48361
81460
61217
53972
51525
53915
56861
45592
58848
54717
46181
53054
82280
84839
75801
63819
53884
68440
50525
59915
62058
89217
80609
89676
70298
45051
51979
58105
75546
54054
56640
60497
64772
70713
60495
67719
47369
49430
61511
58031
51462
61349
48707
57763
65461
67093
76249
78197
89774
97654
59004
53406
49095
48303
58612
42543
52291
69601
73670
61362
88108
90608
67102
64515
62496
53087
64140
56088
63566
51577
54768
52368
54336
48291
65594
76022
62479
94347
84580
50210
62962
65164
50510
48854
58555
66455
56659
61082
81770
58391
74969
60921
59489
77369
65699
87571
87446
79494
59818
88907
69229
47457
55486
43961
46558
54953
62623
48195
56067
56062
53127
46183
65740
59767
55527
51410
66619
55760
46512
48094
56695
51659
71203
65715
50694
54297
60515
49868
67445
99473
75125
67592
45155
47243
78316
77893
53248
66855
58203
71187
87341
85426
71420
87641
53020
71140
53270
79948
69871
66979
54100
70098
88140
84691
87154
85049
62730
53088
68699
48305
60809
88070
61807
90851
88010
84685
45773
52507
80717
62652
99683
76658
46596
60917
52946
53050
76562
87224
83704
90686
61483
79320
91774
87041
91969
84106
54456
81820
65833
90332
70675
72413
96692
84600
94319
63654
75865
107892
46086
57169
86342
99853
85245
96161
71077
50965
72016
95170
91508
80906
94317
96970
97858
102019
87742
91012
98751
100404
110816
107718
104481
100079
102179
106420
101764
111869
119022
107641
108709
90338
10962
10739
9699
10622
10909
10176
10333
11043
10480
9835
10164
10278
10071
9907
10012
10405
7061
8066
9409
9838
9441
9158
10084
7066
10175
9865
10519
10761
10196
11038
10161
10258
9380
9509
7841
10122
8540
10560
10296
10792
9458
9253
11882
10474
10636
10076
9566
6173
8060
10389
10409
10414
10480
10076
10057
10472
10418
10553
10080
9724
9359
10074
9599
9941
10396
10861
10602
10236
9184
8957
10453
10331
9256
10247
9559
8847
8614
9690
10898
9213
8697
8038
11212
9453
10279
9779
10173
8991
8474
9785
9209
8586
9187
9118
9304
8670
10556
8494
7787
7292
7756
8465
7519
7488
7192
7151
8321
8084
9483
8418
7786
7269
8283
8549
7909
8626
9383
7575
8999
7810
7827
8335
8516
7978
6444
8175
7932
8148
8096
9202
9411
8021
9223
8177
7356
10839
6567
9201
9281
8585
9473
8956
9654
9241
7605
8729
7749
9627
9997
10277
10094
8171
8354
7785
9012
9766
8520
9483
9578
8528
9458
8114
8134
9369
9376
10639
10018
8769
9190
8914
8420
8388
6530
8255
8432
8705
8231
8990
8543
7811
8366
7344
7710
8457
8742
9141
8542
8408
9009
8019
8048
7739
9024
9999
7018
8654
9887
10258
10842
9015
9720
9430
9802
8301
6301
8858
8236
9690
9670
8790
7982
8594
8868
8313
10027
9871
9744
8828
10135
9279
8022
9749
9458
8698
9024
7974
9894
8755
9092
9224
9626
9733
9169
10396
9176
8631
9112
7156
9056
10102
9076
8895
7888
7977
8365
7827
9741
9508
9147
8773
8356
9213
9004
8869
8913
9097
7291
8162
8782
9581
9419
8302
8694
7934
7261
8971
9023
9149
8905
8387
7865
9996
9105
8850
9183
8333
9876
8174
8427
9517
8304
7299
8115
8823
8112
9230
8152
9331
8722
8011
7889
9421
8745
8693
7653
10465
8129
8873
8502
7899
9056
8574
8150
6723
7290
9178
9216
9312
8788
9777
8328
8969
8593
10110
10502
8961
9961
9696
10183
10184
9899
9325
9773
9149
9322
8155
8736
8764
8267
7399
8388
7775
8010
8597
8454
9088
8150
9006
9235
10707
9877
9774
7380
9796
9177
10341
9080
9824
8888
9353
8407
8668
6964
8527
8762
8259
9025
7816
9440
9307
9825
10266
10395
8455
9213
6927
9484
9639
8522
10190
9976
10050
10213
10084
9273
9957
9505
11597
9885
10896
10198
9163
8609
9209
7818
9240
8827
8134
5259
6937
9706
9327
9066
9957
9324
10349
9680
6781
9436
10262
9807
9701
9979
7341
8873
6653
9242
8973
9998
10422
10317
10502
9306
10036
9746
10221
10054
10408
9326
9443
8491
9167
9290
9193
9470
8333
9337
10043
9823
8826
6912
8914
9749
9437
9690
9153
9812
10763
9052
10490
9490
10989
8703
8650
9285
8589
9353
9156
8880
10405
9331
9291
7780
8771
8578
8453
9007
6799
9364
10008
9847
9387
9570
8241
8617
9117
11950
9305
9250
10075
10021
10354
7883
8471
9751
8558
9563
8439
9579
9061
9987
9634
9324
10124
10489
9326
9751
9236
10374
8606
7942
9202
9998
9586
9238
9673
10073
9048
9582
9185
9528
9564
10837
9482
9463
9803
9062
8606
9584
8496
9648
10197
10089
9777
10044
9517
9232
9501
9760
10122
10095
9037
10310
10379
9693
6127
10483
9943
9317
10226
8565
8746
9343
9104
9463
9379
9048
8948
10255
9149
9861
9203
9020
9445
9126
9570
10076
9709
9116
9498
10335
9638
10524
9238
6468
8835
8520
9635
9365
8929
9917
9544
9596
10127
11247
9706
10224
9558
8547
9848
8132
9430
9561
9983
9447
8585
9077
9675
9995
8986
8887
9635
10298
9425
9619
10269
10115
9978
9198
8562
8875
9321
9573
10141
9968
9869
9234
9671
9878
10073
9743
9134
9539
10800
9218
10197
9677
9203
10067
11097
9868
10313
9106
9281
9667
9532
9186
10445
9037
9657
9760
9459
9976
9194
9356
9217
9357
9053
9698
9360
9109
9789
10586
9629
9430
9035
8675
9190
9609
9603
9650
9511
8002
7102
9237
10135
9667
9211
6888
8543
10540
8997
10037
9743
9708
9561
9480
10191
9578
7856
8942
9838
10154
9549
9536
9318
9613
9720
10293
9332
9335
10793
9811
1318
9371
9651
9614
10554
10039
10198
9574
9577
9271
8055
8664
8943
9056
8897
9731
7991
9183
7995
10525
10342
9272
9956
10212
7211
8593
9200
8865
9328
9975
10171
8043
9419
9213
9986
9438
9500
9537
9229
9504
9481
9468
9822
9985
8535
9473
9731
10012
9235
8717
9434
9889
9095
9025
9336
9559
9665
10037
8633
9533
9631
9634
9991
9500
9684
9488
8963
9024
9536
9288
8882
9891
9312
9135
8905
9291
10128
9612
9586
9866
7008
9720
9855
8940
9286
8200
8807
9109
7318
8931
9065
9221
9762
9068
7595
9384
8008
7700
8047
7982
9328
9277
8875
8296
9452
7648
9253
8605
7956
8568
8155
8076
7789
9792
9212
9848
8893
9745
9689
11081
8684
9412
10549
10010
9192
9334
9400
10403
9525
9802
9140
8831
9218
10009
9493
9978
9116
10187
9095
9633
9289
9723
8715
10173
9286
9740
9943
10306
10401
9982
7630
9606
9867
8869
9292
9071
9505
10047
10650
9516
10502
9653
9099
8096
9203
10711
10325
9892
10316
8028
9357
7865
8943
10777
10100
9713
10207
8735
9116
9688
9466
9768
8210
10289
9987
10346
10747
9688
10850
9735
10763
10699
11057
9746
10791
10587
10328
9798
9825
9562
8948
9865
10185
9959
9911
10103
9653
9510
9799
10215
11597
11309
9800
8260
9371
9626
11194
9685
9613
9170
9446
10030
11133
9837
9192
7590
10273
10231
10021
10909
10275
9331
9555
10678
10122
9256
8645
10728
9971
10389
10713
10442
9085
9823
9721
9890
10359
11214
10200
10552
10355
10056
9292
10158
9368
10254
10572
10524
9780
9964
10785
10361
9630
9863
10268
10099
9702
10225
9709
9971
10393
10078
9922
10841
10321
11787
10975
9899
10584
10277
10381
8319
9239
9762
10406
10062
9902
10350
10746
10281
9765
9454
9270
7848
9207
9567
11114
9956
10186
8100
9623
9816
10022
9349
8858
10404
10466
9281
10172
9462
10165
9802
8668
10266
9247
10216
1824
9131
9879
11057
9486
9832
9113
9114
9636
9481
10025
