2732
3596
3501
4023
2925
3306
3906
3521
3272
2433
2394
2994
4102
3193
4379
3609
4601
3179
4075
3843
3148
3952
3659
3458
3655
2550
3701
2867
2936
3819
3486
4180
3863
2945
3283
4064
2324
4176
3946
3131
4422
4166
4283
2289
3760
2490
4167
2189
3915
4225
3466
3907
4162
2672
3816
4070
4406
3622
3310
3880
3963
4053
3739
2265
4067
2510
4497
3757
2377
2255
4127
3501
2738
4460
4506
3362
3378
4032
4411
2497
2879
3754
3974
3866
4250
3976
3491
2960
3712
4351
3689
3219
2852
3230
2389
3684
4050
2842
3640
2990
3654
2769
3726
4863
4087
2453
2828
3409
3674
4252
4161
3793
3331
3939
2551
4236
3351
3657
3559
3102
4225
3381
3585
2278
4085
4501
3912
3913
3142
2691
3730
3668
3281
3953
2475
4013
4003
3999
4103
2833
3033
4541
2747
4092
3430
3714
4460
2375
3238
3973
4730
4140
4009
2589
3710
3771
2557
2549
3628
4009
3827
2412
2276
3857
2194
4149
3859
2529
3164
2812
2656
3688
4325
2304
3718
2667
4301
4754
3229
3800
3858
2211
3928
3688
2887
2396
2420
3032
2285
3666
3772
2485
2784
3856
3633
3779
2664
3909
3573
3680
4377
2687
4324
3144
4196
3775
2676
3897
4559
3391
2658
3701
4126
2854
3662
3901
3499
3712
3620
2545
3427
3890
4729
3548
4214
4600
3804
3966
3901
2166
3879
3998
3926
4183
4230
2610
3994
3628
2287
2392
4568
3787
2916
2449
3185
3144
3247
2867
4106
3737
3668
3868
2958
3124
3900
4457
2193
3537
3824
4313
3792
3638
4300
3747
4058
4779
3102
1889
4071
2997
4392
3609
2595
3649
3880
2661
3505
3525
4193
3106
2475
3820
3249
4498
3394
2941
3911
3652
2651
3937
3756
2320
4391
2511
2369
4080
4057
3983
3750
4217
3966
4429
3653
3541
3102
3744
2193
2351
4713
3206
3754
3500
2298
3737
3654
4161
4622
4259
4035
3815
3622
3866
4278
2328
2595
4689
3212
3417
4705
2832
4331
3940
4202
3594
3894
4885
4127
5208
4912
4849
4472
3900
4300
3173
4789
4101
4551
3250
3500
4797
4468
4165
2511
4168
2830
3627
3861
3108
2481
2251
2600
4346
2467
3754
3820
3931
4745
4261
3210
4071
4257
3471
3281
2497
4141
3057
4806
3732
3696
2912
2312
2986
2744
2972
3901
4480
2340
2498
3594
3435
4043
3731
2534
4080
3011
3660
3688
4114
3192
3585
3176
3050
3009
4077
3830
3828
3825
3860
3897
2209
2740
2346
3410
2903
3651
4213
4689
3252
3307
4111
4262
4347
3060
3863
3962
3241
2333
4110
3678
4458
4590
3872
4578
2697
4464
4028
3563
2657
3438
4389
3855
3960
4127
4843
3454
2598
2316
5122
2844
2336
4069
2617
3802
3689
4501
3475
4879
4767
4959
3583
3824
3262
4414
4758
4672
2948
3177
4293
3429
4752
4215
4275
3565
3472
4917
4019
3924
4255
2219
4808
2805
3226
4640
4431
4483
2196
4017
4470
3983
3938
3567
4700
3855
4546
4428
3501
3536
3607
4008
2627
4653
4094
4171
3568
3629
3651
3747
5095
4183
3907
3836
2716
2269
2334
3994
4223
4493
4596
4804
2190
2692
2887
3907
4139
3639
4667
3225
4030
3909
2368
4657
3385
2551
2238
4342
4062
2474
4332
4065
3488
4212
4247
4775
3825
4924
3640
3244
4478
3917
3060
3939
4334
4823
3834
4127
3990
3559
3751
2450
4529
4176
2412
4203
5001
3403
2516
2947
2628
2910
3948
4623
2635
3554
3162
2969
3853
4129
3818
3869
3517
2380
3664
4753
4198
4461
4718
4499
4036
2320
1836
4197
3728
4467
3327
3836
3822
3820
4121
4569
4409
3537
2263
2583
3077
4380
3982
2460
4212
3627
4769
4433
3882
4436
4225
4369
4134
4440
2909
4143
3683
2333
4759
3844
3714
4315
4791
2279
4582
3869
4067
2980
4828
3266
3206
3969
2224
3745
3611
2656
4616
4483
4092
4318
3743
3387
2582
4046
4581
3754
3939
2159
3271
3032
3280
4062
3295
4035
2332
3592
3759
3717
3321
4325
2848
3977
2370
4512
3501
4235
3663
3643
3223
4042
4684
2349
4096
4108
4120
3066
4418
4865
4500
2933
4081
2984
2237
4109
2060
4444
4404
4042
3448
3829
4053
4251
3712
4223
3830
4590
4289
2661
3736
3419
4180
4478
4212
4272
4606
3927
4577
3436
3957
4065
4628
4282
3349
3917
3756
4103
2380
4086
4167
3585
4762
4716
3727
3932
3862
4565
4128
4163
4467
4755
3745
4483
2977
2809
3893
4407
2231
3875
3572
2247
4318
3853
3738
4613
4333
5179
4587
4296
4791
3496
4094
3861
3983
3136
2667
4414
4310
4379
4131
3284
4913
4365
2666
3257
3821
4412
3845
2495
4244
3683
3776
4530
2965
3424
4237
3909
4088
4481
4703
3888
4809
4032
2727
3599
4373
3963
5140
2417
4887
3242
3143
4785
4621
3380
3580
4010
4207
3713
3341
2158
3371
2359
4269
3850
3829
3960
4250
4081
2599
4425
4532
4156
2616
3737
4584
4203
4057
4873
2196
3737
4635
2887
3263
4400
4833
3956
2074
2196
4397
4914
4694
4687
4699
3623
4673
4273
4976
3911
3685
4222
4659
3786
4196
4288
2607
4281
4779
4634
4800
3764
5164
4477
4397
3910
4123
2270
4018
4396
4598
4603
4595
3576
4674
3722
4800
2058
4463
4030
4591
3911
3800
3748
4094
4933
5030
3403
4885
4921
4918
4639
5029
4122
2445
4740
4758
4621
4744
3139
4547
4548
4986
4819
4821
4735
4736
5017
4920
4809
4915
4898
5077
6310
5113
4748
6166
5041
5761
7853
4938
5099
4923
4545
4704
5631
8664
9361
5936
4623
4885
5851
5092
8363
4710
8456
4564
4621
4978
4771
4704
4722
6271
5577
4874
4977
4855
4625
4804
4794
5047
4771
4690
8283
7330
4980
9312
4906
5222
4945
5027
6663
5243
8836
4810
9019
8686
5738
8723
9401
8271
9162
5483
9150
4867
7868
6590
8781
9257
9017
8848
8781
8986
9029
7777
9045
4846
8559
8498
8799
9442
8295
8599
5065
8941
8780
8960
9283
5235
7042
5418
9309
8446
9480
8686
9033
9134
9162
9073
