9861
9799
9666
10403
9939
10278
10032
10377
10213
10450
9977
10001
8851
9511
10072
8426
8777
10316
10123
10268
9758
9251
8692
9745
9400
9774
9333
8165
10060
10031
10040
10127
9911
9860
9775
9991
7356
9945
9568
9050
9694
9520
9381
9643
9759
9857
8485
8978
9159
8586
8548
8100
7877
8683
7349
7121
7802
8328
7874
7525
8146
7414
7563
8690
8574
9878
8433
8496
8689
8538
7834
9058
7978
6997
8955
9198
8175
8980
10241
8246
9495
8012
8508
7829
7626
7974
7866
8049
8420
8196
10282
9581
9540
9223
9543
8848
8921
8992
9252
8733
9101
9262
8966
9462
5451
9578
9723
9502
8665
8766
8786
8426
8725
7813
8999
8455
8531
9179
8100
9193
8285
7984
8843
8421
9065
8844
8040
8523
8391
7901
7669
7908
8211
8628
9129
8680
8455
8243
7908
9369
8704
9487
8298
9903
9958
8822
9418
7558
7829
8270
8616
8275
8329
8559
9422
8632
7662
8955
7849
7288
8722
9029
9396
9832
9447
9349
9459
9786
10200
8974
9701
10097
9308
7937
8452
10271
9021
8489
9568
8633
9304
9859
9171
9180
9389
9838
9110
9860
9274
8637
9009
8595
9275
9503
9418
9584
9097
9258
9093
9032
8960
7943
9373
8319
7340
8559
9728
9494
8278
9744
9781
9866
9016
9166
9228
9354
9959
9886
9382
9439
8928
9433
9631
9487
9177
9676
8945
8458
8885
9390
9447
9049
9545
9130
9796
8448
9558
8980
9432
8634
9056
9244
9402
9109
9793
8897
9965
9303
8670
8799
9081
9610
9639
9444
8663
8747
9085
9092
9425
5581
9297
9770
9550
8918
9088
9033
9178
9480
9021
9010
9188
7773
9768
9104
8525
8875
9605
9611
9630
8752
8749
9229
9367
9777
8899
9208
9432
8819
9351
8984
8943
9238
9416
9442
9597
9950
9255
9359
9542
8996
9800
9267
9511
9542
8574
8846
8986
8508
8080
9659
8896
7168
8813
9442
7654
9125
9010
9086
9608
8786
9190
9117
8497
9066
8765
9530
9104
9417
9312
9202
9199
8812
9162
9181
9402
9260
9885
9578
8424
7703
8928
8950
7722
8068
8135
9142
8805
7436
8344
7953
8156
9927
9548
10087
9202
8504
9400
8602
8539
9021
8580
9197
9640
10353
9542
9834
7506
9585
9135
9536
9623
9568
9371
9496
10269
9409
8691
9040
8822
9400
9650
8495
9130
9514
9541
9841
9643
8800
9055
9196
9320
10557
9906
10020
9247
9071
9362
9517
9954
8675
9974
10262
9589
10167
8840
9693
9972
9675
8895
10642
10230
9659
9678
10199
9221
10180
9467
9759
9847
9876
9596
8902
10284
10118
9418
9935
9893
10261
10129
9416
9264
9603
9841
9598
9918
9944
9086
9252
10323
8929
8408
9104
9640
9295
9171
10062
9940
9971
10384
9905
10337
8902
10257
9820
9821
9883
8482
8700
9548
10311
10383
9940
10381
10298
8999
9805
10241
10214
9708
10126
9608
10009
9554
9880
10367
9712
9931
9941
9060
9971
9690
8976
9849
9319
8536
9280
10796
8979
9101
10412
10577
8954
9368
8549
9587
10153
9780
9301
9954
9005
10287
9909
10002
8856
9731
9753
8291
9931
10281
10214
9820
10334
10090
9652
9078
10153
10221
10259
10468
9843
10244
10378
9723
10293
9983
9836
9928
9875
10058
10022
10488
10390
10093
10513
10468
10124
10175
10060
10082
9733
10269
10194
10100
10012
9766
10394
10224
10075
10354
10225
10819
10558
10602
9943
10029
9805
9856
10261
9840
10076
9983
10044
9833
10505
9914
10285
10077
10093
9777
10320
10280
10262
9928
9840
10374
10031
9806
10088
10274
9533
10366
10259
10338
10768
9748
10266
9991
9676
10465
9144
9867
9831
10087
9468
10543
10115
10552
10265
10571
9183
10241
9946
10043
9068
9623
10150
9821
10277
9492
9969
10062
10203
9868
9314
9981
9859
10237
9881
9807
10280
10380
10207
10317
9875
10027
9965
10117
10061
10100
9893
10199
10497
10210
10134
10506
10417
9855
10196
10372
10207
9880
9943
10218
10330
9932
10170
9878
10093
10214
9405
10173
10804
10250
10122
10172
10193
10022
10526
10138
8575
9638
10135
9993
9314
10405
9568
10418
9416
9441
8579
9034
10289
10146
10346
9841
10496
10204
10407
9761
10498
8437
9063
9338
10285
10299
9712
9868
10245
10142
9946
9586
10595
10067
10350
10141
10166
10314
10185
9470
8965
10332
10129
9912
10310
10225
10148
9977
10704
9965
10188
10497
9286
8725
8789
9665
10093
10234
10110
9956
9797
10530
10236
10248
9676
9282
9366
9453
9891
10343
10059
10172
10334
10103
10162
10215
10113
10265
10035
10048
9891
9673
9638
10308
9708
10169
9705
10113
9655
10591
10453
10123
10428
10524
10589
9950
10269
10252
10004
9661
10198
9906
9482
10169
10221
9985
10051
9728
10111
10362
10199
10693
10356
9993
10111
10660
9913
10144
10140
9977
10119
10591
9786
10533
10185
10169
10153
9787
10616
9710
10436
10091
10001
10054
9937
9925
10045
10211
9853
9964
10148
9957
9945
10063
10121
10067
10244
8716
9275
9366
9514
9417
9604
9761
9582
9787
9133
9668
9290
8578
10023
9253
9722
9209
7767
8920
7934
8642
8492
8848
9361
10126
9162
9535
9593
7943
9617
9491
9549
7672
7702
9553
9620
9503
9353
9334
8579
10174
9365
9798
8616
9277
8243
9400
9489
6320
8888
8788
9381
9408
9315
10157
9851
6795
5075
8614
8276
9695
8302
9632
9197
9850
9791
9017
6141
9863
9091
9175
9664
9193
8836
9745
8965
5447
9406
8775
9303
9102
9663
8531
8518
8697
9394
9118
9171
8502
7874
9271
8918
8854
8985
7888
8318
7923
7705
8497
8316
8350
8023
9097
9285
10126
9254
8873
9372
8942
9837
8998
9326
8980
9098
9036
9323
10130
8057
8840
9710
9630
9413
9258
9065
8801
5692
8381
8991
9358
9343
9590
10092
8210
8624
9271
9328
9330
9129
8582
8772
9220
9802
9587
9563
8739
8509
9443
8936
8766
9638
9096
7870
9051
9353
10062
9004
8055
9316
9336
9260
9013
8558
9048
7280
9258
9579
8427
9854
9017
9038
9333
9065
9220
9064
9704
9698
8872
9318
9225
9649
8776
9053
9087
9031
8607
9520
9409
8986
8321
9117
8926
9825
9481
9131
