111532
83265
101634
99124
75412
86899
90406
52157
58046
59963
55010
58640
84594
81905
62371
63059
72225
82564
75439
81466
67943
61259
92603
81764
57505
58903
51415
72556
89592
102576
91033
103059
68346
46440
54845
56423
57312
81567
67917
51405
52305
56824
54143
64848
52276
52636
53431
62800
83836
60331
60139
84425
47905
54572
51928
63703
48434
50582
62290
94386
88362
88689
80922
86843
98239
91843
100072
76741
66001
85127
53412
54092
56261
57721
60703
61977
62592
69885
77908
78016
73132
74797
58126
57272
64620
84461
76822
82545
2793
93298
87281
83389
89592
61677
53436
54268
50143
46557
56959
59620
51105
55492
47604
67924
56429
50114
80233
54215
51927
52076
52814
49801
58293
46862
45028
46734
43896
40004
27561
33073
28432
30221
33004
32320
25681
35277
28431
31988
38907
33030
30402
31149
27019
28956
31566
33116
34455
30389
31718
30575
28243
32450
30804
32453
29406
31975
34608
29457
32580
40558
32159
34789
31121
29514
33375
32583
33968
34160
29611
26826
30440
29830
28574
29284
29201
30072
31152
38319
32622
34795
32173
29622
34256
38268
33125
32306
31436
31403
29079
28821
27086
33011
32376
34241
33262
29390
30046
35292
28177
27457
31878
32776
31898
36820
31719
31668
26737
34310
34749
35195
30311
32327
32081
32525
32456
32840
26603
34568
35079
27135
34146
26236
34191
30992
32765
29857
29521
34332
27481
26569
26710
28447
24661
32282
36084
23364
36276
30191
29645
31896
36639
30330
32117
28787
31390
34216
31917
34022
29535
31783
26764
29253
33279
33204
31685
37771
32420
29710
25852
31683
34580
29229
33867
37995
38901
29251
34253
36015
31365
28928
30601
32380
33306
31801
33363
32672
37006
32362
25651
39363
34457
37457
32132
40999
36705
31673
35718
32252
41181
38653
34151
31009
29227
32897
35847
30519
30423
27248
35631
42660
43052
41206
33015
34328
37653
37836
47572
24611
38981
39741
34219
36893
37742
46225
45751
49956
47438
47939
44808
47162
46902
50591
47912
53005
56590
49080
60696
48195
50244
54585
51112
67808
54485
45016
61919
50658
67223
49390
54355
84793
79416
73630
75696
51770
67636
73792
1630
70897
47666
54646
48532
56766
60560
45677
51398
55287
54935
72340
65459
49065
46190
49984
49007
48546
45509
49908
47187
49408
41666
34704
44187
38535
39243
30531
36068
32064
33589
37705
29461
24805
24477
32469
29585
32646
23175
31365
35473
29262
31464
26969
25635
28943
32361
35019
31360
28346
35842
27368
34833
29487
30777
27947
33548
28647
28295
26961
29434
31563
31629
30984
29957
30303
26909
26795
29091
27850
30654
28444
31245
29398
32768
30631
35203
34530
42488
28669
28763
34465
32005
33163
31801
36859
32507
35464
32062
30676
39949
37795
34047
31331
31571
31552
36172
41336
46281
43101
47834
51090
72123
83156
91808
63762
55618
47105
51803
49015
48702
53115
47393
74394
52228
53270
53091
55060
55566
61250
90833
52482
63152
70252
61135
50339
48495
59998
62507
50750
55482
46402
52327
57544
59989
64904
54932
58418
55885
50313
55845
57591
53878
51473
54780
48070
42519
66669
51694
58941
64115
55752
84040
87145
60114
67291
49375
60664
53942
86685
84842
94030
89696
85408
55120
69709
62606
54943
57635
66222
57442
79930
76243
55292
52450
61283
53158
55611
48668
53078
55339
53543
48565
49817
53931
47133
47565
48620
48422
50938
50617
75967
82100
83114
84624
75207
75212
81053
73210
64362
64081
64760
55871
50974
50194
53342
53196
61961
57334
60300
49903
64834
83785
52213
49429
62646
50837
48786
58561
53294
50256
55571
83693
77967
53265
75140
58719
48752
51377
49855
86008
49441
48940
48370
57440
47592
66533
55158
54429
51919
67565
65169
55769
80425
74651
59015
53571
50071
71387
80103
89342
71694
53750
48730
64879
62289
70404
63729
65827
69139
62155
76864
52594
79006
92489
79102
61470
85976
81051
85719
73542
49788
51072
63741
57804
67739
59347
44064
73575
93627
70842
50856
68120
51754
71321
56952
60570
82636
47007
49930
66188
53968
51802
58029
70472
72728
48536
71225
88986
61230
56401
63450
67027
45693
48074
56623
52927
54498
53255
84004
50255
59034
53376
81382
49330
52677
61581
51000
86790
62342
55865
49089
56115
52787
69154
58188
50997
49831
54588
65191
65019
73915
75483
56407
51232
65655
52454
45207
54680
49822
63396
74614
49294
63618
61690
72406
54710
57055
72835
60593
56907
56312
68314
64607
65734
77865
56714
75061
49072
66555
74381
57850
65737
81371
98972
60901
75193
55645
62809
47496
89309
100001
89620
75011
68938
44241
46037
90731
80470
98444
89192
63201
75601
49695
76067
59071
99181
74789
65609
70491
60194
62774
55720
52963
50036
52563
57720
68220
63271
73789
68826
68789
64441
58870
50184
48810
66078
63338
69450
62223
69117
65556
78591
63859
53366
83447
69122
94780
71453
55157
66222
68400
47538
45086
51263
49860
50752
48223
51145
57264
48164
73681
70765
96556
95253
70389
80208
92033
74516
67282
57926
49593
46856
49255
68133
63979
46809
78526
53256
62890
56792
49505
60300
75650
50032
64966
67454
56169
49436
72318
92508
72627
58305
45482
65341
61880
49638
78360
70320
91506
68511
72332
97653
69157
61478
62572
87528
94632
66151
72342
74597
93730
68908
61364
53170
45974
63630
47633
56820
69664
90004
63467
54392
58722
56154
88579
94093
77238
102566
1459
68100
87306
91788
54476
52140
64939
47616
83478
55992
62122
55632
97303
83580
84354
48018
48999
62291
48515
60225
62209
61665
53405
44697
48893
54656
55384
52557
50291
55183
45998
73077
56412
80037
73177
49959
72492
98511
76260
49733
68662
50033
46710
50413
63111
56265
55335
93987
99706
57769
47585
50040
60295
69154
89204
95037
96582
86961
87242
88775
74781
61298
58873
60288
66538
48989
61341
48393
53746
56734
75697
88162
89105
58877
74995
54197
81613
50990
59517
49882
61640
58243
62389
45403
49148
46323
68295
78329
86115
89137
97673
86365
71146
96801
92410
84147
86687
64118
62557
51732
56019
65545
53974
62715
52287
55194
57141
51044
47739
60775
56963
82884
47616
84251
85439
88128
68550
50134
59065
62002
87835
93504
89548
84542
61550
47732
65505
74335
62070
56517
69811
69130
94678
101424
74847
90912
87471
60417
65775
63505
92107
93360
86181
86590
77888
57875
66331
89825
60436
84835
80842
93622
79916
75966
93514
95509
93113
103597
96016
92673
95420
93257
93345
98359
96831
9504
9350
9870
9938
8933
9840
10340
8761
9239
9667
8046
7846
5981
9157
9308
8871
8488
8022
8771
8918
8791
9662
10521
9238
9695
9643
9113
9631
10185
9102
9750
9517
10282
7403
7102
8543
8416
8962
9243
9432
9058
8968
9256
8411
9311
6273
5305
8066
7715
9515
10302
10647
9559
8991
9121
8419
9271
9056
9282
8865
10215
8927
8785
8936
9512
9054
9353
9495
9803
9554
8597
9435
9769
9330
8963
9541
9426
10028
8545
9739
10788
9953
9230
9357
9231
5554
9904
10271
10737
9761
9518
9545
8287
8356
8866
8716
9292
9562
8635
9325
9801
10353
9326
9710
10848
10491
6457
9198
9164
8958
9504
9158
9230
10688
9591
9075
9355
10202
8659
8384
8963
6908
9043
9183
9089
9921
10670
8132
7872
9763
9000
8398
9602
9321
9324
9392
9421
9419
9502
10361
9111
8799
9003
8548
9003
9675
9038
10112
9633
8725
9542
8986
9603
8214
8425
9028
9290
9474
10530
9222
9423
9421
9346
9626
6626
10627
9446
10047
9645
9485
9727
9264
10194
9270
9292
203
9753
9033
9043
9409
8984
10045
9192
9901
9705
9367
9967
9040
8828
9426
10039
10371
10445
9767
8665
7751
9873
9853
9250
9404
8448
9176
9798
9756
9198
9705
9572
8122
8179
9300
10466
9232
9054
10568
10549
9374
9166
9066
8262
8034
8658
8589
8793
7680
7342
9592
9429
9282
7027
10232
9733
9813
9420
9768
10212
10153
9905
9628
9199
8815
9693
9285
9874
9589
9657
10158
9371
9928
8933
8854
8208
9954
9354
8121
8422
8676
8793
8709
9021
9284
9785
9664
8077
7785
9000
10396
9509
9895
10460
9392
9383
8894
8959
8999
9948
9999
8368
9979
9489
8837
5669
5384
9335
9471
7605
8705
9059
9538
9507
9084
9624
10161
9256
9985
9596
8841
9509
9379
9273
9337
9688
9368
9396
9504
9500
9963
11103
9622
9470
8944
9214
9353
8355
8534
9314
8994
9811
9493
9812
8863
9218
9229
9994
8115
8336
8736
8378
7888
7787
7797
10232
8505
8909
7861
7858
10785
9688
10117
9507
6850
9144
8334
9487
9397
9401
8627
9310
8503
8980
9268
9293
9244
9319
9102
7686
8261
8851
9672
9732
9141
8252
9109
8977
9439
9607
8707
8369
10574
8980
9898
9760
7472
9368
7303
6324
4999
9262
8944
6345
10067
9940
9046
9457
9492
10060
9503
9796
9450
9999
9666
7931
9907
9524
9406
9655
9467
9097
9741
8316
9303
8502
9469
9596
7923
8511
6025
10272
7947
8335
9960
8608
9195
10218
9654
9286
9278
9352
9391
9724
9139
8916
8707
9442
9274
9546
9686
8810
10118
9283
8469
9016
9193
9052
5077
10030
8809
8910
9899
9082
10438
5092
8982
10512
10091
10517
9415
9724
9455
9858
9947
9522
8549
9037
8780
9080
8359
9652
9504
8929
9778
10097
7567
8941
9913
8974
8759
8577
9630
10432
9137
9347
8754
9263
10091
9054
8779
8596
9716
10152
10008
9301
9635
9183
8623
9954
9288
8692
9074
8589
8876
8496
9547
9219
8123
10130
10119
9177
8344
10006
9770
8829
9624
8229
9432
9614
9083
9032
9816
9516
9041
8653
8931
8120
9279
8867
9884
9975
8462
9205
8948
10149
10096
9019
9023
9599
8460
9096
9500
10077
9401
9428
9087
9290
9586
9021
9043
9017
9441
9429
9546
9768
9043
9364
8676
7954
8211
8423
9264
8987
7189
8826
7436
6977
8760
8330
7555
7382
7079
8553
7585
8023
6617
9295
5970
4781
4861
6248
5892
8755
7332
8448
9742
8516
5098
6518
9091
7305
8737
9228
9283
8611
8009
7950
9306
8759
6310
9526
9432
9296
6544
4786
7621
9500
7696
9217
7797
4999
8791
7760
6235
8686
8665
7542
4691
5788
9032
8950
6806
8529
9621
8848
6343
8129
8687
9102
9134
4845
8284
5204
8316
5615
9743
10350
10113
8797
5085
8359
9251
9477
9273
6693
9136
9411
9294
8670
8813
6762
10004
9626
9033
10995
7258
10599
9298
9371
8948
8488
5160
8962
8799
8705
6914
9643
8668
8670
9935
10343
10356
7379
8736
8508
9028
9302
8775
9544
9818
9660
9154
9298
9047
9313
10250
9060
9452
8936
8968
9595
9873
9746
9778
9826
9441
9060
9015
8526
9269
10892
9337
9817
9617
9451
9331
9297
8775
9087
9378
9895
8843
9785
9834
9423
8999
7209
9616
9695
9766
9528
9567
9430
9060
9521
9500
8199
8332
8137
9166
8376
8951
7739
9713
9288
9376
8621
7665
9148
9351
9320
8833
9160
9288
9963
8932
8241
6886
9470
8806
9148
9046
10078
10364
8898
6751
7684
6655
8903
6880
7078
8697
5399
5979
4807
6543
6973
8884
9473
8442
8875
7219
9487
8823
8640
7162
9012
10017
9428
9412
8475
9083
8127
8258
8429
6261
6267
8961
8738
8367
9382
9516
9377
10311
8287
9150
9389
10512
9499
9164
10071
9049
8569
9303
9984
9231
9713
8994
9986
9586
10023
10067
9175
9196
9430
9993
9985
9274
8137
7258
7793
7528
9321
8532
7916
7756
8303
9002
9218
7137
8413
10575
10274
9836
9349
9532
10171
7552
9378
8873
9450
9931
10401
9678
9059
8963
9121
8349
9089
8301
7866
8790
7649
7743
8413
9159
11199
9772
9590
8569
8456
10542
9830
10305
10199
9436
9530
9865
10213
9347
10874
9378
9828
9699
9364
9410
8758
8261
9356
8244
8919
10101
8019
9160
8592
10223
10161
10156
10531
7853
10242
11231
10066
10859
9901
10263
10250
8980
9163
5921
10253
9559
9218
9788
9776
9272
8697
8056
9435
10256
9601
9150
8534
8302
9403
8857
7418
10372
10021
10513
9424
9598
9467
9762
5571
9150
8594
9163
8670
8908
9430
9383
9589
9216
9919
9301
9857
9375
9661
10384
9826
10444
9011
9813
8536
8927
8945
9412
9776
8799
8298
9575
9130
9475
9757
7966
9444
9947
10179
9845
8161
8737
8808
9470
9117
10425
9625
9181
9173
7519
8342
8496
8543
8577
8658
9493
9525
7995
9342
8593
8939
10131
9222
9075
9446
9888
9387
8710
9011
9289
8707
9774
10053
8451
8538
8810
8869
9344
9587
9731
9987
9384
9750
9062
9346
9742
9125
9926
10024
8708
9164
9100
9818
9464
