8574
8776
9367
9923
9412
8330
8990
9061
9243
9317
10155
8912
8472
8924
9524
10144
8921
8676
9086
9139
8519
9434
9125
9069
9113
8333
9438
9134
9129
8583
5673
8558
8155
7333
9306
8636
8408
8874
8431
8725
6696
9300
9212
9745
10139
9528
6509
8658
9217
9079
8811
8879
8896
9191
9303
9324
9293
8369
9926
6619
8562
7270
7261
8028
8857
8034
8991
9465
8374
7250
7095
9559
9623
7647
8763
8128
9300
9451
9697
8766
7804
9008
9231
8991
8154
5637
7382
9143
8848
9298
8206
9039
9064
9644
9329
8992
8757
7974
7597
9020
8953
7961
5997
9040
9429
9576
8036
8903
8814
9221
9145
9054
7220
9285
8981
8718
8979
7150
8739
9006
8252
8374
8591
8791
9764
9205
8384
9226
8858
9307
8927
8647
8935
8237
8872
8962
9104
8846
8389
7451
5655
9032
7702
8480
9642
8395
9104
9080
8572
8785
7205
9753
8492
8283
8153
8320
7903
9388
8663
5675
8919
9268
9163
8243
8998
8643
8575
6058
9440
9036
7326
8680
7614
7850
7416
8336
8844
8327
8879
8815
9147
8755
9244
9017
9150
8889
8852
8660
8255
8802
8951
8775
8253
9134
9800
8582
9234
9183
9760
8839
9562
8783
8854
8883
9971
9115
9263
9046
8506
8963
8362
8879
9619
8582
8992
9267
8881
9017
8545
9934
5335
7840
8885
9181
9387
8938
9209
9643
9097
9202
9455
8870
8913
8545
8796
9244
8758
8297
8468
8894
9435
10229
8786
8567
8773
9333
9104
9427
9305
8702
9079
9291
7961
9146
9147
9036
8976
8310
9219
9753
10295
5309
8170
8969
9375
8874
8259
9295
8364
6811
9082
9916
8848
6155
9257
8930
8821
9428
8567
9556
9183
9278
8971
9529
9116
8204
9152
9130
8629
9309
8641
9180
9279
9210
9653
9112
9495
9358
9401
8954
9563
9022
9310
9273
8944
9026
9125
9439
8267
8136
8587
9735
9029
8212
9134
9008
8948
7357
9143
9262
10048
9315
9164
8936
9735
9076
8325
7822
9439
9350
8061
8127
9443
8715
10212
9155
9836
8722
9293
9333
9454
9584
9436
9016
9455
9747
9054
6683
9181
5421
9044
10087
7695
8663
8976
9367
9226
9680
9010
9212
9013
9417
9046
9355
9126
9013
9085
8968
8890
9694
9090
10310
9451
9135
9217
9055
9169
9215
9473
8413
8685
8595
8381
5203
8430
8186
8891
9281
9176
9182
7955
8081
8752
7149
8966
8875
9420
9092
9224
8198
9044
8957
8910
9199
8870
9499
7351
9107
8650
9115
8998
9000
9135
9414
8746
8848
9026
9582
9333
9432
8930
8440
8956
8656
9305
9413
8784
8804
7611
6488
7612
8964
9634
8539
9174
8803
9092
8919
9717
9326
8930
9223
9335
5631
8243
9169
9963
9404
9449
9055
9200
9523
9545
8840
9741
9176
9325
9185
9024
8720
8693
9408
8135
6779
8228
8558
9248
9658
9609
6888
9612
9405
9612
9131
9291
8474
9822
9426
8168
7760
7958
8823
8737
9208
8793
9138
9392
9006
9643
9383
8786
8881
8862
8997
8935
8967
9107
9058
8634
8326
9214
8848
9486
8666
9735
8626
10099
9169
9498
9033
9708
9272
9977
9497
9311
9410
9855
10491
9625
9382
9129
9769
8998
9254
9051
9094
9102
8933
9601
8385
7999
8378
9219
9769
8878
8191
8437
9968
8461
7641
8678
9058
9749
8904
7500
9490
8585
8531
9099
9134
9915
8994
9463
9080
8910
9277
9582
9365
9744
6779
8968
8739
9108
8801
8786
9361
8090
9122
9261
9838
9170
9263
9112
9317
9363
9178
9437
9316
8431
8649
9560
9343
8623
9618
8905
9670
9073
9479
9166
9070
9700
9060
9282
8907
9443
9026
9345
9160
9453
9186
9173
7442
9842
9610
9168
9908
9084
8470
9236
9453
9278
9487
9251
9444
9224
9846
9778
9298
9574
9517
8842
8663
9434
8738
5629
9046
9426
9119
9356
8574
8457
6854
8625
8580
9087
9385
8777
9288
7634
5446
9113
7503
7380
8516
9231
9070
9550
7760
8994
8138
9512
7363
8397
8912
8877
8530
9288
9100
7624
7900
8697
8955
7462
9074
9208
9757
9260
9141
9190
9188
9067
9365
9538
9230
9016
9812
9165
9078
8728
9418
8408
9204
9192
8605
9601
9261
8995
8505
7488
9463
9368
9397
9249
9442
8804
8710
9175
9128
8298
7501
8418
6597
9320
8080
7878
9070
7225
5263
8046
8432
6821
8064
9993
7967
7690
9781
8608
7916
9612
7156
8620
8749
8673
8664
7935
9384
9267
9468
8853
8377
8602
9511
8526
9301
9367
8854
9715
8808
9493
8881
9463
8465
8535
8357
9254
8294
9156
8958
8722
9213
8808
9157
8423
10029
8904
9204
9127
9344
7395
9011
8931
8919
8891
7939
9036
7717
9327
8459
8918
8734
9267
8538
9128
9008
8998
9264
9102
9104
9741
7936
9106
9226
9355
8981
8991
9424
8675
9248
9072
8739
8897
9450
9088
8809
9468
9412
7813
9284
9245
9415
8396
8503
8489
9263
9220
9082
8990
9416
9068
9950
9347
9335
8352
9290
9499
9149
8678
8579
8313
8924
9624
9172
8931
8986
8797
9158
9478
8344
8830
9195
9381
9691
8484
9299
9318
9203
9378
9069
8972
9340
9142
8901
9116
5285
9232
7161
9296
8760
9087
9776
8773
9422
8841
9110
9132
8667
9175
9728
8905
9406
9235
9098
8819
9431
8965
9387
9204
9804
8886
8785
5445
8350
9166
9211
9211
8834
8846
9438
8654
9167
9596
10454
8770
5329
9206
9004
8817
9070
8903
9078
6849
9300
8761
9853
5509
8966
9098
7620
6178
9645
9578
8585
7831
7344
9222
8482
7288
7999
9121
8367
8968
9272
8443
6723
9461
8390
9033
9301
9135
8622
8989
8444
8961
6565
8845
9426
9066
9277
8909
8988
8950
8985
8914
8738
8892
7753
9305
9211
7295
9000
8965
8699
9116
8686
9456
8236
9371
9382
9824
6337
5360
8884
8886
9388
5257
5326
8913
8877
8190
8668
9117
9190
9034
8917
7911
9346
8764
8947
7514
6405
8920
4921
8929
8538
9007
7461
9284
7292
9511
7874
9105
9074
9531
6859
7210
9325
8003
9441
8836
8647
8909
9367
8966
6296
8542
5918
5690
7925
8052
5129
3773
2825
2743
3807
2777
2447
3448
3292
2603
2175
2855
2867
2893
3309
3107
2928
2550
3539
3069
2933
2564
2898
3475
4021
2967
2254
2715
3554
2212
3676
2736
2336
2235
3111
2513
3757
3479
2074
2885
2414
3071
3683
2315
3508
3679
2689
1773
3217
3073
2471
3936
2424
3723
3488
2527
3302
3912
2697
3002
2346
2822
3451
3937
3175
2659
3411
2166
2918
2944
3299
3431
2932
2511
3173
2902
2358
3256
2488
2807
2414
3881
2636
3549
3286
2478
3226
2915
2232
2585
2504
2718
2366
3220
2368
2186
3388
3411
2248
2317
2924
2665
3239
3094
3573
3316
3640
2228
3719
3755
2161
2919
3174
3876
3816
2384
2433
3429
3990
2757
2296
3292
3328
2859
2608
3587
2930
2523
3461
3905
2639
2666
3754
2107
2588
3661
2581
3389
2850
3006
2544
3351
3875
3875
2732
2183
3412
4288
3338
4030
3958
3613
2100
3975
3166
2677
2287
1807
2894
1961
2522
3558
2370
3489
2715
2176
3432
3099
2351
2482
3123
2971
2812
3579
3768
2958
2854
2754
2504
2695
2744
3197
3663
3183
2534
1942
3412
3011
4366
2200
3196
3508
2283
3094
3570
3592
2740
3558
2520
3601
2997
3284
3441
3708
3801
2960
2656
3826
3679
2797
2718
3589
3870
2548
2564
3597
3561
2250
3226
3553
3852
3188
3282
3494
2735
3576
4223
4372
3891
3615
3233
2488
2994
2597
2365
3119
3074
3011
2104
3134
2204
2254
3560
2686
3396
2622
2698
3030
3696
3932
4450
3535
3887
3231
2800
3838
3635
4200
3422
2651
2208
3512
3829
3658
3829
2879
3815
2888
3108
2382
4028
4158
3627
3821
1948
3221
3349
3550
3782
3083
3547
3300
3326
4027
3913
1937
3567
2283
3097
3165
3789
2777
4118
4255
3633
2916
3253
3275
2643
2170
3334
3892
2542
4109
3854
2697
3956
4205
3935
2294
3415
3801
3778
2782
3454
3615
3016
3739
3913
3354
3144
2384
3686
2885
3439
2545
3864
4251
3008
4264
3484
3194
3610
3154
4280
3788
3799
3842
4488
1980
3800
3223
2496
2850
4381
3514
2475
2912
3746
4044
3655
3911
3228
3304
3930
3849
3717
4296
4028
4177
4343
4563
2572
4240
3837
3121
3949
4463
3299
3706
4293
4032
3595
3089
3811
3797
3634
4169
3598
3296
4358
2572
3175
3955
4679
4033
3736
3422
3389
3729
2215
4619
3685
3783
2658
4048
3600
4281
3047
2900
3263
3191
4149
2841
2690
3698
2933
2904
3998
2799
2511
2780
3910
3087
2743
3046
3867
3695
3077
2191
2417
2841
3016
2185
2666
2325
2527
2843
4097
2472
4551
4522
4034
3449
2533
4273
3965
3508
2401
3777
3983
4149
2653
3901
3603
3273
4270
3409
4045
3795
3734
4063
3600
3546
2383
2410
3122
3752
3559
4462
3437
3506
2496
3973
3485
3597
3823
3409
3392
3899
3962
2590
3741
2544
4252
3818
3302
3674
2979
3715
4167
4004
2911
2786
4290
4668
4082
3637
3680
2291
4327
4056
3549
5056
3323
3730
3555
3770
2974
4435
3457
3746
2159
2841
2648
3816
3837
2254
3222
4103
3815
3072
3511
2818
2322
4632
2670
3975
3001
3278
2643
3355
2451
2741
3468
4158
4498
2805
3813
3635
3824
3079
4408
3508
4799
3435
3568
2935
3468
3814
3919
2200
3645
3703
3681
3627
2281
4478
3588
4219
4934
3795
4236
3191
3941
3786
4183
3502
3987
3240
2817
2797
3547
3995
3950
3578
4396
3673
2467
4347
3863
3493
2493
4452
4389
3704
2913
3745
4562
4099
3497
4096
4230
4119
4218
3787
4361
3817
3487
4261
2580
3246
2313
4069
3306
4162
2935
3757
3490
3898
4698
1700
4266
3622
4696
4220
2160
3472
2914
3817
3993
4096
4062
3534
3508
3188
3689
3834
4154
3809
4419
4576
4586
3482
4188
2585
4843
2368
1962
3457
3942
3967
4980
4000
4083
4273
3896
2672
3619
4491
3797
4366
4599
4221
3403
4616
3373
3821
4401
4562
4303
4494
4361
3167
4522
4132
4419
4715
2491
3256
3066
4402
2600
3283
3861
4455
4953
4509
4111
2160
4656
3973
4434
4612
4629
2963
3985
4778
3845
3473
4432
3930
3776
3265
3815
3664
2208
4310
2395
4811
3917
4544
4181
4800
4611
3972
4806
2093
4314
4235
4207
4482
2893
4559
4365
4463
3827
3302
4610
4554
4164
4672
4163
4757
4632
4732
4591
2472
2376
3436
4597
4669
4615
4213
4074
4713
4815
5249
4911
4157
4746
4975
5069
4729
5019
4502
5139
4229
4933
4396
4903
4516
8687
4822
4803
4832
4231
4965
6866
4514
4726
4638
5514
4205
5468
4974
4356
4389
4683
5609
8666
5508
4820
5366
8202
8190
4464
5190
4906
4981
8985
9029
8189
5020
8527
7948
7355
5185
8938
8288
8266
7581
5208
6848
6366
9094
7931
7683
8924
7531
4806
6025
4655
8407
6757
7363
6932
8500
8001
5048
5715
7929
8021
6653
8542
7876
8803
5354
4397
5172
7011
4628
5228
8453
7654
8358
8587
8734
8868
8072
8558
8019
9214
9281
9476
8512
9306
9283
10575
8894
9565
9033
9961
10177
9783
8844
9042
8946
9930
8929
9087
8564
8272
5284
9105
9806
9805
9611
10065
9832
9719
9871
9686
8988
9316
8945
10485
10260
10356
9939
9451
10400
9630
10035
9839
8936
9597
9282
9520
9325
10209
10072
9351
9870
10462
9475
9689
10070
9900
10112
10342
9391
10423
9565
10042
9940
9492
9894
9758
10060
10564
9777
10697
10450
9788
10810
10037
10048
11080
10363
9450
10430
9890
10385
10160
10481
10218
10076
10448
10817
10035
11097
10773
10497
10189
10803
10139
10017
10205
10386
10057
10333
9979
10069
10068
9768
10170
9976
10335
10816
10164
9717
11020
10527
10074
9776
10497
10065
9979
10233
10599
10689
9996
10320
10147
9966
10473
10573
10057
10345
9989
10812
9676
10003
9886
10445
10340
10359
10522
10015
10328
10067
10313
10129
10103
10513
9949
10521
10492
10312
9865
9829
10616
10094
10422
10394
10143
10338
11302
9939
9856
10322
10928
10124
10177
11009
10108
10367
10290
10454
10281
9948
10274
10440
10175
9997
10125
10431
10453
10111
10482
