104616
99682
101228
98471
108994
111258
99318
106667
106490
112908
109217
105010
91139
94148
98914
85570
92921
100120
93471
71406
76017
83971
58422
71517
59314
68680
91787
92503
80368
86713
83206
94884
74464
54904
50408
88361
97151
82488
49425
57818
53865
52084
52278
62458
86122
91165
89262
53646
51433
48816
59831
59249
81342
64482
52686
60170
81857
54970
54207
50419
72680
74443
60257
46911
69221
78984
47133
49505
68281
55405
49174
50314
52093
49580
47710
53760
51736
47469
67897
54403
60426
66816
56131
64746
66451
65060
66687
63262
51382
48225
51445
53941
63735
72114
69836
48049
69776
52572
56374
58028
52991
56278
70714
48293
50674
52982
70665
61426
53431
55921
56688
47241
52207
63342
77922
63750
49544
57620
54304
50150
53164
53054
53791
46489
47753
45226
29054
32949
26237
32749
31590
33348
31013
32903
35395
33309
33823
29438
30406
30338
31132
31491
27771
29262
29877
32099
33242
32157
31822
31253
33206
30009
23899
33122
31923
33185
27621
31116
31603
28759
33363
29720
41968
32861
33681
29048
33048
28262
32429
29659
27343
28597
26966
37868
34541
34013
33377
35270
41043
31731
33016
27476
29771
26828
27945
34857
32145
28314
28764
31324
34146
30431
28465
33550
32252
30337
29085
28826
26046
31753
30996
30193
32081
31971
31182
33978
30759
34826
31676
33176
34435
31642
33548
38376
34430
28176
28605
40496
34423
33874
31908
29230
32200
39169
33261
32692
28504
31850
33169
32383
25312
32960
36156
33102
32321
31203
32736
29623
38345
28828
35913
25750
28140
29201
29751
31380
31238
33654
33180
33108
37260
35611
30501
36398
33709
34562
27956
31322
32684
30615
36273
32611
33960
28078
30502
32161
30812
27433
31175
35559
32537
31008
29560
29519
31179
30224
30515
29039
28884
26547
37908
33089
35085
36347
31678
29588
36213
33285
35572
25167
32562
29309
33227
35818
30623
39523
34348
35251
29255
31515
33825
37005
36671
36229
42620
40842
45003
43101
34175
39815
40974
42573
49734
32490
42998
39744
41545
49107
49337
49965
52606
50555
50038
49757
46360
53536
48848
60184
65566
50958
55367
59690
50546
46517
53983
51203
54522
58331
74429
61185
66685
53195
58800
97740
52537
48065
50596
49950
48805
51383
46793
50997
83095
50607
49566
45631
51127
51137
45931
47240
48302
48931
46612
48147
53721
47202
42604
34715
45871
47573
37114
27421
41285
36118
36727
32688
36256
30165
31419
31406
32738
29825
32373
31987
33218
31711
32465
32194
29541
38544
26142
34202
29900
29945
30262
32524
31365
32221
30814
32867
30507
28426
29201
30393
31316
32699
30440
25425
32456
28642
38046
31093
28302
29222
27095
26392
34059
27225
31979
30310
31811
28655
37103
36781
33584
32784
32833
30686
35749
40376
36520
33965
33408
36827
33582
36398
29176
30073
30871
24741
37549
34161
39364
33926
46192
45798
48405
55914
51894
52154
50543
50705
59300
52378
54534
75532
59825
98231
89836
96578
69970
54811
89693
70725
85465
87984
80657
63522
55984
85708
49769
47567
71585
54273
59256
71259
59732
58031
48056
52716
48616
57674
45153
52320
58302
63959
54110
56364
70475
69955
70298
86574
82214
80972
84301
90401
81989
53531
58164
49498
60854
48184
52811
57800
1030
75653
48776
54619
52398
51226
57964
49619
57663
61604
68233
48498
63647
69303
49693
50623
50920
52054
63462
59755
49622
57394
46982
51253
46330
47056
46111
72004
65588
78167
74751
54006
84849
71481
71115
52827
47082
56028
53404
54111
52770
49868
47968
54338
53663
54585
51901
49360
78908
91393
51346
47017
65717
65381
67981
61673
51889
57983
70259
91070
85679
57608
58085
71610
69770
50517
53269
79029
57705
52847
93989
87367
74160
51093
53416
83152
64701
71943
50774
51128
84324
92065
86487
48781
69999
92461
86019
84626
49176
81502
87958
91108
89016
53949
55984
59785
61989
79548
51483
52305
86035
83282
84724
61427
52554
49885
54755
50442
47011
62153
49133
52743
50922
79386
55042
64933
51457
55323
48532
48489
58088
90226
94151
60419
56600
81000
49530
53249
94455
90225
47689
61378
71490
80930
54518
51504
50000
48574
54576
51391
51928
65425
68601
73349
47785
562
49300
90679
55998
48999
56252
52016
55036
59583
86767
73564
59721
64507
77945
59197
50335
46720
47765
54167
54762
48441
55031
47956
53635
59712
99414
90533
61064
63638
86662
77192
56436
88046
70417
55344
47264
50906
54052
53812
58936
56865
44680
84123
59494
48120
49437
46011
68559
95154
84449
83079
88345
90927
92964
93477
90299
98267
83024
91016
49331
69890
55065
94135
75835
57509
71926
58459
50786
68723
63365
48602
58013
49221
47223
51031
52202
52630
49724
72095
52061
73288
54750
54401
66127
56081
50852
50258
62151
63547
55014
48224
56133
48297
57630
52864
75050
47034
54274
59905
70662
56175
70200
48614
85984
72433
81945
77671
81130
86721
63750
93464
68174
70321
85548
65750
46751
51162
52366
68201
53038
50293
49611
53268
48185
51973
90997
84810
65069
82186
79760
51834
54886
51598
48880
74287
77450
64924
55905
89149
86972
84809
70794
49729
58372
61012
53947
57352
51274
51134
57398
50139
48519
51630
49759
58137
68052
51359
49615
53590
56788
53710
50797
51808
71352
63553
96685
82890
52693
65805
84233
82195
70662
59959
65541
60213
85818
53331
62639
72398
82441
91795
93155
78156
87676
85468
80580
48087
69601
57421
50020
57464
48536
55398
54499
57079
57518
57326
49401
86892
57273
47566
62257
57132
63334
47705
48590
57611
66099
51790
71916
48551
54967
62098
49456
49758
83289
56361
45298
57108
53363
44969
54731
59793
85638
75148
78143
97076
85700
84506
58358
86934
64907
47113
53188
59788
52153
63221
99959
95075
86768
87178
89359
87939
51031
69842
49774
47831
93018
90858
59126
49315
68277
79085
52441
50173
46826
50890
65922
48216
62673
50082
67177
68782
89877
60118
101038
89030
55877
64033
48878
81710
64429
71169
50928
76224
54244
82590
64203
52960
56679
54717
48621
57963
88771
78210
44369
51925
66417
55157
47694
68094
56419
50687
47170
60343
50939
48847
67400
52172
61457
60970
60534
50963
45773
72798
54647
55341
46389
46295
54863
65181
47618
56844
49605
53340
56830
75969
63711
85522
84645
71257
87047
84864
74994
72770
89778
72290
94105
72795
60553
70049
65285
70764
61524
80732
79611
98522
79041
62148
87477
78490
81077
85014
72187
64639
90894
97282
57884
77542
53417
72559
