28589
28503
27274
21098
26428
15957
19012
18360
21643
17688
16607
17963
23021
19926
18213
18119
19370
15081
17110
24894
16811
17393
22712
20539
24391
26276
25096
25893
25953
21888
15617
14643
15881
15741
15308
17747
15463
27816
17688
14403
21882
18284
19057
18177
14795
15824
13743
16384
16653
14162
21866
22060
17458
18125
20509
16073
18969
16432
15199
15430
25138
21094
23162
24971
17447
17374
19598
23562
15204
18648
14978
19666
14941
15043
15009
21206
18938
18633
27055
27848
22137
15060
15697
18613
14602
14548
17294
18467
20203
19484
22268
18490
18990
18407
19431
17710
15862
14913
15380
17107
22884
23633
25796
14100
24439
22151
17741
20008
27754
17224
14822
19010
24289
17794
17100
20370
17759
21951
17612
18931
19497
16004
15567
13976
15818
15064
14728
16387
19086
15464
14130
13927
22793
20059
13868
15749
15230
16561
18501
24155
24995
15186
13531
14997
15542
21799
20025
16107
22176
21507
16509
16698
26886
23738
23031
16435
15579
15475
14046
16858
16186
14413
14158
15080
14938
15124
16012
16259
16218
20438
16687
22385
25735
20759
15180
14480
19193
25691
24109
14568
17163
14386
24942
25431
22167
22723
25310
24029
14853
16153
15533
14950
15446
14208
15694
16535
19213
13421
14460
20740
23639
24927
17567
18768
15052
18652
14227
19042
17222
18097
20568
15083
17339
16922
19666
15758
19055
15759
18432
14052
15731
15519
22311
25022
26615
23958
21957
16060
18105
23881
25006
16551
14579
18812
21431
24478
15986
16456
20057
14701
15693
20323
21447
13748
14003
15838
15703
14284
13936
20015
14620
18041
21847
15572
15865
15185
19232
33604
23841
20593
24760
14975
13932
14824
14682
14461
16766
22763
18833
14608
16149
15300
15722
16086
16051
14085
16762
19635
15720
15852
14050
16075
17001
13851
16337
18904
19142
22503
20281
19193
18073
25450
14026
20328
23184
18626
24372
15846
16286
22056
20807
17696
16601
19831
25463
22869
23395
16455
17647
17959
14207
16576
18082
18467
17753
13661
21986
16391
17430
15834
15717
14573
17381
23189
18291
16432
16282
20164
19678
15709
15483
15761
17597
16123
17323
16710
15301
21738
27256
19860
26098
19264
18732
15832
16865
21932
25085
18324
20238
23248
23825
22781
25395
24563
23444
23680
25091
23745
21794
20266
15735
20696
25781
16942
20605
19568
16692
16425
20505
24949
26036
26395
24419
17746
15082
14610
14055
15747
17146
21548
22505
20089
18655
22944
20035
16159
21523
15842
15930
19029
19136
21564
17543
18438
19696
17536
21019
15795
18779
26121
23082
14682
16105
24948
18681
14372
24098
24400
16197
17238
16152
15580
17642
17425
18362
17222
14314
15294
16753
16807
18844
16448
18804
17334
21765
16335
16580
25289
25952
20657
26480
22672
24176
14493
15130
19494
22946
15290
20486
18238
20851
14510
14100
16741
16589
15187
16034
13596
14725
19000
21821
14895
15134
15541
15824
15245
22059
15033
17496
17307
15499
15234
15962
17087
14405
17371
14922
23060
16026
22982
19205
14480
17727
17982
15022
20372
18713
18403
14466
16421
23086
14544
15528
14392
16461
17761
18710
14633
16490
15180
14925
15024
19023
17123
17664
16677
15324
16475
13907
15613
16433
16313
17136
14358
15071
15613
19784
30687
25525
20186
22361
23938
17942
15568
17924
14783
20118
18640
13154
13451
14238
14227
14195
14721
14463
15292
14879
15651
13218
14002
13971
13693
13891
15293
13833
15657
17630
15827
22441
22603
24118
25532
25226
24609
17554
20155
16510
19655
22073
21460
18758
14566
13413
13912
13302
13686
14574
15990
14615
20206
23640
20107
14132
16670
18604
15391
16343
14799
14201
15493
14653
15493
14252
12685
14876
17967
17658
14930
16815
17788
17087
16105
14765
14766
13800
16695
16760
18492
21747
16915
19433
22627
15946
16752
17342
21027
15872
14599
14619
14753
12635
15572
20293
18207
13910
14132
15023
14285
22595
26543
15394
19659
18543
13759
13869
21100
20404
15489
16739
16739
14677
13723
13543
13689
14457
16980
15689
13724
14146
14606
18915
15487
17406
16005
15764
19030
15689
19825
15502
15396
16477
14766
16628
15545
20089
14672
13401
15882
20709
17623
18604
14783
22775
16142
15105
20693
23394
19535
20808
24554
13258
15232
20713
17696
17713
16822
16286
24733
24825
17570
16642
14256
14524
18598
18694
14604
16880
20566
20196
16587
15480
17613
18848
25342
21221
20701
20189
23552
21892
15480
15016
19798
20137
16758
17440
20065
17998
17919
13386
14848
17053
19136
19411
16471
15115
22409
25270
20655
16555
16493
16069
15899
16997
17077
24143
18011
17074
17308
16367
14307
13982
15041
16028
14430
16515
21510
16998
14224
15853
16154
19499
24128
18115
24107
28125
20030
22357
24073
23578
16139
18356
21818
17815
13652
14011
14079
17328
14823
17975
21251
20877
17251
13283
19946
19553
18090
15815
13243
16554
16116
14153
14340
15482
15301
13302
14189
16640
15701
19511
17372
20188
22139
18875
15872
12945
21403
16280
26108
25961
24158
24382
25628
27543
24310
18310
19757
15257
20034
25138
22498
19688
18351
26919
21818
22937
23289
24780
22722
20760
23463
14738
15767
21903
19938
27259
19956
16401
18305
15348
14317
14749
16972
17590
13116
19604
23625
18618
21077
21692
16127
16737
17939
15671
15775
14712
14106
16572
17346
23847
20713
17975
15833
20945
16057
17100
24982
24814
18486
17164
14906
20303
23421
14703
17606
23446
24009
16204
13695
14128
18011
20646
19132
15223
17351
15548
15524
15847
16026
18812
17003
19956
16312
24332
22663
15883
17853
17176
20443
16332
15914
16781
15189
15471
20736
18977
18758
23991
16899
15295
15506
15926
14753
15215
13900
15799
16784
21216
25125
14423
13645
16616
13911
15540
13857
17785
20503
14082
13787
14758
17322
16344
18617
25182
16348
15887
16170
19688
15915
17371
17229
26333
24896
23651
20001
18625
19756
14441
17501
14417
16414
24601
23941
25873
25030
27035
26381
27067
19388
19181
15449
15552
13935
15532
14764
14993
13692
15502
15055
14025
15368
13831
16715
14670
22446
16037
15497
13879
15710
17123
19111
15694
14635
14367
14248
20701
15842
17636
16131
14597
20527
16725
15766
13126
14180
14400
17087
18251
17382
16450
16294
19031
16015
18672
26174
19852
17286
12870
14167
14887
13447
15026
13950
14127
21090
17527
16418
17068
17779
18849
14581
15842
17310
21029
21540
26290
21724
24878
26310
28000
25439
2467
1580
2132
2550
2468
2540
1778
2416
2847
2808
2829
2658
2689
2364
2337
2616
2801
2621
2622
2670
2232
2218
2578
2878
2554
2531
2477
2589
2660
2515
2314
2262
2735
2804
2659
2751
2663
2714
2112
1807
2642
2687
2830
2710
2468
2486
2916
2247
2543
2582
2818
2582
2626
2991
2139
2741
2574
2517
2639
2511
2439
2436
2170
2564
2524
2715
2744
2917
2793
2635
2396
2737
2651
2695
2451
2542
2576
2467
2405
2721
2605
2898
2499
2854
2658
2618
3141
2632
2730
2594
2614
2529
2394
2867
2547
2689
2694
2668
2509
2894
2589
3592
2888
2619
2709
2399
2337
2479
2499
2279
2297
2245
2727
2497
2389
2696
2671
2619
2473
2453
2235
2302
2828
2186
2549
2799
2772
2669
2773
2449
2042
2745
2759
2672
2350
2718
1956
2734
2919
2578
2594
2819
2472
2708
2043
2216
2694
2627
2702
2650
2594
2756
2906
2396
2280
2677
2544
2345
2772
2407
2620
2452
2935
2379
2765
2918
3021
1885
2623
2197
2852
2694
2739
2714
2628
2718
2627
2596
2724
2656
2716
2294
2224
2595
2776
2378
2528
2476
2350
2291
2002
1703
2344
2437
2091
2348
2062
2467
2256
2141
2610
2465
2727
2563
2270
1641
2635
2581
1876
2480
2806
2588
2469
3056
2406
2284
1812
2506
2453
2438
2796
2542
2527
2504
2352
2584
2521
2609
2419
2672
2918
2910
3004
3081
2942
2797
2775
2831
2771
3617
2610
2468
2810
2820
2582
2823
2704
2678
2527
2618
2729
2753
2252
2301
2584
2647
2594
2947
2795
2868
2712
2924
2983
2597
2527
2730
2644
2459
2598
2501
2352
2789
3456
2637
2674
2947
2596
2718
2511
2786
2776
2618
2669
2881
2285
2698
2608
2593
2667
2756
2775
2998
2678
2892
2666
2603
2721
2802
2828
2572
2748
2729
2800
2706
2690
2788
2532
2630
2880
2735
2692
2766
2532
2694
2567
2709
2484
2833
2763
2672
2456
2601
2587
2597
2778
2612
2822
2860
2696
2602
3014
2757
3021
2712
2548
1934
2459
2896
2741
2814
2646
2509
2258
2695
2772
2644
2861
2778
2251
1755
1682
1514
1644
1611
2749
2692
2153
2535
2758
2719
2725
2629
2917
2717
3640
2544
2631
2763
2094
2682
2937
2847
2676
2706
2611
2887
2768
3034
2653
2552
2966
2814
2791
2182
2601
2842
2625
2560
2605
2799
2619
2740
2585
2666
2627
2981
2544
2598
2967
2425
2648
2428
2595
1890
2173
2795
2636
2772
2622
2683
2718
2874
2644
2535
2769
2677
2668
2696
2674
2692
2611
2703
2857
2547
2865
2370
2460
2624
2979
3142
2803
2768
2931
2521
2655
2592
2598
2581
2620
2674
2758
2594
2857
2406
2985
2817
2619
2686
2757
2546
2563
2906
2552
2423
2741
2413
2536
2544
2552
2706
2615
2637
2630
2709
2903
3393
2675
2903
2713
2925
2582
2814
2744
2528
2712
2515
2845
2808
3067
2863
2685
2521
2550
2693
2490
2669
2695
2745
2609
2557
2189
2645
2847
2450
2464
2970
2906
2639
2606
2844
2575
2548
2730
2602
2686
2607
2654
2562
2615
2555
3191
2674
2591
2906
2939
2710
2539
2611
2629
2900
2496
2624
2732
2652
2662
2627
2712
2796
2600
2717
2671
2673
2671
2779
2858
2877
2750
2841
2714
2661
3009
2673
2615
2842
2858
2741
2740
2705
2365
2661
2838
2675
2665
2756
2575
1815
2476
2727
2726
2813
2532
2675
2731
2854
2823
2757
2682
2138
2385
2887
2905
2723
2950
2713
2707
2803
2971
2689
3007
2902
2627
2581
2705
2734
2769
2645
2578
2742
2572
2551
2683
2758
2459
2763
2610
2594
2722
2484
2758
2862
2980
2725
3072
2653
2553
2558
2349
2715
2967
2643
2543
2579
2935
2727
1603
1791
1885
2287
2895
2778
2788
2703
3177
2690
2472
2919
2310
3191
2947
2688
2914
2770
2685
2743
2838
2730
2722
2805
2945
2622
2326
2524
3082
2744
2856
2657
2738
2746
2879
2793
2680
2836
2618
2678
2724
3085
2527
2752
2717
2661
2064
2512
2602
2726
2613
2603
2700
2637
2841
2948
2761
3138
2559
2806
2547
2760
2568
2226
2238
2621
2996
2879
3137
2718
2483
2664
2956
2730
2908
3147
2638
2735
2853
2973
2900
2936
2585
2778
2769
2687
2873
2901
3077
2761
2658
1914
1869
2879
2847
2765
2924
2721
1954
2806
2843
2649
2588
1929
2264
2741
2723
2639
2828
2714
2713
2009
2863
2553
2645
2734
2738
2936
2899
1980
1909
2480
2646
2501
2615
2680
2433
2650
2663
2756
2577
2755
2760
2691
2873
2995
2778
2911
2727
2127
2640
2816
2901
3004
2806
2609
2957
2739
3003
3182
2581
2746
2745
2788
2401
2277
1635
3050
2571
2846
2708
2837
2980
2673
2526
2815
1914
2295
2928
2725
2917
2655
2552
2625
2813
2703
2778
2664
2554
2828
2717
3005
2919
2844
2575
2817
2336
2165
3109
2917
2723
2608
2741
2937
2897
2876
2630
2626
3430
2422
1962
2071
2121
2612
2543
2585
2663
2541
2866
2532
2553
3146
2396
3115
2704
2408
2439
2407
3475
2579
2682
2688
2664
2818
2631
2931
2962
2769
2694
2831
2041
2586
2827
2802
2709
2635
2661
2933
2608
3190
2628
2588
2682
2698
2767
3613
2620
2102
2519
2753
3001
2715
2585
2614
2772
2846
2922
2583
2816
2680
2783
2658
2744
2741
2907
2788
2785
2575
2898
2906
2912
2603
2676
3138
2682
2778
2793
2907
2565
2703
2900
2740
2857
2428
2540
2561
2611
3039
3040
2733
2713
2802
2784
2653
2834
2927
2978
2712
2747
2972
2788
2914
2494
2946
2951
2258
2574
2242
2629
2595
2682
2529
2506
2766
3251
2672
2752
2902
2792
2758
2960
2572
2509
2897
2551
2760
2812
2708
2492
2497
2508
2493
2792
2524
2245
2655
2563
2903
2665
2781
2870
2922
1491
2477
2183
2521
1765
2024
2258
1725
1987
2542
2624
2704
2777
3654
2982
2775
3113
2252
2442
2647
2767
2664
2619
2726
2985
2892
2737
2848
2601
2526
2780
2703
2825
2953
1681
2771
2742
2911
2773
2776
2920
2975
2804
2769
