22393
20533
14683
15097
21088
21959
24861
29642
25905
18260
16344
15824
14850
15969
14341
15606
20370
16132
18016
14658
16612
16402
15084
16052
17883
15033
19046
19131
14054
15325
15366
20022
18811
22133
14751
14647
15193
16820
16890
14772
15344
14927
16134
15088
20946
21776
20218
18992
21842
15589
16419
22972
16882
23925
20916
27332
20790
15665
15197
15646
17551
16676
14927
21465
16473
14620
15862
18310
15536
23017
25588
19388
14487
16986
15302
21369
19363
16374
15019
14245
16817
22844
18105
22458
15567
17957
16970
13879
16439
19511
15671
14556
14465
13200
14334
16868
17705
22195
14613
14771
14665
18591
17933
16067
18929
21309
15625
22033
14624
17450
16393
20050
20093
15814
17098
14691
23639
17212
13727
20374
15355
15517
24967
23583
21035
17800
18317
16974
14239
15982
15108
25029
22618
16738
23419
17836
15026
15755
14908
19720
14321
16744
14329
17672
14530
14749
15559
19880
18940
15502
16160
14723
19134
21849
23708
20195
15663
15501
15187
15099
18093
21220
16681
14063
19346
18913
14600
14623
16095
18575
19383
23921
24787
19332
14587
20521
25466
23489
18085
16021
16060
15158
16254
15377
13857
21002
25041
26024
21998
18900
14577
14995
17395
18467
16061
18439
15001
17915
18375
23987
25376
24167
17692
16089
17747
20572
27228
23829
19517
17221
17621
15799
17767
20252
14055
13776
14994
18839
18639
18185
14807
13788
16428
17000
16837
16675
13391
19900
18273
21769
18585
15453
15831
20531
13861
22926
22742
15163
14183
19596
15982
24730
17882
23831
23503
23536
15099
16039
22703
17986
22931
20421
19107
15534
15532
18553
23938
23724
26543
23361
19699
15335
22995
15910
13728
19318
25387
27537
15455
16805
15753
15750
15202
15190
25247
23246
24593
19237
20349
16269
16411
14761
15714
20800
17990
13227
18739
13321
17024
15348
15379
16867
18617
20718
20818
20460
16764
27182
20708
20625
17317
18710
15971
18177
18423
20571
24774
23610
19801
17118
17952
22181
27578
24827
26047
21869
25735
19343
16696
16914
16900
14044
14665
15566
18164
21434
26331
27217
19933
20086
17804
14747
18355
18053
14358
13902
18348
14828
17432
15726
16106
17295
14809
18238
17020
21139
21530
19702
18751
16596
20556
20012
19515
19728
17310
17829
15084
17989
15060
21866
16629
16119
23247
19734
14354
17784
19428
16764
15836
16356
27153
26741
24504
18295
21769
16655
17509
14284
18785
25327
20967
23284
25750
20949
15458
17411
16759
15429
15290
21372
18930
26207
15676
16024
16849
17608
27439
24766
22203
14219
15991
16024
16186
17712
17542
19354
15874
18694
16577
17943
16816
21812
15402
14050
16117
13901
14756
16389
17107
16166
16074
19446
21844
18793
17945
14898
13612
14817
17641
24031
24818
17154
15648
17096
17346
13958
19294
15685
17597
17253
18124
23035
17007
15178
25928
24970
22799
31211
21135
18018
16010
14388
14134
18351
14861
15425
16137
17410
19738
21068
22200
18878
19118
22981
16591
15680
16841
17405
18202
15312
15159
17479
19796
19057
20840
17296
15713
14288
20396
21354
18605
14226
14590
16349
13468
19260
13887
15999
19760
16380
14292
14916
15537
18945
15812
21925
16012
20074
18805
17339
18412
15719
16755
13764
15130
14496
19542
16450
22195
20214
19315
16515
14167
14536
13777
13567
14572
16182
23789
18930
13873
14051
13123
20348
25492
22749
22550
19925
13189
21228
21527
18127
15514
14353
13786
14094
14406
15026
13659
14393
15195
18662
14736
15375
15527
13888
14283
15139
14131
14020
14864
19879
19410
15972
13649
14585
14462
18284
17359
14348
15951
16935
15284
15965
14349
15468
21043
21593
16477
13842
16239
13650
17256
17085
23794
23073
15620
17909
23418
23191
24732
14886
16809
13074
17599
19219
17970
15083
15345
13896
15876
14026
24077
22894
17615
23891
21077
17803
21911
17738
13848
17674
14733
20659
17900
19392
18154
21445
16318
14252
13769
14103
20925
18332
16399
14569
21222
13803
21466
20034
23471
25326
25349
24354
24552
24786
27674
21323
20984
18162
15954
15487
13338
15299
16763
14373
16190
14752
16278
14972
15496
13628
14588
15310
17372
13402
16547
15621
14405
20977
15699
16539
24938
20445
14717
18341
25784
14852
16199
17001
19960
18360
18483
16856
20885
17294
13946
15239
17979
22765
27364
24317
21416
14063
15794
16070
15584
18986
14730
190
19408
20710
14874
15502
15178
20455
19148
25862
23772
22523
25562
17004
15265
16651
13605
15865
16868
14568
13047
14619
16370
15975
14048
13925
14444
14518
15201
14433
16590
14792
14256
20987
16774
16578
15507
15298
12924
14499
14505
13260
21951
16106
17052
16030
14375
15079
15250
18858
14442
13766
15112
14541
21746
19431
15819
15772
16424
14027
16149
19373
20835
21592
20096
15331
19005
20802
22847
20738
16222
14680
16010
21985
12450
15099
17317
26285
25848
20366
18221
18022
22707
19134
18063
14139
14888
19061
15395
14357
17291
19360
15060
14767
13852
17332
15005
12601
16639
16611
18171
15782
13841
16694
17377
15915
14243
17641
19460
14222
15724
16598
14573
13883
14653
18104
21460
25682
18871
16700
15739
18858
20962
15199
17505
23561
20163
20006
18740
15556
15372
13634
15757
15756
15685
27126
26064
25860
26041
25719
22366
23862
19214
16531
13036
15961
17556
14387
16235
14533
16074
14786
16229
15676
18506
25372
14909
14904
14194
17505
16635
14191
17996
19934
16268
16775
17309
18649
19684
25942
18902
16730
20991
17409
22174
20217
14051
16395
22878
18992
15284
16432
17227
15954
16151
17390
17497
14979
15094
17424
23674
22447
17803
16885
23302
19130
14379
18314
17824
17131
21691
19687
18679
15218
17459
17860
16191
15445
12531
14452
22210
20826
13860
18584
18055
16358
15399
13707
15188
16530
25196
22124
15888
13685
14717
24811
18294
16970
14338
20253
14083
16172
14552
16108
12855
30873
19869
13435
15149
16611
23480
24094
24146
18246
14284
17990
15940
20043
14876
20139
15758
16792
12848
16248
21200
16744
15225
15120
16683
14910
18037
14390
16783
19272
15591
20086
17945
21291
13837
26427
25830
24583
17340
16542
15194
16255
18287
25273
24969
27995
21725
14037
15435
17615
17885
22740
19508
22926
15823
14038
18489
16593
23023
25325
20513
15869
23163
16037
22542
14453
19612
17906
22371
17118
16302
14087
14310
15732
14618
15727
18291
25667
24273
25011
25928
25980
26386
27545
28260
28057
29035
28932
