29910
29287
28431
27994
25936
21515
19317
15745
15130
17969
15472
26574
18295
18337
17336
18964
18395
17050
24850
26612
16472
22083
16308
18086
25873
21607
14595
18342
17287
18006
14588
24597
15586
19140
19947
19726
14895
19533
17491
16120
15000
15221
16495
14864
16372
19490
18275
17117
20812
15821
20900
15112
14659
14227
15149
17987
20110
20116
17352
15160
16313
17344
20475
22953
13781
17330
17972
22177
18615
26002
26677
22314
22264
17627
16551
20800
16992
19802
20393
21734
15264
20551
15409
14631
15648
14615
22270
23203
24398
16894
21375
19003
16698
15560
15046
15847
17980
16665
21572
19208
21022
15546
14699
19323
23952
17638
15384
15153
15478
18561
15936
16402
17320
16390
18000
18167
18311
21230
13895
14723
14478
16000
20683
25663
23042
20577
26096
17271
15267
20139
18856
18319
24347
25698
24945
21272
14784
14311
14917
15131
16913
13562
15174
15807
20210
22807
16185
15132
18164
14672
13616
20431
24273
19892
14803
20404
24323
19396
22995
18408
17082
14391
21401
16674
18804
20017
20248
14198
19282
15043
14563
14264
21529
19960
17649
16765
17609
16268
14105
13639
15872
16656
22386
17436
18775
29689
24295
16432
20073
21128
22186
15617
15063
15359
21578
18618
13805
18288
16000
15322
19237
16069
17182
19021
20375
26760
22365
20778
21015
18902
15101
19480
16926
15273
17149
24603
21510
24250
19926
17433
17757
17940
16306
14539
14533
19419
16586
15622
15381
27431
24627
20320
16690
18569
15704
13883
17201
15586
18219
23400
16579
16100
17632
15764
14458
14057
23460
13952
14328
15167
14828
17160
24097
22314
16746
23561
16378
20350
22686
24328
16727
24744
16386
19681
23064
23900
24712
18153
14611
18919
20313
18645
17203
14918
15039
15770
21808
24610
17153
16131
15345
17590
15267
15266
18810
15361
17184
20649
18552
16049
17001
25236
21080
16541
27382
22728
24701
23932
19758
17179
15577
18614
18865
15690
15697
17714
19633
15054
21531
18896
18349
18470
18363
17374
19713
26061
21319
18529
18130
16944
14003
18720
19284
24515
18075
22328
14303
14587
20238
21926
16359
17481
18393
14538
13141
20221
16537
15684
16372
15303
19498
23326
17950
21233
15604
16429
17771
14906
16759
16930
23032
15333
13327
16936
16445
16569
18644
16730
15613
16091
22122
19633
17987
14030
21871
19280
25152
24452
13167
14734
15451
14166
15574
16796
18408
14828
14488
13924
13957
16286
24007
17033
14949
15446
16579
14337
17239
18505
16688
20341
16630
17072
18739
17906
15953
23495
20795
14657
19522
14152
20996
19496
15331
14188
16064
16772
17326
19016
19044
22401
19957
13913
16334
15608
14607
13916
15757
20049
15550
20589
15838
22381
18867
16201
16961
16501
17222
14962
16495
15178
15131
21896
17082
16626
18015
16350
19090
19802
13993
15861
15982
18476
19758
23001
13783
14553
17849
14316
13920
21867
22271
16938
16244
19557
15236
17032
15007
15409
14549
16182
16847
13985
15521
15518
17117
18876
20935
21858
15271
20213
17933
25572
22364
23012
25677
23725
26091
24623
24084
22216
16160
17596
18609
18269
16497
14004
16045
19804
14358
15722
15970
16951
14120
14918
18950
17237
16409
15797
15309
16608
16467
21566
24186
18119
16669
19202
22771
15537
15192
14558
14843
18497
13530
17249
14824
14684
17395
16950
17775
15339
14762
15651
15823
14028
13542
15306
14780
14294
14689
13168
14063
14096
15028
13726
16280
23462
19960
16299
17819
15173
14200
13484
18609
25273
19229
14427
20749
12888
15945
14597
14915
13832
13624
13697
19420
21628
25335
21065
16337
16324
14741
15501
16595
13491
14901
19788
19733
16747
14716
18051
23182
21369
21692
14404
14247
16034
16902
14379
14971
14650
17132
26314
20700
17669
25358
26685
19436
17875
15778
17137
15458
15067
13656
14448
16937
18257
17758
17334
22808
23469
24823
22465
18145
15628
15530
15147
14590
12947
13849
16802
16681
13529
14289
16631
13349
17318
18330
20116
15250
14335
16406
16149
15730
13539
14745
13978
13933
13469
18312
17871
20402
17721
16283
16226
16078
18620
17052
13840
16520
20530
15258
23539
22175
21813
21551
19335
14208
23065
19469
19105
14087
19315
17484
16708
15170
14344
20692
14877
13694
14138
17676
17882
14422
16953
16993
19669
12760
15904
17936
16039
14561
15632
14893
14433
21828
20375
22079
16430
17029
18069
15469
13088
23567
21254
20837
16831
14586
15984
18376
17593
15438
14774
17513
18379
17675
13931
16782
19053
16644
23922
16614
13133
21913
18078
19343
17024
14744
15242
15311
14451
13081
14679
19403
17013
22550
16222
14418
13999
17704
18352
18660
19641
13971
15213
21610
22101
15532
17372
16732
16628
19104
20026
17131
14259
13719
15154
13875
14726
16659
14136
13663
13318
14636
17799
15337
20414
20219
18446
16915
17316
17518
18125
14578
14619
14242
15213
14091
13760
14707
17466
13290
15991
15316
14048
14787
13660
15880
16235
13178
16012
27233
27967
24501
28003
16623
16289
14150
13080
14001
14811
15408
15327
14250
19305
17648
16325
18558
24707
17627
14970
17138
15503
20720
21886
17172
14836
14526
16651
18644
17493
13853
16440
19699
16986
22515
25081
28574
16657
14427
15519
17890
16921
14784
19218
17473
18295
25271
17596
15870
16047
19782
18456
23063
18546
15318
24561
17533
15043
15442
14642
16095
18043
26109
24109
24473
22925
15946
21079
16975
14306
17306
14267
22381
23502
25041
26602
23630
18080
17371
14916
16994
22687
18501
15192
19171
14911
15123
14940
15469
15989
17418
19988
15798
17257
15529
16837
15731
13988
17934
15498
18579
14431
22485
20841
14858
15380
17391
17559
20221
14937
21141
25672
18062
18622
16130
14043
17294
18629
22553
18200
14924
15899
20403
15109
15827
14415
17843
16736
16024
23473
18918
15668
15747
16933
17288
14696
16426
18501
20535
16375
16887
15756
16797
19415
14087
13506
16644
16345
18444
16533
22461
17890
17018
16105
24477
18254
20067
18878
15231
13978
14225
18566
17374
14083
16869
19607
16263
19160
15666
17395
18595
20427
16186
27473
19452
17119
15089
13793
16240
28644
16460
15456
16088
12883
17032
23294
18552
22067
14864
19256
25206
23521
23756
24019
17196
13943
14210
13484
18312
16669
15250
16171
23001
17264
22459
24388
23460
21575
16638
17061
13538
14851
13469
17816
15460
15686
16080
17266
17763
26212
25226
26057
23067
25037
24900
24282
26608
26289
24453
26746
