16476
14353
18899
19385
16417
15943
14219
23323
18810
14589
19149
24033
20744
20745
20780
17965
20062
17477
16064
15259
15295
16115
16459
14924
20305
14961
16130
16179
19954
16207
16744
22733
22315
23466
28450
25965
18413
18408
19088
14188
17851
17850
17030
17458
14784
14782
18140
17465
25073
21146
13803
18988
17515
18730
14233
15222
14144
15206
14499
17057
21096
15127
19301
13528
14343
14122
24035
22883
22920
14344
21904
15718
19127
18355
16500
17843
16484
16775
21197
17311
21234
17503
14375
26819
17504
19572
16461
14620
20854
17780
18791
14220
15346
22014
16109
14928
14296
14982
18182
25735
16660
14718
20446
15610
15344
16082
20110
21997
24523
18789
18456
14436
23171
22946
15836
15377
17798
16198
20814
25797
22708
22566
14462
13918
14629
16301
13783
14103
14515
17168
13785
19857
17609
19192
24615
24701
17494
14362
15117
26395
15502
15882
23463
26415
16604
16018
16312
16779
17849
15278
15303
15441
16430
15793
15361
25306
13126
15053
14155
14419
19495
17183
19312
14561
19859
17981
19056
15176
20509
16636
15222
17203
24062
22426
16304
17954
15312
15712
13970
13977
21435
16442
15197
22491
18129
15108
15997
15058
21254
27199
27221
20503
21320
18162
14671
16893
17216
16443
14428
14082
17319
24840
18291
18429
17897
18129
25346
21716
18848
18846
15505
14035
15124
16114
13233
15574
15116
14679
13924
13381
14069
16813
15022
15775
16016
14731
16626
17182
14471
21299
26842
21016
16762
24998
23950
21804
17020
18493
18684
13584
14267
13639
16640
20911
21613
16889
20538
17208
24035
23154
23703
19168
15111
19527
16001
15583
17250
15308
16357
23923
24634
24485
13889
16021
17284
19415
23533
20195
18224
14895
19004
16242
14342
20684
18765
17265
16412
15089
17265
14645
17306
17192
14435
18005
14612
21399
19583
26552
15389
15403
18467
15173
17171
17994
18284
17715
14730
24007
15282
14574
15633
17171
16822
15486
14058
18364
13973
13925
15087
15375
14419
15042
18056
17779
13863
17166
23524
17994
14650
14504
14908
15554
13818
16883
15419
22658
17028
17285
15172
21487
20358
17168
14692
18601
13354
16215
23675
24625
24612
19151
27272
25545
17992
17468
18726
14414
13223
16688
14186
16013
17448
16962
15085
24471
22137
20525
14148
16356
16704
21236
18547
23136
21316
16518
15138
18505
19770
19173
14459
18338
17283
18720
17994
23231
22072
19343
16671
15132
16773
18075
14194
21041
25730
19559
24742
27469
26343
19927
16053
17105
21814
24668
22678
14698
17887
15685
18210
14618
14422
18738
14056
15476
20535
19092
14524
17696
17261
17419
15136
14456
20126
18278
15760
14673
20068
18227
19233
22227
27723
24931
23317
18842
15581
19050
17822
18985
21966
21775
15207
18066
22885
26334
22363
32172
14565
25287
26506
25306
30414
23340
23433
25068
19942
16140
16794
19422
23808
23908
26061
24141
17142
18398
15305
18764
16850
21077
15082
14633
14820
18528
18385
17742
15535
19808
16360
14144
19714
13225
17286
14952
17132
18242
18137
16219
15351
19071
20087
21459
14570
21923
20157
19155
23696
15685
15449
19063
16620
14715
20551
16683
27628
13583
16912
15393
24159
21490
17007
16970
20500
16876
23973
23420
19226
17645
14862
13731
15114
16399
16287
14720
13704
14166
13236
15726
17707
25147
14090
13978
14567
13608
16893
12711
13767
13754
16902
15366
15205
13403
18235
24885
24931
17837
21991
19228
13615
16176
15497
14542
12337
14935
20507
13776
14261
15744
22470
15602
15027
14928
13108
16530
14620
18852
20611
17506
13713
17360
14764
14620
15245
22328
16183
14911
20352
16577
13787
14139
14634
13954
16196
14876
14831
17307
16598
15152
16793
13444
18188
13790
16584
18033
20449
26443
25524
25973
24296
25035
26769
19901
13382
13425
13976
15392
19136
13934
16154
17943
13545
17971
15080
14824
18493
14445
17610
14938
15237
14457
15663
14766
16631
13704
18375
17792
13514
20938
14890
18880
21230
20052
19494
15856
16734
15505
19011
17287
18091
15601
20104
17210
16702
16892
14826
16547
20818
20736
16451
16500
18178
14450
19046
15002
19780
16195
15236
18399
14349
19192
15202
19840
22701
19786
17479
17849
16644
14018
24013
14034
22497
16131
21590
20682
15233
22453
17341
18096
17351
19107
22350
18321
19306
15878
18549
16557
21445
19367
22386
18735
16002
18020
19818
15898
15764
15426
13970
15382
13232
14769
14515
15506
16010
15064
13227
13919
18376
12990
17838
18495
16237
16335
13887
13881
14330
14076
17632
13676
17348
15749
15340
13746
15796
17649
13236
19611
19462
15406
15506
17961
20096
14025
18495
13081
13521
13778
14164
14805
13945
13274
15004
13608
13158
15308
13893
17021
14196
14707
14721
21034
15874
13761
14960
13970
15133
15165
15501
14779
16109
19528
15478
15272
16549
23247
25342
23212
24423
23338
25042
24081
25732
25031
22915
16965
14545
16998
14878
15352
16309
15263
13858
21400
19548
22311
16633
22554
14056
15028
16619
14540
17281
20512
22578
20418
20687
20122
17297
17606
22599
16023
20172
20230
16933
15317
15549
17849
17371
13055
15593
15316
13242
20709
23636
15093
16962
18254
23927
17763
14260
16471
19602
21235
22704
14097
14188
14824
17585
15921
14090
15018
20996
19577
16220
15996
14278
15020
23069
14319
18631
24174
20939
15167
15884
16587
17118
15197
17331
15226
18973
18569
16225
18220
15969
18765
24639
22888
17624
15799
14443
20005
20824
20681
19895
14544
17290
16013
22994
15832
15709
16445
15782
19161
19406
25628
23578
20036
18923
26204
23970
17208
14084
18319
15910
16352
19831
23345
26064
24224
23650
22561
15977
16953
15928
18599
13814
16858
19988
23172
16143
15562
13805
13658
22445
26085
19918
14626
18257
20506
16431
18891
16072
23217
20203
19479
21716
15012
15195
17390
15275
23842
18914
16380
15577
17016
15134
17281
13820
15885
16806
18787
15244
13907
21794
27337
25400
26468
24754
25750
17299
16206
14066
13207
14860
14396
15468
15000
15902
17114
16702
15719
14965
14188
15822
18209
15760
16273
16816
13944
14668
16453
15455
15398
18821
16811
14769
19288
27900
29307
26111
21922
30720
22910
21344
21690
16809
20726
16517
14364
14204
15674
14809
15237
13355
12571
17468
16610
17343
15677
14283
13910
15526
15598
14339
16312
22192
17531
15347
14446
15714
17062
17654
24739
25581
25278
26399
27273
27269
26307
29085
28317
33008
28956
29176
32097
