28468
22804
24368
15725
18358
29285
22115
26730
17845
16812
21809
21501
27326
18285
17301
18478
18245
18323
14746
15308
22234
15317
20531
14798
16116
15179
16074
23281
23792
23987
23704
25314
22604
22816
16216
14874
16005
22158
23037
27640
21098
17080
19170
17384
18024
14982
16591
19775
21088
17587
17320
16114
15763
14666
17184
17806
21523
17184
17933
16232
15320
15782
15841
16249
17881
21770
22418
18399
18849
15946
19014
17835
20735
15795
16043
17239
16349
15073
22329
19768
21149
15941
15291
16831
19046
21794
14803
14643
14597
19964
17464
13221
14556
22144
24697
21250
16041
15265
13971
15076
14687
20267
15478
18898
21536
20881
23074
20656
24318
15300
14532
26611
14330
16070
15585
18128
15260
19584
18386
19488
23307
23250
17062
17069
16616
16854
19303
29161
14104
17141
22973
16778
17786
14541
15648
16564
17892
13902
13890
22647
24733
24763
19508
18451
15905
14712
13795
16756
14638
17245
20848
16203
13594
15543
14270
19143
22452
21394
17005
18004
17560
22478
14967
16355
19129
18902
17772
14319
16270
13845
16445
16513
25650
24709
22069
14108
16660
19115
13858
17911
16366
14628
14531
17853
17472
15898
16368
18060
17822
23121
19826
15620
15800
16544
18877
26041
24387
23434
16331
16469
14868
16034
19795
18230
16260
15013
24613
18424
15779
15472
15482
16262
17263
18825
19342
24838
25855
29208
23149
24605
18074
20705
20402
26972
23995
18693
15156
17829
16567
15666
15481
15442
18547
14818
14401
15181
17050
15332
16400
25300
20618
14788
16657
15729
26496
25139
23896
16498
19479
15317
17892
16136
16789
15362
14562
15950
16339
15948
14500
15712
16815
15399
18151
17073
18067
16696
20445
19712
14884
20754
25017
24431
24327
24114
25661
23689
14036
19259
24327
17504
16060
26011
22084
14213
13683
18429
13564
15923
18285
15308
16947
17078
15431
22319
16661
20758
19197
16268
20564
15606
16022
16620
21235
17694
14899
15996
15098
17689
16513
16636
17690
14721
14936
18731
14115
18231
17312
16675
17188
18717
16810
14746
23575
24962
16597
15984
14871
18261
17253
15182
25725
22760
23047
19928
23532
18609
14057
16885
17339
17120
17921
18155
25366
14579
13906
16858
15425
19115
17257
16521
15481
18387
18008
21536
19463
14985
22800
18005
19584
20084
16037
15794
17169
17795
23403
16510
22367
17102
19102
15150
16118
13653
14952
14750
19084
21171
17028
18912
18335
19476
20609
14378
18047
19915
18289
16191
20014
19743
16002
17970
18578
18083
19253
15125
15522
16861
15095
15373
18339
22839
17292
16826
16279
24480
19231
15670
16113
19839
20973
23017
25940
24090
23377
22244
24512
25811
25675
23988
24969
25668
18124
20361
18891
15909
16991
16281
18879
21506
19114
19056
14721
15510
18166
15360
17714
15917
16910
14514
19096
13915
16705
17865
15828
15065
14485
15191
15670
16859
16004
13970
16153
26248
30904
20144
24818
23903
20644
23069
24474
28094
25293
20493
14607
17435
15315
17692
17818
14908
18064
24411
16353
20999
20647
17641
14680
15640
15766
15013
13953
14622
18301
15065
19769
21198
22322
16368
17069
16115
21590
17234
17853
21263
15817
18682
23686
14940
14366
15244
15849
15232
14022
14278
17416
19848
13970
14704
14388
14665
15600
13808
18261
14613
14419
17963
19271
20925
24022
22737
19246
15736
13768
15672
25601
28174
24295
24272
26927
25591
16372
22624
29972
16958
14962
15297
16185
14194
13272
14263
14325
16284
17203
15013
16212
16448
22499
22408
13284
14390
17841
21963
23907
24177
21873
18068
19245
18842
14656
16925
22500
20998
16228
14878
15156
14157
20501
15323
14293
17954
18781
25050
24663
23959
25108
26149
21196
18947
17153
12849
15352
20498
16486
14845
14599
16800
25656
13365
16428
16098
14243
14243
15082
16181
14505
19547
15138
14266
14731
17481
19085
16420
15564
20803
22103
23329
21544
19893
14760
18818
16536
19303
13977
15082
17793
21670
20078
17601
16262
16537
14552
14613
13435
13671
14191
14316
18698
14771
19820
14248
18224
13281
17809
25102
19420
15727
17005
22090
15512
14824
14393
15643
14418
17263
13484
17605
22525
19959
16409
17125
19955
21633
22530
14278
18730
14530
14957
15243
18798
13929
13539
15189
15648
15116
17256
17330
16255
20547
18209
18082
16802
14948
13830
15803
15490
17087
17115
14938
16667
17280
13360
16391
17966
17969
16058
15108
21654
19645
26209
24393
22489
14356
17413
15512
17932
19570
13526
23259
21847
25137
25373
25423
26328
24761
27607
23688
23310
23591
25804
25633
24679
25725
23042
25662
24268
27972
25826
27843
23569
17091
17185
14894
16071
13421
15210
14861
16768
15502
18828
19162
18246
16815
14167
20490
16127
13469
22907
15714
15391
12754
16084
16442
16074
14281
18747
16778
16313
17721
16899
14506
16506
20763
16286
13948
14316
21746
19198
18797
12382
13075
14419
16869
17872
20579
14766
16363
19776
21205
16984
14489
18091
14511
18087
19006
19164
14374
15973
15291
15087
16417
14102
15948
15648
15421
22224
18921
14856
14016
16253
14233
15238
14271
20954
19977
16547
16129
18775
14715
20020
18252
16522
14962
17134
17824
14791
18750
19963
25033
23083
16887
15430
16856
25466
24656
25620
15494
15677
16155
13483
15094
15574
14334
13943
14872
22938
24593
23994
17614
17163
14544
19156
15229
19108
15228
18902
15393
23220
21375
20330
19631
14946
16218
14826
15665
15277
18238
23333
19248
15738
21321
21886
23928
15892
16505
22683
14921
14153
14345
17457
24432
17833
16092
18837
22812
18329
17202
14937
15959
16230
16571
25489
16165
17439
13899
15943
15314
17672
15416
16910
17353
17425
12441
15405
18657
22220
20513
14336
13921
17998
14673
16185
16419
15723
13450
19828
14740
17104
20937
22714
17722
16630
14716
19167
15455
18208
20610
25826
16544
15345
14578
16158
22745
18932
14809
22563
16805
22777
23372
18161
17113
15359
14863
15406
13625
13623
13709
19701
17797
14851
18874
14618
13179
20445
19130
20912
18236
16519
13379
14005
15393
14967
16573
14920
20116
16585
18684
15601
16833
16407
16438
17074
17384
22074
16517
16709
14100
16941
14788
15342
16976
14561
14736
13511
18968
14887
17453
20303
17443
14991
14810
16568
14619
19387
18126
18953
14286
18598
14321
19363
19384
17238
13209
15058
17594
16931
20259
15186
14763
15973
19169
14404
18182
18567
22814
20898
26018
25082
28470
25597
26321
30117
27388
