28751
29041
28434
29884
28811
29463
21486
23623
20000
24500
18511
17669
16003
14551
16999
16830
18153
22623
21598
22113
23572
15835
19569
17756
27491
26325
24854
23684
22814
23894
16462
16515
15340
17744
22504
24594
16113
14183
15502
17070
15070
16475
18404
15134
14778
17296
17492
17769
14055
17210
14634
16110
20966
14351
15719
15741
17603
16703
16064
16562
15460
14584
20697
21512
19427
16259
17497
15434
23964
18374
15038
16411
15350
14606
14312
17091
15818
14993
21590
27607
17573
16389
19349
18133
15683
24567
25490
21407
18642
16740
16411
15820
16665
20402
17506
19143
13633
17109
18165
14956
14230
13874
17650
21294
21310
20539
14214
17443
17732
19869
18298
13919
14916
18745
24904
21929
15903
18412
21273
16572
22145
16721
18923
19930
16895
14953
15819
14546
14281
14808
23293
25179
18628
18806
22544
15379
15209
17686
22644
26423
23400
17522
18371
13771
13803
20538
16207
14232
17777
24905
23130
23032
19343
19786
19841
14466
16694
16578
14290
20121
20586
15857
18048
22185
16057
15839
14000
14623
14650
15603
14622
13867
16002
13958
15127
14849
16360
18449
16049
13818
13850
16853
21881
17117
17679
25013
17444
17114
15699
17158
17301
17728
17293
17493
18389
15722
19221
22648
23365
21798
17749
15237
19085
15888
17887
16723
16087
13984
16583
16573
19557
20071
22608
13944
16346
16120
20856
17643
15893
22133
20429
16737
15029
24632
24807
19001
21347
16199
16304
15990
15093
16295
16808
19777
21562
19706
26006
24983
22490
14373
18303
21519
15825
16808
15181
17933
18622
22910
23929
25385
23392
14623
15484
15762
15614
17723
16541
14784
17817
15997
15846
14821
15824
15866
19741
17071
13241
14663
14649
17590
15321
17058
20686
14264
17359
16596
16013
19719
14589
14458
19153
15671
18348
16358
15748
21476
24347
19852
19056
25010
25784
25049
22103
14468
18540
15651
16625
18234
13701
13887
17842
16479
15992
18699
16743
24358
24919
20094
13660
17277
16347
19680
28275
20197
17614
17710
22564
16627
31018
20725
15396
15576
16746
17995
22147
15166
15119
15767
25533
24083
24425
25643
26482
23418
14359
18770
18989
18566
17424
14712
20400
18415
17658
15857
18366
21576
20866
16119
18169
14960
14878
15407
14777
18384
14140
15690
20029
20249
14563
14448
13357
16371
15884
15739
19289
17967
17482
18278
14094
14832
15491
16266
18425
15825
17301
18459
13794
29859
26178
23146
24200
18762
18071
16099
16962
18337
20681
16731
15762
15138
15445
16366
15456
15859
16822
13716
14997
15277
16425
18158
18054
17411
15853
16781
18645
15166
14086
21217
21913
23745
16293
16358
18675
24818
25684
23675
16448
20198
20730
17593
16124
15657
20146
17507
15542
16950
17791
19726
13902
15253
15653
17725
15047
17153
14434
18265
14715
15168
17731
20077
17325
15570
18283
17036
17354
17919
21375
21183
18689
16899
17821
20580
15507
17003
14790
14802
15808
16434
18857
14390
25966
14793
20349
18402
22683
19529
17017
19194
16057
14497
23370
21144
15336
18205
14769
19082
17640
17276
16515
16515
17068
15025
24519
27534
19792
15192
16551
14786
18057
15789
14221
14783
24121
16346
18906
18580
22930
18658
15360
15279
16564
14159
19509
14614
14261
14610
17322
18016
14578
14329
18453
19163
14544
13624
18211
14648
19486
14700
14846
13957
14652
15583
21206
21467
23880
23993
23537
25492
24401
24223
23452
31781
20380
13357
13615
13941
13354
14792
15332
14529
15182
15845
21316
21087
14626
13715
14073
25448
14823
16063
19338
14585
13645
17423
21707
16847
14375
15305
14374
17813
13870
14040
14066
16823
15339
13677
18404
17113
14863
21998
19314
15068
21752
16621
16060
18218
20570
15008
16275
23094
16895
18505
20407
18722
15077
14829
17022
17505
17373
17787
16681
15154
17613
14482
14162
20899
15111
17774
18320
13891
13959
14260
14512
13862
15049
15037
17125
14378
15014
15309
19514
16840
13632
18608
14319
19882
19766
13289
17789
19086
19936
15367
14661
14946
12824
22049
23319
23709
14697
14550
16078
15882
15745
13134
16069
14247
16825
19376
17552
16244
18379
15425
18064
14862
14162
16556
13774
19819
26395
15789
18027
13157
13609
17684
21062
19773
16511
15479
17115
22897
21755
13952
15722
14449
16761
21778
19223
14131
20643
19673
19708
16404
14502
16271
15230
16128
19197
22315
25406
13693
15859
15520
17542
21049
21025
21074
14653
18833
15893
17905
14760
14444
16152
24715
16528
15455
16453
17160
22441
15955
17482
17175
24018
23767
22934
13217
14047
13972
16452
21832
16297
15739
14386
17343
21196
15326
15130
15609
22214
15849
15442
18784
14741
13484
15698
16917
22236
26029
24818
23480
18270
15259
16645
14825
16085
18449
16225
16508
20174
14865
14647
18949
15324
14779
14843
17219
21624
15267
14488
19108
15057
14754
14865
14153
15239
13666
18116
13991
14237
14493
14692
15252
13277
14636
17117
14613
13419
16202
14185
14571
15316
16053
17950
13678
14775
13445
17207
14910
24872
25768
24397
25966
18382
15968
18140
14028
14559
18719
16371
15372
17754
17382
23952
16385
15804
15031
17661
23352
18423
15026
14616
16436
16272
22683
16766
14968
17595
18180
15520
21916
15511
15079
19283
21439
14546
15670
17580
26196
18680
17173
16318
21649
17406
15249
16520
17828
19590
16645
15103
18817
15121
17642
21214
17690
15755
14849
14788
18284
19340
16379
18029
16853
18424
16672
14830
15449
16094
20868
17874
17694
15788
16841
16541
21138
19748
15026
13580
14544
13314
19899
22598
18709
25190
22980
18434
16367
16010
19152
15475
17903
26781
21891
22422
17634
15357
14078
22668
14244
21367
16005
16839
20105
24380
21316
13923
16887
13913
21553
16637
17619
15198
13915
16829
26019
25605
23346
25835
26639
23199
25788
25172
24901
21780
17166
15713
21943
27065
21159
16923
18960
19023
14292
15716
14130
20369
14977
18820
19454
15146
18823
22157
14217
18827
18582
16129
19155
16852
14190
18079
13087
14120
13605
16642
14193
14290
16891
17437
15376
16539
19987
26152
26934
25304
24970
24946
24446
25066
24451
23674
26460
25979
24919
25916
25361
34397
24652
23021
26342
19094
18563
13717
17341
18213
20004
17444
14264
16380
15402
14233
13845
13890
15948
19248
21148
17179
17940
13975
16106
19090
18454
14735
22682
23593
28687
25709
24009
23449
26248
23672
25038
24696
23282
15570
13832
15491
15212
16541
15789
14053
14573
2923
3015
3069
3089
2808
2686
2935
2887
3154
3001
3123
2926
3078
2922
2835
2953
2935
3060
2895
3072
2976
2481
2607
2367
2513
2623
2715
2719
2844
2697
2820
2891
2574
2699
2732
2674
2760
2751
2741
2874
2678
2610
2888
2642
2948
2570
2981
2822
2527
2595
2710
2743
2689
2943
2710
2551
2626
2127
2072
2829
2814
3736
2823
2760
2720
2832
3711
3095
2732
2702
2900
2714
2568
2718
2801
2680
2612
1658
2223
1840
1965
2415
2557
2583
2624
2543
2281
2754
2692
2852
2679
2716
2160
2284
2727
2973
2780
2715
2616
2991
2936
3001
2792
2071
2227
2626
2497
3110
2634
2732
2745
2879
2846
2036
2414
2493
2411
2166
2334
2441
2773
2500
2252
2845
2448
2435
2237
2842
2585
2325
3368
3622
2340
2310
2764
2754
2551
3681
2278
2436
2552
3121
2680
2690
2569
3657
2872
2164
2769
2645
2704
2305
2656
2688
2527
2628
2586
2469
2229
2774
2810
2770
2751
2630
2626
3290
2480
2058
2573
2640
2623
2630
2648
2655
2612
2767
2677
2695
2757
2825
2839
2651
2863
2953
2359
2583
2764
2835
3071
2841
2782
2438
2837
2906
3004
2823
2760
2530
2680
2334
2304
2357
2362
2696
2565
2716
2714
3080
2702
2976
2451
2854
2720
2763
2934
2856
2899
2832
2904
2859
3083
2921
2727
2799
3517
2691
2919
2619
2527
2748
2767
2827
2705
2597
2863
2882
2951
2768
2619
2531
3591
2773
2620
2906
2592
2618
2739
2667
2673
2575
2784
2779
2126
2468
2735
2757
2979
3626
2688
2601
2668
2519
2558
3499
2605
2722
2683
2638
3640
2861
2789
2919
2837
2456
2376
3549
2441
2465
2529
2690
2506
2410
2033
2659
2637
3008
2784
2838
2631
2589
2552
2216
2037
2255
2410
2202
1613
2412
2672
2168
2730
2673
2526
2548
2935
2906
2665
2841
2429
2639
2605
2342
2764
2582
2753
2639
2557
2075
1991
2226
2126
2112
2425
2736
2481
2574
2826
2410
2936
2502
2086
2286
2447
2415
2350
2808
2651
2847
2621
2734
2010
1621
2706
2937
2709
2599
2786
2639
2605
2379
2563
3482
2632
2077
2421
2676
2694
2738
2768
2927
2730
2124
2737
3653
2746
2824
2533
2457
2498
2993
2999
3582
2813
2852
2880
2900
2826
2766
2610
2801
2554
2684
2513
2365
2555
2756
2811
2422
1986
2814
2809
2717
2720
2624
2675
2643
3090
2845
2661
2713
2760
2753
2740
2655
2604
2318
3078
2471
2526
2497
2616
2610
2572
2571
2721
2555
2674
2468
2947
2717
2680
2791
3600
2785
2892
2812
2701
2359
2029
2517
2542
2450
2521
2677
2644
2678
2689
2611
2585
2678
2705
2817
2606
2806
2697
2698
2125
2221
2599
2496
2808
2724
2739
2844
2785
2656
2824
3068
2635
3554
2816
2408
2446
2556
3482
2648
2566
2217
2544
2675
2617
2633
2563
2733
2874
2631
2637
2813
2736
2750
2719
2033
2582
2407
2263
2372
2611
2530
2502
2416
2496
2700
2620
2772
2686
2774
2670
2608
2840
2732
2201
2660
2593
2645
2563
2728
2595
2514
2737
2531
3748
2587
2457
2408
2468
2173
2376
2172
2436
2571
2401
2551
2749
2613
2694
2751
2797
2825
2935
2609
2408
2539
2628
2655
2545
2682
2592
2516
2641
2687
2383
2618
2578
2717
2708
2654
2547
2405
2457
2974
2659
2593
2636
2660
2663
2960
2601
2800
2607
2816
2560
2583
2738
2350
2695
2508
2492
2283
2428
2630
2352
2673
2670
2376
2167
2554
2605
2783
2657
2634
2691
2569
2558
2663
2679
2586
2584
2483
2594
2614
2764
3082
2570
2593
2570
2504
2583
2386
2338
2407
2544
2003
2220
2548
2588
2446
2662
2640
2689
2672
2718
2760
2599
2599
2697
2811
3196
2903
3612
2964
2897
2845
2740
2769
2402
2988
2819
2761
2785
2758
2630
2710
2992
3111
2697
2823
2676
2380
2727
2701
3690
2898
2953
2814
2923
2925
3006
2878
2876
2951
2972
3009
2687
2704
2935
2935
2818
2751
2665
2904
2822
2674
2782
2860
2774
2557
2634
2316
2354
2390
2442
2414
2406
2912
2337
2591
2584
2857
2952
2685
2674
2731
2599
2451
2618
2843
3810
3018
2864
2720
2608
2701
2672
3149
2782
2681
2715
2583
2567
3793
2912
2832
2551
2378
2846
3240
2915
2933
2593
2361
2746
2549
2507
2614
2776
2463
2460
2560
3591
2529
2722
2898
2363
2682
2757
3568
2745
2847
2743
2401
2797
2732
2684
2877
2964
2603
2925
3075
2896
2867
2829
2774
2325
2419
2592
2308
2705
2944
2658
2538
2653
2648
2804
3033
3679
2341
2373
2810
2819
2823
2593
2644
2629
2690
2660
2779
2653
2695
2790
2705
2470
2769
2782
2659
2518
2811
2835
2625
2836
2932
2892
2845
2764
2805
2765
2891
2709
2663
2768
2865
2893
2758
2766
3024
2682
2697
2605
2847
2609
2653
2766
2799
2794
2895
2942
2822
2882
1793
2838
3733
2741
2938
2845
3015
2516
2853
2992
2817
2833
2827
3093
2752
2896
2876
2753
2774
2671
2707
2860
2825
2878
2878
2803
2560
2348
3174
3157
3881
2920
2928
2634
2833
2712
2583
2920
2901
2712
2633
2605
2708
2193
2601
2553
2532
2794
2712
2818
2682
2757
2610
2637
2841
2857
2726
2949
2516
2548
2972
2873
2827
2828
2839
2681
2871
2900
2902
2993
2917
2656
2807
2879
2761
2206
2794
2682
2750
2379
3232
2746
2819
2815
2817
2807
2671
2981
2764
2731
2933
2956
2719
2918
2894
2883
2859
3038
2528
2878
2814
2860
2827
2758
2824
2785
2816
3770
2873
2677
2796
2837
2916
2987
2953
2676
2936
2965
2980
2966
2829
2642
2365
2538
2738
2760
2656
2869
2555
2720
2556
2324
2749
2793
2953
2641
2989
2748
2605
3702
2882
2505
2683
2809
2776
2796
2747
2780
2880
2737
2823
2953
2887
2916
2883
2851
2527
2977
2941
2820
2718
2867
2811
2580
2674
2569
2808
2522
2595
2869
2861
3237
2771
2958
2983
2668
2818
2735
2869
2884
2687
2857
2884
2826
2922
2817
2722
2685
2853
2786
2101
2749
2727
774
1197
1143
1470
1328
1269
1414
1265
1888
1386
1638
670
1109
921
1126
996
683
1116
1027
1114
1399
1224
1274
1185
878
595
1119
1081
741
987
1247
1148
1219
1067
920
799
847
693
969
681
845
876
684
1134
1247
1153
837
1029
1028
922
848
727
728
670
601
967
691
756
959
1030
889
930
916
648
662
901
827
1049
775
944
715
911
997
757
700
734
830
902
773
758
1053
972
750
1055
842
929
831
1065
940
1033
696
859
841
1012
973
634
757
982
1118
624
1036
668
653
910
905
949
1116
1081
841
804
678
1145
743
925
1031
880
1020
1034
790
717
979
889
702
1041
1121
686
910
861
774
741
1002
579
998
929
1058
951
920
855
912
790
940
844
1093
1000
1036
770
951
825
1021
1126
753
852
1006
1117
753
627
806
1040
1092
954
823
977
878
1004
879
980
986
832
862
846
1125
1202
1191
713
587
1242
1000
1126
1059
1207
1053
900
896
1138
763
1019
934
1054
1175
954
1026
1038
1394
949
794
764
737
1069
728
643
809
743
928
817
820
921
1113
1087
876
990
847
726
1012
731
849
832
632
996
684
807
744
1193
901
1281
697
1025
674
1029
942
1189
933
754
989
1140
998
865
880
1137
1107
1057
949
1023
1178
1091
709
859
954
969
1104
937
736
1067
805
946
1120
808
1187
615
722
801
899
842
988
777
915
1184
1020
704
723
610
1114
779
835
773
880
940
959
1330
1152
800
867
693
884
970
772
913
637
890
789
937
715
1152
763
918
1162
1005
730
837
792
1126
891
1037
917
1032
910
620
744
1317
845
712
936
859
851
956
623
879
791
1255
1065
1123
709
695
701
915
724
680
979
762
818
764
923
1097
998
1112
1019
636
709
752
839
737
1258
925
985
993
996
774
888
1013
831
1092
901
749
771
805
836
1033
829
860
822
788
823
1017
850
924
1211
982
771
1063
785
664
911
911
962
788
717
1111
1035
888
1380
947
1037
1313
614
844
703
748
979
773
1046
919
1061
1014
912
807
813
1112
925
863
844
1063
790
891
914
788
942
980
776
908
812
1005
1067
1034
938
678
1154
764
1147
728
1010
809
620
785
1081
1010
1317
954
707
966
1025
619
1070
972
636
689
959
1026
690
817
975
1331
1094
735
1013
831
800
1126
979
687
871
937
735
915
656
800
1050
926
695
734
895
925
1286
1043
937
927
1106
1170
954
955
960
957
1191
893
894
1008
742
938
739
980
715
991
1163
1064
1156
1018
801
834
1032
715
909
730
934
948
857
852
647
902
997
744
1006
926
725
1031
1135
624
841
807
908
697
921
895
797
985
966
726
860
873
839
1077
658
885
622
1060
848
814
992
729
859
572
985
816
924
684
849
831
774
832
1016
1111
1033
809
652
785
829
656
1085
717
1097
959
806
910
1219
667
761
943
656
834
721
1139
1005
815
991
734
694
990
957
705
970
1067
810
1107
623
778
1414
776
1023
1032
701
990
995
1074
942
973
741
841
934
906
780
911
992
787
681
714
1000
812
773
1062
740
933
827
863
916
974
1013
799
1101
886
1269
924
1153
931
632
702
909
1051
794
744
702
807
747
1060
948
947
557
863
849
789
1081
854
1021
648
710
775
959
620
729
989
734
1426
859
830
1175
900
891
864
904
1061
639
975
951
723
1019
659
652
689
991
1138
869
1022
989
695
708
737
1011
846
608
1269
599
1033
1128
693
978
790
992
1297
679
1066
1137
968
1184
1231
669
809
743
818
893
732
924
965
735
890
1142
772
668
1106
1124
1029
1100
775
676
1104
998
954
788
970
810
1317
980
930
1002
926
1114
676
597
996
1034
1187
1006
779
796
754
592
792
1023
858
899
932
1221
1204
1233
1137
730
1118
1131
668
999
1001
1094
706
990
921
953
964
1124
909
771
1062
882
782
952
1019
651
1075
1081
777
828
731
1137
1042
860
969
834
1036
667
869
1035
1157
748
927
569
877
755
755
946
1100
819
664
709
1082
882
894
795
1071
1068
813
869
726
1192
853
1019
875
949
681
1268
1070
1038
856
617
957
827
898
689
1203
761
861
928
847
1214
1093
848
775
1141
1058
1053
773
1022
579
731
1092
959
915
921
880
936
848
722
964
921
730
804
1111
874
726
1352
690
855
670
1085
712
686
570
662
1027
760
1196
627
822
783
989
1018
751
913
799
933
853
879
885
784
816
857
804
873
866
959
681
1238
667
1033
971
766
779
1050
697
1292
663
882
783
753
685
654
898
583
862
1151
1246
1008
807
722
1211
1234
1127
887
794
865
773
697
848
1024
996
1127
1096
630
1044
980
1010
1190
1046
639
701
924
718
903
859
846
683
1166
755
1013
848
810
900
1016
1092
917
988
854
803
643
874
761
787
725
716
760
1000
1142
695
721
1024
889
913
847
766
1160
1009
1005
655
687
721
866
873
793
1101
767
796
954
819
823
933
704
901
896
1063
861
1050
748
908
632
893
743
1048
1069
853
891
681
855
796
868
868
907
718
955
832
902
868
1079
747
976
1074
924
617
996
740
746
1067
786
705
819
1082
1236
1186
