2.55330300331
2.53955793381
2.65483903885
2.48030400276
2.51620101929
2.45963597298
2.48340797424
2.56326198578
2.49874281883
2.57555317879
2.69219899178
2.56027317047
2.54640507698
2.48333907127
2.48892807961
2.56958198547
2.67547798157
2.81721806526
2.59429001808
2.55797481537
3.15856790543
2.46899700165
2.56604099274
2.49555897713
2.45104694366
2.50764203072
2.50669693947
2.45749592781
2.47999000549
2.52439284325
2.45147109032
2.54791498184
2.62383699417
2.60585284233
2.57672905922
2.51309704781
2.47714090347
2.47121882439
2.51103901863
2.56642699242
2.5071709156
2.62088799477
2.50916290283
2.46866989136
2.53075504303
2.53578305244
2.46528410912
2.4603638649
2.68792295456
2.50194692612
2.52905201912
2.57400989532
2.51369285583
2.50717997551
2.47829508781
2.4921541214
2.55094909668
2.52125716209
2.45296382904
2.51014900208
2.4575009346
2.48721504211
2.51470112801
2.48200201988
2.47856402397
2.52330994606
2.53478503227
2.45740485191
2.44779777527
2.44020485878
2.49264192581
2.57006788254
2.61997795105
2.54891991615
2.53661394119
2.82169294357
2.44323897362
2.46848416328
2.5020160675
2.45726203918
2.43718099594
2.51183104515
2.67687702179
2.44808697701
2.50809788704
2.4996919632
2.43869805336
2.50263285637
2.51819705963
2.62280392647
2.66103982925
2.58769989014
2.49950289726
2.48144412041
2.47147011757
2.83622694016
2.54566597939
2.64496207237
2.5306391716
2.5118291378
2.46830296516
2.5247900486
2.54035997391
2.50792002678
2.50494194031
2.53469204903
2.48199510574
2.48397088051
2.52414298058
2.47788286209
2.46661686897
2.5421128273
2.59218096733
2.73588395119
2.55829811096
2.51526093483
2.88045191765
2.47032117844
2.4760158062
2.69946908951
2.49262285233
2.46111011505
2.51616406441
2.48434901237
2.46644997597
2.51643800735
2.90572595596
2.45237088203
2.52542090416
2.5068731308
2.46306109428
2.52387285233
2.51081395149
2.52806401253
2.48078584671
3.05795693398
3.67794704437
2.81807303429
2.48060584068
2.60198307037
2.47479295731
2.51136493683
2.57818007469
2.50518393517
2.50782608986
2.592648983
2.52575993538
2.73310518265
2.46303796768
2.51778101921
2.56954216957
2.48073101044
2.49784207344
2.54649186134
2.79909205437
2.67697405815
2.48879504204
2.54120802879
2.52542686462
2.46354913712
2.51253604889
2.52391886711
2.46444201469
2.46677899361
2.51665782928
2.4641430378
2.45834112167
2.50794386864
2.543156147
2.44223713875
2.50354599953
2.47846007347
2.45106005669
2.57911801338
2.4692530632
2.64199113846
3.76612091064
2.91013097763
2.69697809219
2.59984111786
2.51831793785
2.4859380722
2.43957400322
2.6658539772
2.52558517456
2.47638392448
2.47037100792
2.51948404312
2.5061070919
3.37313890457
2.49892687798
2.52395701408
2.5677549839
2.55703306198
2.45952296257
2.35176897049
2.5979719162
2.5598359108
2.66540193558
2.52412080765
2.53718185425
2.44603204727
2.51142191887
2.52155208588
2.48652696609
2.52016592026
2.53593397141
2.46792316437
2.48396587372
2.53952217102
2.47117400169
3.69587087631
3.23018598557
2.51688504219
2.45958709717
2.48876810074
3.68977308273
3.37203598022
2.61865901947
2.50886297226
2.47206687927
2.51080298424
2.63238501549
2.71959996223
2.70810198784
2.6277179718
3.0901799202
2.57595300674
2.5729060173
2.80674982071
2.47319889069
2.5039088726
2.78780603409
2.66361808777
2.62776589394
2.52274107933
2.87736392021
2.48570513725
2.54621195793
2.80801987648
2.45808696747
2.52470993996
2.54274487495
2.62051296234
2.63044905663
2.51707911491
2.81192493439
2.528028965
2.52095794678
2.53042912483
2.63772296906
2.53116822243
2.56201219559
2.49038410187
2.76402902603
2.52503800392
2.81052398682
2.52285003662
2.51085090637
2.5071439743
2.50599098206
2.51686501503
2.53696298599
2.48269295692
2.54989600182
2.52560305595
2.45249915123
2.68546295166
2.50165987015
2.46284794807
2.43743896484
2.52758407593
2.50747489929
2.58782410622
2.52271699905
2.49374508858
2.66596603394
2.64001703262
2.5258910656
2.60302114487
2.67290997505
2.54748797417
2.52037286758
2.57737493515
2.55004405975
2.4846971035
2.54163885117
2.57656407356
2.48006296158
2.70122790337
2.45583486557
2.50264382362
2.48873615265
2.79454493523
3.81847286224
2.6028740406
2.525192976
2.63580799103
2.49922513962
2.50737190247
2.51677203178
2.53024291992
2.37386083603
2.39537596703
2.46805405617
2.45306992531
2.46133208275
2.56747794151
2.58373618126
2.51551389694
2.56553912163
2.53334498405
2.53521180153
2.4763250351
2.50172996521
2.46155405045
2.60591006279
2.6626868248
2.7851960659
2.56125879288
2.57023310661
2.62568879128
2.49128699303
2.4905860424
2.73501992226
3.10917687416
2.49383211136
2.52992796898
2.80231285095
2.39218211174
2.61640405655
4.02408695221
2.82666397095
2.57740998268
2.52413392067
2.51053595543
2.45124602318
2.49681806564
2.45921993256
2.48660111427
2.58204603195
2.51124691963
2.50104498863
2.51986098289
2.54378986359
2.47556996346
2.63517284393
3.59789896011
3.84478497505
2.96511888504
2.51028800011
2.90025806427
2.45974111557
2.53137493134
2.49877905846
2.59508800507
2.52784609795
2.52472805977
2.92439699173
4.00201702118
3.51571512222
3.5342798233
2.7002620697
2.62969017029
2.6408200264
3.95479393005
3.24740004539
3.69933009148
3.28640794754
2.79096603394
3.08299016953
3.17217683792
2.83050584793
2.80299687386
2.65280199051
3.94055104256
2.94041395187
2.55646181107
2.73687291145
2.60700511932
2.56352305412
2.57132697105
2.56500482559
2.4876999855
2.6262550354
2.56517601013
2.5818939209
2.45442509651
2.49424290657
2.66108298302
2.88265705109
3.69167494774
2.67110300064
2.68769288063
2.78386306763
2.68368291855
2.94751691818
2.58377408981
2.50690698624
2.83158302307
2.56858301163
2.53985095024
2.61129117012
2.48385000229
2.55982708931
2.63035488129
2.48196911812
2.53578877449
2.51567006111
2.53457999229
2.54177880287
3.1386950016
2.48359584808
2.52576494217
2.5864109993
2.49092698097
2.41730308533
2.40281796455
2.5606470108
2.45395803452
2.50657200813
2.58763504028
2.63093996048
2.58679008484
2.51762700081
2.52262783051
2.45141291618
2.50408101082
2.5621650219
2.54647493362
2.51251983643
2.53825092316
2.55882811546
3.37500786781
2.47664880753
2.57926797867
2.52695012093
2.40432500839
2.47420597076
2.83047103882
2.68679213524
2.90874004364
2.4745619297
2.43083405495
2.81948494911
2.50481987
2.58218407631
2.52702116966
3.14100217819
2.46040296555
2.509526968
2.53686690331
2.52133512497
2.53085899353
2.53497695923
2.85533213615
2.50398492813
2.52622103691
2.47405290604
2.48021292686
2.63378310204
2.64925003052
2.48778009415
2.52278590202
2.46231389046
2.46409201622
2.52438592911
2.71164393425
2.45971012115
2.56260108948
2.50186991692
2.46510195732
2.51604700089
2.7359790802
2.4811668396
2.53609704971
2.51068592072
2.46652007103
2.51613998413
2.50161600113
2.7553730011
2.81469607353
2.61356401443
2.8939871788
2.42878818512
2.44353699684
2.52120804787
2.5178129673
2.44824504852
2.49401593208
2.54086279869
2.53221392632
2.50673007965
2.58291578293
2.48452711105
2.50739312172
2.50315093994
2.4985229969
2.50171995163
2.77622914314
2.70770382881
2.59262490273
2.6332988739
2.86372303963
3.41136193275
3.36690306664
3.00669503212
2.90812802315
3.2584900856
3.8939948082
3.04130601883
2.87299609184
3.13339996338
3.5788230896
3.13015294075
3.37241816521
3.57326507568
3.52394890785
2.93740582466
2.49644899368
2.45383095741
2.51676797867
2.96305394173
2.61593389511
2.51778793335
2.4980840683
2.47504496574
2.68911218643
2.60207390785
2.43908691406
2.50109195709
2.529941082
2.46250605583
2.48671913147
2.47180604935
2.73648190498
2.51045393944
2.44729685783
2.83739709854
2.98049020767
2.72284007072
3.27191996574
3.54503202438
2.91446495056
2.80309581757
3.58297300339
2.47303199768
2.5056438446
2.5285859108
2.48037695885
2.48453712463
2.52751493454
2.46480894089
2.5273399353
2.50181508064
2.49176692963
2.55327320099
2.77492499352
2.75445508957
2.73064494133
2.65180516243
2.65656518936
2.57924318314
2.3889799118
2.54401302338
2.56611800194
2.48590493202
2.5519490242
2.52186489105
2.59306693077
2.48541498184
2.41698479652
2.40430688858
2.49295902252
2.52071499825
2.6063439846
2.63343310356
2.53727889061
2.56540608406
2.57265400887
2.64491200447
2.53050279617
2.38905596733
2.38429784775
2.43446612358
2.53343105316
2.4165790081
2.42278981209
2.44622206688
2.38994598389
2.49244999886
2.65287613869
2.53062701225
2.51632714272
2.46975207329
2.51424598694
2.60964202881
2.52494692802
2.45297002792
2.46133708954
2.51660609245
2.50560903549
2.45282697678
2.53854703903
2.49238801003
2.46258711815
2.48193192482
2.5261991024
2.82571482658
2.44448590279
2.47388982773
2.63366699219
2.60799384117
2.59038496017
2.51320695877
2.49179887772
2.51273679733
2.48776197433
2.5127351284
2.45304203033
2.49573111534
2.50544500351
2.57231998444
2.80970883369
2.53552293777
2.59988307953
2.84936118126
2.63766288757
2.51639699936
2.80364394188
2.47849106789
2.52642011642
2.69546890259
2.66450309753
2.55671596527
2.53172492981
2.47511482239
2.49035906792
2.73181295395
2.68793702126
2.63160395622
2.59634399414
2.52685689926
2.66359710693
2.48573493958
2.59187507629
2.58179998398
2.51265215874
2.52742815018
2.42190909386
2.46789598465
2.59481096268
2.59652400017
2.53812098503
2.56105709076
2.84675502777
2.52177000046
2.50031089783
2.47661399841
2.51233386993
2.5100479126
2.47677397728
2.50206804276
2.66920685768
2.46593499184
2.47653198242
2.44964504242
2.50083899498
2.50184082985
2.72204709053
2.59993290901
2.56616210938
2.51177096367
2.45830893517
2.45490384102
2.50149393082
2.5297191143
2.65578699112
2.44666290283
2.42476511002
2.44980716705
2.42377305031
2.38347506523
2.38884711266
2.35068702698
2.46016001701
2.49038386345
2.54724216461
2.49359703064
2.47983694077
2.41867923737
2.48045706749
2.38882112503
2.42293810844
2.40489315987
2.37441802025
2.42755103111
2.41974711418
2.56070303917
2.52911305428
2.61655211449
2.43779110909
2.41089606285
2.37459516525
2.41599702835
2.4636490345
2.37951588631
2.40344309807
2.41617202759
2.52640914917
2.56676197052
2.49848008156
2.46408009529
2.40689492226
2.4593269825
2.32726192474
2.3928501606
2.43638205528
2.40308189392
2.44771099091
2.43751001358
2.37061715126
2.38954091072
2.40963792801
2.38284397125
2.37431383133
2.4312210083
2.41235494614
2.55456185341
2.40182900429
2.55981302261
2.49398994446
2.44930505753
2.42254686356
2.3684489727
2.3969938755
2.51112508774
2.4221329689
2.42242097855
2.47565293312
3.04391598701
2.55327105522
2.49565982819
2.48834896088
2.60167121887
2.47871613503
2.47847604752
2.54867315292
2.48878693581
2.5031349659
2.68904995918
2.49394798279
2.48928403854
2.54363203049
2.65307807922
2.5004029274
2.51437711716
2.51256608963
2.6238629818
2.5708398819
2.59152293205
2.53912186623
2.60271787643
2.82791614532
2.86897492409
2.84210395813
2.73935508728
2.6164700985
2.81818509102
3.12867307663
3.8670759201
2.62670302391
3.17873311043
3.27524113655
2.98785305023
2.62645292282
3.71951603889
2.72882699966
2.57925415039
3.25644779205
3.91740202904
2.82852602005
2.84414386749
3.13045811653
3.36634898186
3.45394301414
3.48647594452
2.57416510582
2.56436300278
2.56997489929
3.07325696945
2.69940805435
2.49668908119
3.11934685707
2.56256008148
2.60103797913
2.50562286377
2.55752706528
2.66754221916
3.5276529789
2.90258908272
4.07058596611
3.43309783936
3.09816813469
3.95705890656
3.45737791061
3.87410402298
3.89384889603
2.59776711464
3.47779107094
3.91428017616
4.15889501572
3.9290060997
3.89001202583
3.842222929
3.87094187737
4.07796311378
3.99463915825
4.06978201866
4.19984793663
4.0341758728
4.11544704437
3.99828791618
3.90941596031
3.95925998688
4.02993392944
4.19500684738
3.90769195557
3.96333599091
3.91668891907
3.96104502678
3.89689707756
4.43550086021
3.95135092735
3.97207903862
3.95411205292
3.96778607368
4.45390892029
3.94465088844
3.95555901527
3.96348404884
3.96752786636
3.95441293716
3.92085695267
3.96522784233
3.84935092926
3.91704702377
3.86309695244
3.91442394257
3.87285900116
3.94207286835
3.85010313988
3.94987893105
3.84633588791
3.94833612442
3.82104110718
3.93544387817
4.05225110054
4.14587903023
4.04166793823
4.09749889374
4.44842100143
4.04936885834
4.13436484337
4.19782114029
3.91976308823
3.95862698555
4.04061818123
4.00545191765
4.18491005898
4.37493801117
4.41797494888
4.38658714294
4.08424210548
3.93916392326
4.70184183121
4.1263320446
4.10818815231
3.98456716537
4.37099099159
4.05132818222
4.14948296547
3.9649438858
4.20665597916
3.91840195656
4.03418588638
3.93742394447
3.85980987549
4.04453587532
3.87192893028
3.9696700573
4.13876795769
4.03618502617
3.85827422142
4.0028488636
3.89286398888
3.99208807945
3.97515702248
4.02785587311
3.98715090752
3.8424270153
3.96625709534
4.39522600174
3.96800208092
3.88522791862
3.9767870903
3.95155787468
4.01427698135
4.3371078968
4.53800010681
4.3018989563
3.93737602234
4.09578299522
3.98374891281
4.23192095757
4.0261759758
4.15842199326
3.89793682098
3.95651388168
4.16955089569
4.0075879097
3.9815030098
4.02557611465
4.00902295113
4.00400900841
3.95850896835
4.02065014839
3.98454904556
3.94551301003
3.89833903313
4.04727602005
3.92014098167
3.91970396042
3.95834803581
3.91707801819
4.10843205452
4.16063308716
3.97370815277
3.92494893074
3.98607206345
3.96676898003
3.96152997017
4.04603886604
3.9964530468
4.02433300018
4.22423791885
4.27126812935
4.54849791527
4.1964840889
4.06286120415
4.98908400536
4.80778598785
5.67737388611
4.69562315941
6.34508800507
5.2988319397
4.96039199829
4.82498002052
6.23852396011
4.71363997459
6.55270695686
5.86065912247
5.43368601799
6.56971502304
6.15974998474
4.88369297981
4.56297206879
4.56707406044
5.20288705826
5.22761106491
7.10678005219
5.38733792305
5.51727414131
5.54437994957
5.86305689812
5.4354660511
6.928992033
5.29449391365
5.52121496201
7.27489590645
6.3884100914
6.00676298141
5.69489908218
6.29767107964
7.4537551403
5.34933996201
6.09430789948
7.46272802353
6.41922903061
5.7449221611
6.02151799202
5.67556381226
5.68225193024
5.19918704033
6.86320400238
5.96791005135
7.34123110771
5.76456308365
5.994328022
5.96052193642
