2.42124605179
2.44156694412
2.40905213356
2.42853999138
2.44717311859
2.43108296394
2.43372488022
2.40649199486
2.4326069355
2.42114901543
2.41497612
2.43777298927
2.42497205734
2.43956804276
2.43843793869
2.4275739193
2.44513201714
2.3993461132
2.41841292381
2.41126894951
2.45439291
2.39046382904
2.4173579216
2.42738294601
2.41190600395
2.42391991615
2.43275308609
2.43759202957
2.40500998497
2.60895895958
2.53808999062
2.65983104706
2.53060221672
2.49059200287
2.8088619709
2.75569701195
2.52792596817
2.44217205048
2.45097899437
2.46840977669
2.4618370533
2.41714596748
2.75448298454
2.51578593254
2.50542211533
2.45006203651
2.65313386917
2.47275400162
2.45578217506
2.49648213387
2.52913403511
2.6535589695
2.48403191566
2.46533703804
2.48453998566
2.52033805847
2.48727989197
2.46806097031
2.46962618828
2.47595500946
2.49499702454
2.56933712959
2.47255396843
2.48537111282
2.63497209549
2.86233782768
2.49029397964
2.59687304497
2.47622489929
2.64849281311
2.49168109894
2.50814199448
2.69849896431
2.75087213516
2.48668694496
2.52845406532
2.51024889946
2.57842087746
2.55067396164
2.75450897217
2.65571880341
2.79771018028
2.60702300072
2.54929018021
2.93704319
2.88349103928
2.81649303436
2.78773784637
3.02875614166
2.82962703705
2.87756109238
2.85786795616
2.97330284119
3.02956104279
2.84313106537
2.76820898056
2.75356006622
2.72459697723
2.84824609756
2.7969520092
2.91530108452
3.15400695801
2.98960185051
3.03017997742
2.58831477165
2.91377687454
2.77589511871
2.77927589417
2.58030891418
2.78910708427
2.58696079254
2.53186798096
2.66614794731
2.58017611504
2.52694010735
2.69254016876
2.70323014259
2.62385010719
2.6675131321
2.70385313034
2.76188015938
2.65915298462
2.60681700706
2.89120578766
2.69913983345
2.69909310341
2.55456805229
2.49121594429
2.75457787514
2.52850699425
2.56680798531
2.67261099815
3.07837486267
2.73246884346
2.78012180328
2.92096090317
2.92344999313
2.85998296738
2.93729686737
2.62147593498
2.65878295898
2.95757293701
2.84337806702
2.84458112717
2.63820815086
2.51044797897
2.76179289818
2.62141299248
2.60801005363
2.75170898438
2.56255602837
2.51119494438
2.99965000153
2.68167901039
2.63232207298
2.55736017227
2.8112308979
2.69838309288
2.79671597481
2.5869641304
2.57922506332
2.65116095543
2.50602316856
2.58204483986
2.54483795166
2.53751182556
2.82334709167
2.52177381516
2.55528688431
2.49180388451
2.53322720528
2.53796601295
2.64718699455
2.64171409607
3.09428596497
2.61848902702
2.66295194626
2.90769505501
2.97255897522
2.90160489082
2.68347096443
2.60177898407
2.69689106941
2.66723108292
2.81715297699
2.62512493134
2.83834815025
2.876912117
2.64961385727
2.66814494133
2.69935297966
2.90040493011
2.70065617561
2.66331100464
2.59651613235
2.7373919487
2.57817006111
2.61519789696
2.65726184845
2.64196705818
2.75141787529
2.79440283775
2.83144688606
2.86347103119
2.78540682793
2.94565701485
2.74684691429
2.7233839035
2.75877690315
2.6471259594
2.79413104057
2.74329996109
2.8330051899
2.60827898979
2.7039399147
2.83386182785
2.80921292305
2.79988193512
2.64247298241
2.60814905167
2.62619900703
2.5858027935
2.83291101456
2.52348709106
2.52654480934
2.55634713173
2.59252500534
2.49540114403
2.59764194489
2.69794392586
2.838337183
2.84671902657
2.87308192253
2.85833716393
2.75724697113
2.99647498131
2.76121592522
2.68930602074
2.9372048378
2.7208609581
2.59954500198
2.65497899055
2.75186014175
2.69754505157
2.75378298759
2.56160902977
2.62275886536
3.38222885132
2.80666184425
2.74745893478
2.7094669342
2.68174409866
2.58086514473
2.65149021149
2.56520199776
2.5646879673
2.55951881409
2.52978396416
2.7467110157
2.56268787384
2.50885105133
2.51085686684
2.61077880859
2.54718899727
2.54551815987
2.4913020134
2.51771211624
2.53296208382
2.92025089264
2.65220093727
2.7970790863
2.60907697678
2.54948306084
2.6162750721
2.88356089592
2.54618501663
2.49818611145
2.62397909164
2.64663505554
2.53652405739
2.49360895157
2.74923992157
2.5357401371
2.68808507919
2.60343408585
2.54415202141
2.50028800964
2.50576996803
2.53499388695
2.54443311691
2.5000269413
2.56165504456
2.61697101593
2.66714406013
2.6074848175
2.6859869957
2.62628698349
2.51028585434
2.51987195015
2.58567595482
2.68411397934
2.49757409096
2.5848801136
2.52903985977
2.52538895607
2.54380106926
2.59075713158
3.05219912529
2.60274291039
2.54232501984
2.51320910454
2.69210290909
2.59793114662
2.96879601479
2.76013994217
2.95460104942
2.55403280258
3.0520658493
2.56686687469
2.59768486023
2.57362794876
2.66618704796
2.57125306129
2.53848481178
2.53027296066
2.49306106567
2.6447250843
2.56642985344
2.64443397522
2.6499350071
2.56962800026
2.55080294609
2.58126688004
2.55695080757
2.51822400093
2.52992010117
2.57710599899
2.5039229393
2.70045185089
2.61724114418
2.5458509922
2.64040398598
2.5743060112
2.53567385674
2.55165290833
2.56267285347
2.50925683975
2.81831407547
2.61157512665
2.81153607368
2.79308915138
2.62934207916
2.55862212181
2.60150694847
2.48871803284
2.55759906769
2.57101511955
2.57659101486
2.69859194756
2.55294680595
2.53425312042
2.59291911125
2.45963692665
2.53464603424
2.5716149807
2.6643280983
2.5860991478
2.61471009254
2.72580695152
2.55350995064
2.56687712669
2.54222202301
2.61257100105
2.71136522293
2.60893702507
2.64675378799
2.64591598511
2.46182990074
2.50070595741
2.53457999229
2.9495408535
2.68708109856
2.64927101135
2.58787202835
2.55162501335
2.54016900063
2.48212194443
2.4883749485
2.53066897392
2.62874388695
2.68922901154
2.76996207237
2.53239703178
2.54382801056
2.59162902832
2.52691793442
2.49904799461
2.87521100044
2.56164002419
2.53375220299
2.48087310791
2.49715304375
2.52594995499
2.64267706871
2.62130689621
2.58946299553
2.56822490692
2.50493502617
2.55395913124
2.48960900307
2.55094599724
2.65295600891
2.61519289017
2.61525988579
2.53494095802
2.96218299866
2.50362682343
2.5274939537
2.5404188633
2.63957905769
2.69909501076
2.54458093643
2.54904103279
2.50642299652
2.4846060276
2.55350184441
2.61360192299
2.64029216766
2.61580991745
2.59848403931
2.52470684052
2.68714904785
2.54365491867
2.53558802605
2.68254995346
2.63980579376
2.56664299965
2.52388000488
2.5860478878
2.72400403023
2.52372908592
2.54227995872
2.62811803818
2.74012804031
2.59579586983
2.53566408157
2.58346295357
2.55995416641
2.51546096802
2.66024684906
2.78733205795
2.53731012344
2.5506799221
2.5944519043
2.53353500366
2.54004311562
2.59160518646
2.55283808708
2.93746185303
2.55698513985
2.55360794067
2.55355191231
2.4922721386
2.51443815231
2.65302491188
2.71174097061
2.72947883606
2.59614801407
2.6315331459
2.73505020142
2.74140310287
2.5203769207
2.64738106728
2.52118110657
2.8892159462
2.65661001205
2.61205720901
2.56218481064
2.60880112648
3.10619211197
2.55290913582
2.60831403732
2.62825489044
2.55535316467
2.5598449707
2.52885007858
2.61807513237
2.69331789017
2.56427812576
2.59480810165
2.6374168396
2.8170800209
2.6313700676
2.67475318909
2.53502392769
2.63628292084
2.60152292252
2.57078409195
2.50268292427
2.66012406349
2.57964801788
2.61497592926
2.62331795692
3.02432918549
2.5744740963
2.54855298996
2.67745089531
2.58556294441
2.53988194466
2.820125103
2.69135689735
2.49512410164
2.59184288979
2.62093901634
2.7408041954
2.74854707718
2.75772881508
2.59230399132
2.73891496658
2.80821919441
2.85745501518
2.93008589745
2.81306099892
2.59218502045
2.53385591507
2.72015094757
2.71385097504
2.58716988564
2.8116338253
2.73805999756
2.72791409492
2.60259008408
2.70025706291
2.46289777756
2.55844092369
2.50256514549
2.42375397682
2.49054098129
2.79100990295
2.71007609367
2.55723190308
2.66135787964
2.75451397896
2.57168102264
2.58463716507
2.4807100296
2.43284583092
2.73385190964
2.61023187637
2.61009597778
2.50662612915
2.44941210747
2.45587301254
2.45732188225
2.44550585747
2.5082950592
2.7152838707
2.54679703712
2.52904009819
2.62454199791
2.5384619236
2.46779513359
2.50472807884
2.59003996849
2.5042719841
2.47301697731
2.66739010811
2.50674200058
2.48723292351
2.50738286972
2.64866495132
2.61802101135
2.53604102135
2.48280405998
2.57036280632
2.53218221664
2.49270486832
2.52931594849
2.49312019348
2.48795604706
2.50244402885
2.45224905014
2.49308586121
2.44061803818
2.40800404549
2.45210695267
2.42563486099
2.45267486572
2.52476191521
2.53904795647
2.572234869
2.47159290314
2.48639702797
2.45522403717
2.42764997482
2.47391295433
2.45562505722
2.51246786118
2.55004811287
2.51362013817
2.48578596115
2.49471998215
2.4932808876
2.50967097282
2.45317697525
2.4911699295
2.55892300606
2.45273709297
2.46415710449
2.42966890335
2.48900318146
2.42912507057
2.51761603355
2.5007519722
2.56020998955
2.48633503914
2.4641931057
2.52931189537
2.45062589645
2.51637005806
2.45084118843
2.42988801003
2.44144201279
2.64148116112
2.58753299713
2.52336406708
2.4903459549
2.48070502281
2.5069899559
2.48084306717
2.45201992989
2.48274493217
2.55735516548
2.4512219429
2.4646551609
2.48036313057
2.42029309273
2.48246788979
2.47278594971
2.45276403427
2.41861104965
2.43024301529
2.43840408325
2.49991703033
2.52725887299
2.50251793861
2.44380497932
2.45644307137
2.4152071476
2.45134592056
2.47156786919
2.62754797935
2.53601813316
2.52828288078
2.47459602356
2.50197696686
2.55958294868
2.50482296944
2.501942873
2.51596403122
2.44486689568
2.5009059906
2.51642107964
2.47149991989
2.45408701897
2.50639009476
2.55327582359
2.52627205849
2.5558989048
2.46985697746
2.56265497208
2.57783484459
2.63850402832
2.52769804001
2.40950703621
2.41286897659
2.41350007057
2.45717215538
2.45338916779
2.49791789055
2.42765688896
2.4361269474
2.41279602051
2.44029998779
2.45106887817
2.4381518364
2.41501688957
2.52206015587
2.42907810211
2.41992998123
2.47232103348
2.78945493698
2.65346002579
2.80339217186
2.56084513664
2.49382805824
2.45130109787
2.4306409359
2.42751598358
2.44137215614
2.39161205292
2.43624806404
2.40967702866
2.43458795547
2.41943717003
2.42741394043
2.42914819717
2.41636610031
2.40488195419
2.42055106163
2.42315602303
2.39642500877
2.42939281464
2.43169498444
2.45327615738
2.43047380447
2.4412021637
2.46161317825
2.41437602043
2.44264411926
2.43938994408
2.43379282951
2.46716618538
2.43873786926
2.51407885551
2.44926309586
2.41287708282
2.42677116394
2.47775578499
2.5759780407
2.47774291039
2.50004386902
2.48985910416
2.48873806
2.53915286064
2.45819997787
2.42095899582
2.41785907745
2.43809318542
2.48878192902
2.43991422653
2.45788693428
2.4444270134
2.45750784874
2.40051794052
2.4171359539
2.47504901886
2.49716114998
2.42643785477
2.45632815361
2.40684700012
2.44782590866
2.44428801537
2.45790100098
2.43524098396
2.41017103195
2.4551949501
2.43756604195
2.46179699898
2.45735502243
2.43719792366
2.43662405014
2.44207406044
2.45227098465
2.44354009628
2.4381070137
2.4189260006
2.43033194542
2.43521785736
2.39481401443
2.43838095665
2.42895507812
2.42519116402
2.40931987762
2.40265083313
2.43929386139
2.43437099457
2.40584301949
2.44011497498
2.4255259037
2.41684293747
2.41409397125
2.40446209908
2.42599105835
2.43160009384
2.42170190811
2.42417097092
2.44033694267
2.43152809143
2.42968988419
2.4403989315
2.4240629673
2.4558839798
2.44891500473
2.39697003365
2.40859603882
2.41506814957
2.4094440937
2.45284414291
2.42409992218
2.43015408516
2.41447901726
2.43005895615
2.42178797722
2.43327403069
2.44475913048
2.40133500099
2.4072740078
2.39909601212
2.42648291588
2.40913009644
2.4210999012
2.43121099472
2.40722298622
2.44898700714
2.4260430336
2.48743605614
2.42178106308
2.39723610878
2.42175984383
2.42717599869
2.41425800323
2.42382693291
2.42831707001
2.41834306717
2.41121602058
2.4219121933
2.42157793045
2.43285489082
2.41150283813
2.41284799576
2.43666100502
2.41249608994
2.40908002853
2.3820707798
2.41654586792
2.41557788849
2.42245912552
2.405397892
2.4312748909
2.46743893623
2.4262778759
2.43170499802
2.42593979836
2.4353120327
2.42186784744
2.41063499451
2.43818998337
2.42322897911
2.43524599075
2.39459109306
2.39370584488
2.46528911591
2.42788410187
2.42996883392
2.40287804604
2.40354609489
2.39485883713
2.40973997116
2.4511680603
2.41556191444
2.39509606361
2.44569897652
2.42480707169
2.4021627903
2.43970394135
2.39827203751
2.41827487946
2.4262740612
2.42114591599
2.41069483757
2.41571497917
2.4003200531
2.46523094177
2.41081094742
2.43522191048
2.38475012779
2.43722200394
2.4256978035
2.40485596657
2.43679308891
2.40641307831
2.46854400635
2.44090604782
2.41774487495
2.408411026
2.42354393005
2.43433403969
2.40592098236
2.42351508141
2.44997191429
2.40667104721
2.40040898323
2.42475390434
2.43410992622
2.41531896591
2.44182014465
2.41598415375
2.43524193764
2.46390295029
2.41294312477
2.45084095001
2.43727111816
2.40839910507
2.43070101738
2.42490911484
2.41634607315
2.41053295135
2.40814185143
2.40347790718
2.43321299553
2.41679310799
2.4126200676
2.40867590904
2.42416000366
2.38560199738
2.45830202103
2.42533016205
2.41803693771
2.43611311913
2.43511390686
2.48117685318
2.41052603722
2.39632916451
2.44493198395
2.43146491051
2.43511199951
2.45408701897
2.41128206253
2.44780397415
2.41170310974
2.43723201752
2.42140889168
2.46046710014
2.42206406593
2.42362713814
2.40819096565
2.40516018867
2.38890004158
2.43136501312
2.43199777603
2.42772507668
2.42538189888
2.40035820007
2.42947697639
2.44575285912
2.40684509277
2.41085195541
2.46870589256
2.40041399002
2.41354012489
2.42529296875
2.40040397644
2.41667914391
2.42168211937
2.41371512413
2.41063404083
2.44691300392
2.42446303368
2.42311406136
2.40665817261
2.43914103508
2.44055604935
2.39092206955
2.40962290764
2.41222500801
2.42478895187
2.41283798218
2.42531704903
2.41693997383
2.42926597595
2.42985200882
2.42638897896
2.45315408707
2.4064810276
2.42084097862
2.41920614243
2.443972826
2.43515992165
2.41936016083
2.43890810013
2.42974209785
2.4080889225
2.43075895309
2.4119989872
2.44004702568
2.41799783707
2.41284108162
2.4300031662
2.4578371048
2.45497584343
2.40912914276
2.41966605186
2.40488815308
2.40477585793
2.40123391151
2.42822384834
2.38687086105
2.42039299011
2.41318392754
