9.73833203316
8.73008084297
8.80661582947
9.8904979229
9.5657980442
9.48916387558
7.62024617195
10.1868669987
8.68172502518
8.56863188744
9.56168413162
9.25938105583
8.75496506691
9.90780305862
9.14489507675
9.90889596939
10.229213953
9.00773596764
9.46744704247
8.83840680122
10.4471311569
8.74180817604
8.66190290451
11.4428651333
10.3078219891
8.76928901672
10.0501577854
12.4587671757
8.99026799202
8.06885790825
9.35910415649
8.98222303391
9.10760617256
8.46250891685
10.0012671947
10.4920368195
9.00956892967
10.8246569633
8.90178704262
9.6928999424
8.54665708542
9.03171992302
10.8185279369
10.4604980946
9.57196807861
8.91302084923
9.06841301918
9.60268306732
9.13206601143
10.4263188839
9.16556096077
9.27925515175
8.55820298195
8.04661393166
10.3762350082
9.31423306465
9.89408493042
9.18430685997
10.1371700764
9.33139896393
9.10799098015
7.88689804077
9.03140592575
9.43337202072
10.1678378582
10.0360319614
8.83184409142
9.14197397232
9.15199398994
9.90452814102
8.50452399254
8.24862718582
8.78374505043
9.00171709061
8.92759585381
10.3245670795
8.73562312126
10.4936048985
9.21797299385
9.58791399002
9.99611711502
10.0679769516
10.2684259415
9.07649898529
12.2066309452
9.85935783386
8.32173705101
9.30702805519
9.17411398888
8.55355000496
11.5285949707
9.38828420639
8.78176283836
12.9529788494
9.57077288628
10.4189250469
10.7186179161
10.1894459724
9.76435208321
9.96442699432
10.5829439163
10.03602314
10.928907156
10.1669919491
9.30430603027
10.9106888771
10.7005250454
10.698887825
9.84372496605
9.68810582161
10.7309091091
10.0615711212
9.2106089592
8.86746191978
11.7925548553
10.0164139271
9.82781481743
8.84424614906
9.52636909485
10.3941919804
9.45262598991
9.84412503242
9.85190081596
9.0780081749
9.9995470047
8.71057987213
8.22548985481
11.3212709427
9.37948679924
10.0048589706
10.5938050747
10.8587200642
9.66373109818
7.83981108665
8.6397588253
8.49970507622
9.76049995422
8.56252908707
10.9573509693
10.0511119366
10.2235817909
9.83997011185
8.48197603226
9.75542402267
9.17153596878
9.89058995247
8.95216298103
8.47987103462
8.60216903687
11.7042648792
9.54132795334
10.5756440163
10.1153099537
9.61614203453
10.0331249237
10.8387720585
9.64299201965
9.28646087646
10.2980699539
9.76973009109
9.69543004036
10.4199531078
11.4796950817
9.18932390213
9.99973702431
11.7545249462
8.65916800499
8.17258000374
9.9965159893
10.2921791077
9.04733395576
9.899310112
9.39916014671
9.52329087257
7.7944381237
9.16772007942
10.2316029072
10.3747859001
9.46479701996
10.2575428486
10.7015278339
9.4749288559
9.76052904129
9.05917096138
8.64883589745
8.85098600388
7.09486699104
7.86473298073
8.65544295311
7.77688598633
6.54891419411
6.92625403404
8.42795085907
7.72976088524
9.00022006035
7.17379903793
7.17655086517
8.2807469368
9.55293107033
8.36686205864
9.12858986855
7.50474095345
8.24534893036
8.76283216476
10.2545528412
8.80661010742
11.4020738602
9.20434212685
8.73887109756
9.55783104897
9.71872401237
8.35911893845
9.69095802307
8.56334996223
10.1610491276
7.89019489288
9.23188114166
9.50776195526
8.59314393997
8.97752904892
9.42611789703
11.1793658733
10.0203940868
9.171697855
9.19589304924
9.50905394554
10.3141758442
9.52089309692
8.85798001289
10.1966450214
9.65038704872
9.51732683182
8.78081798553
8.8932299614
9.0927169323
10.2542028427
9.81560397148
10.8523089886
9.00824093819
9.40095591545
9.08930802345
9.43109512329
9.78727221489
8.86720204353
8.96959781647
12.1437499523
9.87601995468
9.05935692787
9.25587916374
9.5640771389
9.90326213837
8.75978899002
9.10908818245
9.30292391777
9.06253600121
11.2496669292
8.04313993454
8.68551588058
9.65461111069
9.08776879311
9.81506991386
8.30731296539
9.28111600876
9.23208999634
8.14195108414
10.3623430729
10.0932409763
9.58405995369
8.28566193581
9.59127092361
10.5127179623
7.9961078167
9.29369282722
8.84967303276
8.97683596611
8.85546994209
8.52590084076
12.6792750359
9.00723409653
7.62744116783
8.29256105423
9.40865278244
8.79912900925
11.309896946
9.13095712662
8.22976517677
9.04377293587
8.84608387947
10.3941030502
9.07935714722
9.6510219574
10.0319039822
9.25531411171
9.52745318413
8.09721708298
8.3985850811
8.83205795288
9.25412011147
7.58206987381
9.81739211082
9.61265301704
10.7078938484
9.8720138073
10.3050041199
9.75341081619
10.1323988438
9.4609310627
8.27661299706
10.7665770054
10.3200809956
10.1168260574
11.1215810776
9.52547502518
8.86699199677
8.45562601089
8.91890501976
8.78993797302
8.25732898712
11.1686348915
9.19254398346
10.8488221169
7.97542214394
10.4055490494
9.67208003998
10.5551741123
9.62976908684
9.5447499752
9.51908016205
9.30583310127
10.9522368908
9.75572299957
10.565007925
9.23783993721
10.5855379105
10.4259150028
9.37562799454
10.5900058746
9.11808490753
11.05727911
10.1642460823
9.11833000183
8.55609297752
8.89227700233
9.39315104485
10.5679111481
10.252655983
9.10457587242
9.28604006767
8.77054691315
10.9024190903
8.63369989395
8.00181484222
9.7181789875
8.84511399269
11.0317850113
9.10544991493
8.23270606995
10.5761108398
9.5358300209
8.09577798843
8.9224319458
8.59179496765
8.41930794716
8.64976906776
9.85754299164
11.2715539932
10.3897500038
9.12618207932
8.73803710938
8.66939616203
9.36631822586
9.98454403877
10.7286300659
10.1500558853
8.69786691666
9.2632329464
9.42850899696
8.84043693542
10.655493021
8.88623094559
8.65889906883
9.23322606087
9.61717510223
10.0315980911
9.34786391258
9.05720114708
11.0633950233
9.90264105797
9.77040696144
8.7285399437
9.41048288345
9.33254289627
8.08338093758
7.9009168148
9.06686782837
9.47163915634
8.92506504059
8.63062000275
9.11522507668
10.0758368969
9.02747797966
9.14337706566
9.33456492424
10.5558791161
8.87945890427
9.65518784523
9.26898002625
9.41373085976
10.0261759758
11.0874791145
9.26758909225
8.37635588646
9.43408799171
8.64054083824
9.08711791039
9.88502812386
10.6160650253
8.65920495987
9.49682712555
9.91254401207
8.68231701851
9.30177092552
9.05349516869
9.58180093765
10.1324510574
9.37365412712
10.0945088863
9.09618520737
8.50075292587
8.59843397141
9.73314404488
9.25996017456
9.38021087646
9.23623204231
9.64466500282
9.62029504776
9.29983186722
10.1601960659
9.75005197525
9.54505085945
9.83988118172
9.45825886726
8.14661812782
10.7289059162
9.82781195641
8.26919603348
10.5698039532
8.97133493423
9.70929503441
9.49597501755
10.4246599674
9.40310406685
9.07156586647
8.36185908318
9.32759308815
10.0880029202
10.1040279865
10.1052629948
8.52148199081
9.81166005135
9.95603513718
10.1107139587
9.87835717201
9.27720594406
10.1659839153
10.6574459076
8.154504776
10.2738389969
9.41407299042
9.79231309891
10.0177359581
9.38065290451
11.4012129307
9.10986614227
9.72764396667
9.0903570652
10.15325284
10.4722130299
9.51459908485
9.14921498299
8.52957391739
9.03166985512
7.87609791756
9.54827713966
8.99828600883
8.85862708092
10.0139708519
9.44691514969
8.63284111023
9.91191601753
9.29224014282
8.78960204124
10.0010411739
9.30579090118
9.04695987701
9.94583892822
9.60722708702
9.52450299263
9.35656380653
8.09472513199
9.53252291679
10.1032049656
9.87581706047
8.46459102631
9.69296598434
10.5524289608
9.59409284592
9.79170203209
9.77262115479
9.10436916351
9.24640798569
9.71500682831
10.0580358505
10.181497097
8.93740797043
9.70138001442
10.7936518192
9.1293759346
8.726375103
9.8047721386
9.2639901638
9.83573102951
8.89402794838
9.45982289314
8.78929686546
8.99947500229
10.4438819885
10.1815829277
9.72069716454
9.39892315865
9.51511216164
9.81593298912
10.1069631577
8.08677816391
9.37410378456
9.71919822693
9.17642784119
9.22707509995
8.06198692322
8.79285001755
9.83913111687
8.31463003159
10.0730228424
8.95195388794
9.80084013939
10.0512399673
9.75563216209
8.53970813751
9.59848189354
8.64584088326
10.2170920372
9.37285280228
11.1362559795
9.35218906403
10.5501670837
8.49864292145
9.08188581467
9.48295211792
9.09569883347
10.6740658283
9.18216896057
10.0407660007
8.59160113335
9.13605380058
10.6863188744
10.6249370575
12.2565188408
8.48477005959
9.11840701103
9.50066280365
8.20728683472
10.3430500031
9.25228190422
11.0777800083
10.6819720268
9.51163816452
9.29165697098
9.66392707825
10.115393877
8.83861398697
8.43005013466
10.3168501854
9.92368984222
10.4515228271
10.2279560566
9.75583791733
9.64805412292
8.37956094742
8.71302390099
8.99085903168
8.89901590347
8.36478590965
10.4175760746
9.5137720108
9.00440621376
8.8074388504
10.6356079578
9.72624492645
8.57322597504
9.34213089943
9.94160413742
9.16699790955
9.4468858242
9.60988712311
10.4248700142
9.0421860218
8.34136486053
8.91281104088
9.13874816895
8.35150909424
9.07361698151
8.58310604095
7.89686989784
9.78666710854
9.88769388199
9.97521901131
9.76423215866
8.25911879539
9.56304192543
10.0444760323
9.56072902679
10.0004880428
10.8454430103
10.5004971027
10.6347749233
9.77244400978
9.31357884407
9.60536789894
8.78995490074
9.48726797104
8.87254691124
8.94898700714
8.98263907433
10.2609319687
9.31794404984
10.0576319695
9.90267109871
9.76051998138
9.72682905197
9.49923682213
9.38231897354
8.64760613441
9.23703503609
9.0634560585
9.51324605942
8.56968092918
10.1852619648
10.3644051552
9.29547691345
9.16936898232
9.81013798714
9.73440122604
9.28694200516
9.38779711723
9.20514202118
9.93000507355
10.0038280487
9.90486001968
8.35137701035
9.03175091743
9.76031708717
9.69140791893
10.8676691055
7.96909785271
8.55402302742
8.49599719048
9.19046902657
10.2785811424
7.67592597008
7.31442093849
9.48752713203
10.1422190666
9.01533889771
8.81188106537
8.60301113129
8.27449083328
9.8650021553
8.36337518692
9.44466519356
8.22053408623
8.40854001045
7.47605895996
7.69765782356
8.23763012886
8.37827897072
10.7831618786
9.75943493843
9.37458705902
9.8961918354
10.6730151176
9.68851399422
8.96818709373
8.07020187378
10.3870868683
8.57314586639
8.57480192184
9.16841197014
8.69328713417
7.97259092331
8.55730295181
9.71294307709
9.39164614677
9.61878490448
10.0568180084
7.9951710701
8.90523505211
8.14808416367
10.1510710716
8.95473790169
9.76450014114
10.2964148521
8.65228915215
8.85317420959
9.9766190052
10.8507668972
9.07558298111
10.0588741302
9.54749894142
10.7925651073
8.62773895264
9.35910201073
9.01869297028
8.54333090782
9.68464398384
9.76570987701
8.21113395691
7.55579304695
9.43777799606
7.80633020401
9.25403499603
8.15372014046
7.2398018837
8.91674304008
8.31583309174
9.41245412827
8.72753095627
8.85083794594
7.56885385513
9.58595299721
9.53321886063
8.53867197037
7.84816718102
7.95659995079
9.10390400887
7.64996695518
7.55688285828
9.56743383408
7.42752194405
7.83200597763
8.6337659359
7.70090317726
9.87262797356
8.1232509613
8.84000015259
9.04505419731
7.95054197311
8.28395199776
9.1551990509
8.90943694115
9.14407396317
10.3266899586
10.6502280235
7.43941688538
8.4283311367
8.39173293114
8.77521491051
8.94016313553
8.03272604942
8.12987184525
9.06015181541
9.35619497299
7.81643390656
7.77806186676
6.85670208931
9.4841837883
8.18722200394
8.75808095932
8.87111401558
8.98636198044
8.47110390663
8.34342002869
9.16591310501
9.56091403961
8.31385493279
9.7102971077
9.33720088005
9.49882698059
9.29104804993
9.48521208763
9.78358101845
8.41340088844
11.0923330784
9.12302303314
8.67322897911
10.0897929668
9.43333792686
8.78831887245
9.41572189331
9.8508810997
8.99817299843
8.75625491142
7.66173505783
8.60603618622
8.60379910469
9.03696608543
8.51566314697
7.81406998634
9.03705906868
7.69400286674
8.88231611252
9.82512784004
8.19948792458
8.06246495247
8.57770299911
11.152889967
8.42677617073
7.64681410789
9.42290401459
8.56479001045
7.5256459713
8.85961699486
7.53792595863
9.24874901772
9.84313988686
8.88691401482
7.98405313492
7.62884712219
9.43567895889
10.2001187801
9.76175904274
8.52168297768
8.47917103767
8.67738389969
8.31493186951
9.27402496338
9.36921906471
9.5148370266
8.38309407234
7.97077798843
8.72270321846
9.63098978996
8.62631607056
8.3822748661
9.24684119225
10.093585968
9.76984095573
7.32734894753
8.3946890831
9.91110777855
8.01329517365
9.03546309471
10.8719041348
9.53546309471
9.47199010849
8.79870295525
10.4938919544
9.44103813171
9.07729697227
9.5683350563
8.82858085632
8.45076203346
8.31713819504
8.27455687523
8.24645900726
7.46772193909
8.52063894272
9.91023492813
8.30335998535
7.64567899704
10.491271019
12.2303500175
7.60605406761
8.86097598076
8.46799492836
8.1851348877
9.50284481049
7.74614715576
8.30843901634
8.62050700188
8.42110610008
9.45915007591
8.89856791496
8.64668893814
8.37222099304
7.83136105537
7.86538314819
7.58235311508
9.15031409264
7.7265560627
8.00982093811
8.21788907051
7.62882590294
9.19948101044
9.82964992523
8.39504003525
7.57565712929
8.54365611076
8.85042285919
7.86967301369
7.85977602005
8.75503396988
10.3293399811
8.99188089371
10.6142160892
8.58616685867
8.99481797218
7.68354201317
9.01977586746
7.91468286514
9.76705598831
7.82667899132
10.1161530018
8.51059603691
8.04628515244
7.94607496262
8.86298298836
9.86519312859
8.10702490807
10.9649140835
7.36941099167
7.53995108604
8.91420221329
9.31232786179
10.6516470909
8.96347498894
7.40813207626
8.68479776382
9.8293170929
8.47978901863
7.74879217148
10.3873960972
9.71066904068
8.58676409721
10.4154708385
8.00065898895
8.6689260006
7.7735991478
9.39563202858
9.41751503944
9.54877090454
8.43289804459
10.1012170315
7.93952798843
8.4503262043
9.21248793602
9.65558195114
9.49748706818
7.26665401459
7.8044500351
7.47389912605
8.76100897789
8.31677412987
8.07958507538
8.27066802979
9.54891991615
9.78022503853
8.05804395676
9.12943601608
9.17834496498
9.13809490204
8.29341387749
7.80127286911
8.87491893768
8.46202993393
10.9732220173
7.85701489449
7.6593940258
7.36965990067
7.05785298347
7.86749196053
8.47950100899
8.05613708496
8.42824697495
8.79812288284
9.53113794327
7.97633504868
8.1551361084
7.67726397514
8.07408308983
11.3060750961
8.86529493332
8.67616510391
9.45303702354
9.08028697968
11.2448329926
7.9441280365
7.73018407822
7.72535705566
9.27646803856
7.36896014214
9.03768801689
9.13924694061
7.12378311157
8.30140304565
7.62074995041
9.37535500526
10.6719629765
11.3061640263
7.64370012283
10.0456469059
