5.95900893211
6.3594520092
6.7020111084
7.13401603699
5.43396902084
6.80476498604
6.51047301292
4.96523690224
5.24240088463
5.67343616486
5.27816200256
6.42969799042
4.99119591713
5.90597605705
7.97238397598
7.12086510658
6.52744197845
5.69347286224
5.64514994621
5.89116406441
6.40044283867
6.1919529438
5.86201405525
5.93350696564
6.82776212692
6.30938196182
5.0619571209
6.26568984985
6.29015898705
6.03159403801
5.41800689697
4.83869600296
5.62564992905
6.7903110981
5.41157793999
6.29533696175
6.24493002892
6.62121796608
6.00326395035
5.83581805229
5.3461561203
5.76667904854
5.0819709301
5.18470907211
5.58428096771
5.69502186775
4.89968180656
4.99541592598
6.24186182022
6.31577301025
6.87854290009
5.18476915359
5.82462382317
5.87935400009
6.3895509243
5.17064213753
5.67081618309
6.92442512512
5.33752799034
6.25492691994
5.32703995705
4.87329292297
5.15242815018
6.77333116531
4.75395107269
7.20460700989
4.6977391243
4.61539101601
5.77284502983
6.45422506332
6.0697889328
4.83579897881
4.94095015526
5.13484692574
7.03173494339
6.50202703476
5.01517510414
5.56742811203
6.30553603172
5.8259370327
6.01474618912
5.7238612175
7.41996598244
6.53841114044
5.83566999435
6.15915393829
6.17427992821
5.62108802795
5.33013391495
4.90224885941
5.82442879677
5.36682486534
6.48466014862
5.72202205658
5.36663603783
6.22007799149
5.5234849453
5.57268500328
7.28612995148
7.11878705025
6.20270514488
6.08769607544
7.37527799606
6.66396999359
6.23411512375
6.76451897621
5.27148485184
6.05312895775
6.43530511856
7.01335501671
6.44593405724
6.75744199753
6.7938079834
5.74766016006
5.78013110161
6.51127004623
7.16420197487
6.44535708427
7.16637086868
5.42430090904
5.79656600952
6.88215208054
7.18251109123
5.43751001358
6.60052990913
5.86619710922
6.73278188705
7.21724295616
6.31633901596
6.65302586555
6.73789310455
6.46029901505
5.28036904335
7.37080001831
6.7196700573
5.53622579575
6.13987898827
6.29020595551
6.12511610985
6.60399603844
7.08280086517
5.91087698936
5.87631106377
7.39191102982
5.84268498421
6.35234999657
5.63988494873
7.49651908875
5.97310709953
6.93178105354
6.28847312927
5.27251005173
5.21199798584
6.20466995239
6.0574400425
6.03937101364
5.34690499306
5.96381187439
5.64798808098
5.53981089592
4.61700510979
5.79425501823
6.30407309532
7.36494803429
5.29645800591
5.83620285988
5.96822595596
7.94861006737
5.22877812386
6.61599397659
5.79864192009
5.4955239296
6.02365279198
6.80736684799
5.33577108383
5.53421902657
5.83627486229
6.55295300484
5.82765483856
6.62227082253
5.97672390938
6.78124403954
5.69451498985
5.74105811119
6.54261803627
7.23319911957
6.48340916634
6.77770185471
6.92913484573
6.38952589035
5.60579800606
7.43553185463
5.59190201759
6.2551150322
6.55115699768
5.58984613419
6.31823587418
6.7580640316
6.94567489624
6.373472929
5.63691091537
5.16399002075
6.03982496262
4.91119098663
6.21181607246
7.23944592476
6.3211710453
6.54813408852
5.98674106598
5.30806803703
6.52015686035
6.03170585632
5.93574285507
6.6234858036
5.50982689857
5.3346350193
6.56103181839
5.58785700798
6.11555409431
5.49914312363
5.94640111923
5.48044300079
5.59455013275
7.96584010124
6.444439888
5.44665908813
5.90072703362
5.96066117287
7.50007510185
7.1111869812
7.03550100327
6.55219507217
5.14716911316
6.12061595917
5.57892608643
6.76228904724
5.83515405655
5.82223296165
6.31110405922
7.04196095467
5.93143796921
5.6174788475
6.67068600655
4.75691795349
4.83884716034
5.51148414612
4.78985905647
5.15431785583
5.09554696083
6.57637405396
5.22187209129
4.32413220406
4.03230309486
4.6702940464
4.59625315666
6.44438099861
5.79293298721
5.46595716476
5.47966814041
5.99382305145
4.83621716499
5.72946000099
6.04834914207
5.30785679817
5.08386301994
5.69001412392
5.3860809803
4.86224102974
5.26826000214
5.32887196541
4.99637699127
5.57177996635
5.39220309258
4.68900108337
5.57575893402
6.49688386917
6.14030885696
5.95262598991
5.52900505066
6.54425787926
5.55425310135
5.4311850071
4.79977798462
5.637403965
6.55073308945
4.91245388985
6.10522985458
6.58423900604
4.89746189117
5.29847002029
5.46159696579
5.81781101227
6.01739192009
5.80304813385
6.35591816902
7.04580616951
5.1197810173
5.93593001366
5.54400205612
5.66787099838
5.23536992073
6.01430988312
5.2510368824
5.7642390728
4.98278594017
5.95524597168
5.24836802483
6.42764115334
6.2637360096
6.06695103645
5.83989500999
5.82853412628
6.90449619293
5.55575799942
5.98512005806
5.3935778141
5.69308996201
7.06970119476
7.02826285362
5.94416117668
7.21935200691
5.93598103523
5.83107209206
6.64652299881
6.01886200905
6.1219201088
6.37742996216
5.37367606163
7.36594295502
5.57606196404
6.13504099846
5.80625104904
5.70575785637
6.53566193581
5.54161095619
5.89009094238
5.54559493065
5.99635505676
5.55808496475
5.53031015396
5.62293100357
5.33933782578
5.9256939888
6.17636585236
4.94350886345
5.44202804565
5.48148012161
5.28858804703
5.0758600235
6.34539699554
7.46265101433
5.40427708626
7.73778295517
5.26714420319
6.3380420208
6.02880787849
6.2600941658
5.28917884827
5.72080183029
5.86046886444
5.56625390053
5.75667214394
5.88406705856
5.72554516792
6.54559612274
6.52659606934
6.15212702751
5.95589995384
5.5935561657
6.01018309593
6.38793897629
5.31517696381
5.44298410416
5.89278912544
5.37070608139
5.48621702194
5.40213298798
4.71195006371
6.45750784874
6.2279419899
5.30555391312
5.47299480438
4.90951299667
7.26548409462
5.68409705162
5.17364907265
5.40105700493
5.34172391891
5.71489882469
4.85653114319
6.61371612549
6.31288909912
5.24228811264
5.34669113159
5.43940782547
5.645829916
5.35262107849
6.19533014297
5.86166214943
5.50354599953
6.0602991581
5.79247379303
6.93736314774
4.81535410881
6.68206810951
5.43210601807
5.39980912209
5.73933291435
6.11186385155
5.74809193611
6.67600297928
5.48734092712
6.48510909081
5.61078500748
5.59484887123
5.06984090805
6.12073493004
6.05335593224
5.89437294006
4.99982595444
4.64553380013
5.68334698677
6.06448316574
6.12629699707
5.88320088387
5.72860097885
5.02427005768
5.43697595596
6.38229179382
5.34979200363
4.86287689209
4.91209387779
5.79644799232
6.12614703178
5.89944005013
5.58660888672
5.84941101074
5.13758802414
7.94471096992
6.41921305656
5.94004201889
6.004144907
5.48279190063
6.10709118843
6.15649485588
5.37250089645
6.29484701157
6.87957119942
5.83636307716
5.63566613197
6.92596817017
5.58492207527
5.75900006294
6.50477910042
6.06272697449
5.01696896553
5.89564704895
5.51822805405
6.66738891602
6.34021306038
5.97566199303
5.9284889698
4.78771996498
7.15044999123
5.56066918373
4.97935080528
5.23157787323
5.6207909584
5.18492603302
6.5782790184
5.27918314934
5.66398501396
5.98674201965
5.66725897789
5.20241117477
5.23934793472
5.5698299408
5.69652700424
5.74472093582
7.23980093002
6.44760704041
5.45211791992
5.9038040638
5.4475748539
8.19603395462
4.82670998573
5.79832792282
5.54059505463
5.36262702942
5.16306710243
5.10703206062
6.80421519279
6.21773481369
7.19962406158
6.92716288567
7.40118384361
6.10646009445
6.93359994888
5.41280794144
5.16894102097
6.0438170433
6.41234993935
5.09324598312
5.52181005478
5.56728506088
6.65153408051
5.94690394402
5.72638511658
6.30279684067
5.66676902771
6.23679494858
7.03555202484
5.66077303886
5.66086602211
5.85151600838
5.15708708763
4.68666696548
5.04760098457
5.03099489212
5.24569392204
5.93186688423
6.40797495842
5.98458600044
5.71467614174
6.60404014587
6.25489783287
7.20601606369
6.06696915627
5.58596801758
6.26273918152
6.19211316109
5.9480779171
5.76063489914
6.15415811539
4.99837708473
5.31287813187
6.03163290024
6.23898100853
6.46907997131
5.69569993019
5.43850493431
5.33699417114
5.43822789192
5.47068595886
5.47721099854
4.82781386375
7.32394886017
5.96743607521
6.20447206497
7.74422502518
5.19052195549
6.22530913353
5.98440599442
6.58706402779
6.19704508781
5.35184907913
5.6047129631
6.10228896141
6.04247689247
6.42849683762
5.94433403015
6.88025689125
6.00974202156
5.93260097504
6.12919402122
5.82704901695
6.1218290329
5.32252192497
7.80198717117
5.21365213394
5.02346801758
6.02056002617
5.00312995911
6.35005283356
6.29142308235
6.52549290657
5.87688112259
5.48094296455
6.70389199257
7.12175893784
5.6679930687
6.0964038372
7.40884208679
6.33428001404
6.84621715546
5.45096802711
5.43643093109
6.5403649807
5.96489691734
6.05246782303
6.63444399834
5.08294510841
6.19199800491
5.84276008606
6.5643799305
5.60262608528
5.28747606277
6.0460870266
6.76276898384
6.38438606262
6.09781289101
7.42771697044
5.84985899925
5.52216696739
5.8664419651
5.64237380028
6.0605199337
5.41093683243
6.12200093269
6.0100851059
7.03602790833
5.41606020927
6.16147899628
6.18017697334
5.38070201874
5.14838600159
5.19677996635
5.26942205429
5.95831108093
5.67200088501
5.77844214439
5.58219599724
6.14086794853
5.98496603966
5.56646203995
6.35439991951
5.86884498596
6.24279713631
5.72761392593
5.71902108192
6.57677292824
5.82688307762
5.62512207031
6.18163299561
5.61197805405
5.34585905075
6.23485803604
5.95698189735
6.92310118675
5.96485710144
5.36297702789
5.51944589615
6.25568985939
6.43012690544
5.58916091919
6.06665587425
6.57769799232
5.2269320488
4.98383188248
6.06270885468
5.45913481712
6.47709989548
5.4731771946
5.55351090431
5.22789597511
7.10230302811
5.97756290436
6.1980009079
5.7118639946
5.59957480431
5.57905197144
5.62354898453
6.11183714867
5.37144494057
5.00950694084
5.35374712944
5.74946212769
6.19884896278
7.02195286751
5.52311491966
5.77819800377
5.90345191956
5.13193011284
5.98125505447
5.7450940609
6.04369711876
7.10576510429
7.08004713058
5.67326188087
5.62816405296
5.69030690193
5.91133499146
4.9417951107
6.22017002106
6.01559591293
6.34455394745
7.11610794067
6.53010797501
5.59324598312
6.67315983772
6.09477376938
6.0130879879
5.61185598373
6.23598599434
5.93135499954
5.97600889206
6.09421896935
7.09536409378
6.09682488441
6.52095103264
6.13396596909
5.92201781273
6.09230399132
6.65347099304
6.14071798325
6.47075796127
5.52325606346
5.93103694916
5.33019900322
6.72857618332
6.64006400108
7.15050506592
6.12193202972
6.6328728199
5.66084480286
7.07803702354
5.5801179409
7.5801281929
5.9025759697
5.18266582489
4.84551596642
4.64055514336
6.04806089401
5.87349891663
5.75401496887
5.71555900574
5.36403107643
5.11876893044
5.49023413658
6.31144118309
6.55990505219
6.31944108009
6.80354380608
5.69656705856
5.54226779938
5.55146813393
6.75149703026
6.38532996178
6.24561882019
5.46370100975
5.75429296494
5.44049096107
6.43607401848
6.04348802567
6.39077591896
5.91671800613
5.90814208984
6.48835396767
5.83203411102
5.61310195923
6.18279004097
7.29848694801
5.36476111412
5.94921898842
6.76595497131
5.95348191261
5.80008196831
6.05906796455
5.87542414665
5.30752396584
6.31955504417
6.32212495804
5.64037179947
4.83098697662
6.22924518585
5.61134696007
6.06699204445
5.12727284431
6.59174394608
6.17232394218
6.37787294388
5.51252007484
6.77918505669
5.63132405281
6.12003278732
6.73058891296
6.49580383301
5.12450504303
6.41039204597
5.81679201126
6.0720949173
6.28194618225
6.36820006371
4.79856610298
5.85341787338
5.32351994514
6.9041800499
6.99328899384
5.33568811417
6.01917505264
5.50061607361
5.42216610909
5.41276407242
5.63245201111
6.46744394302
6.0848300457
5.80711698532
6.12448501587
5.9467458725
6.19834709167
7.13706111908
5.7954750061
5.44178104401
6.71447896957
6.78308105469
5.4891910553
6.80796003342
6.51697707176
4.96782183647
6.30759215355
5.47919297218
6.24627399445
6.61648201942
5.74358916283
5.95303797722
6.22511100769
6.833122015
5.60106706619
5.979804039
5.96895599365
6.35476112366
6.56107997894
6.33616518974
5.93193793297
6.19239902496
6.81914401054
6.48701906204
6.05216288567
5.18895196915
6.0086479187
7.16928100586
6.02391791344
5.83604001999
6.21156811714
5.57046794891
5.31782603264
5.81108593941
6.08754897118
6.19694709778
5.64861989021
6.23249602318
7.04498887062
5.45390295982
5.35303902626
5.89795613289
6.69753718376
5.88037991524
5.77738904953
6.26292490959
6.29673409462
5.60433006287
6.44328999519
5.70799779892
5.78131484985
6.13374400139
6.14234089851
5.49990701675
6.09324002266
6.00091505051
6.16366696358
6.81168913841
7.13770890236
6.98513102531
5.36343812943
5.35194396973
5.76244401932
6.32879590988
6.20355892181
6.19276809692
6.31573915482
6.1121878624
6.95818305016
5.27167701721
6.4685280323
6.27943897247
7.34159302711
5.40581798553
6.15821003914
6.50328087807
6.15714406967
6.33738708496
5.40232896805
5.30869913101
5.69039201736
5.62979102135
6.07977485657
6.1977519989
6.37298488617
6.38403201103
6.18382787704
5.59159803391
5.70464682579
6.55886507034
6.6039659977
6.46864795685
5.7230618
5.32768893242
6.95439291
5.62973189354
5.5517179966
4.9539141655
6.67625117302
5.20918893814
5.35774707794
6.02176618576
6.11495685577
6.13374710083
7.17668294907
6.21042203903
5.68690395355
6.88543891907
6.39737200737
5.62385106087
6.6746571064
7.03065013885
5.88709902763
5.41349697113
6.36948084831
6.02832698822
6.60749006271
6.53168988228
5.93970394135
4.67146897316
5.94315099716
5.51474308968
5.64900493622
6.39673900604
6.47148394585
5.70329403877
5.59124803543
6.08018612862
6.93384695053
6.08451199532
6.71301198006
7.1473300457
6.71064996719
6.16334795952
5.93010091782
5.6811208725
6.6331050396
5.08817410469
6.31366920471
6.04859304428
5.61337995529
5.68294501305
6.92307186127
5.75918889046
6.31878495216
5.56834411621
6.2578561306
5.74632811546
5.84777593613
6.7741920948
6.0586130619
6.38785815239
6.00753998756
6.55741286278
5.25453805923
5.50066900253
6.94351196289
6.56480097771
6.21293210983
6.03119087219
6.37234306335
6.07265305519
5.63050198555
4.81870889664
5.5462679863
5.90120792389
5.40899801254
6.66782903671
5.90290498734
6.33968496323
5.67341804504
6.17651796341
6.3015999794
6.27495002747
6.47885990143
6.57074999809
6.98564386368
6.31193709373
6.27159905434
6.2317378521
5.91216301918
4.78899717331
5.32345104218
6.72538089752
5.79070281982
5.6070997715
6.14190387726
5.34205985069
5.91848897934
5.57729291916
5.57135605812
5.38470196724
5.76325201988
6.11890888214
6.06326007843
5.59090518951
5.9064450264
