2.33771300316
2.33600091934
2.32705998421
2.33003902435
2.32712292671
2.32851791382
2.35233592987
2.34561395645
2.33806395531
2.37433695793
2.33626103401
2.32805395126
2.3428580761
2.33316588402
2.3375120163
2.53959703445
2.34821200371
2.3404610157
2.3517639637
2.3582880497
2.4327249527
2.5435769558
2.67329382896
2.46621799469
2.42411899567
2.39010596275
2.45889091492
2.46354913712
2.43140506744
2.42116212845
2.43919301033
2.52241396904
2.45123505592
2.44449400902
2.40173602104
2.56231307983
2.42621302605
2.38988399506
2.72047185898
2.816655159
2.4021589756
2.42859697342
2.44327497482
2.3897190094
2.39801502228
2.44752287865
2.43657207489
2.41982579231
2.45751595497
2.45542097092
3.08522415161
2.53841590881
2.52541780472
2.72199010849
2.41237187386
2.44878196716
2.4550819397
2.41069984436
2.39581894875
2.44777202606
2.44879317284
2.40658903122
2.43618416786
2.59092521667
2.57261109352
2.45634889603
2.46935105324
2.47819304466
2.77676391602
2.75714612007
2.71585893631
2.63480615616
3.03210496902
2.65371608734
2.53585791588
2.6755490303
2.60308289528
2.54659605026
2.50638699532
2.49151587486
2.80548715591
2.5760037899
2.63621115685
2.46436500549
2.53127408028
2.81885290146
2.41903591156
2.46020507812
2.47892999649
2.88958501816
2.42336893082
2.42825293541
2.47028803825
2.61871004105
2.67123222351
2.56796598434
2.56055092812
2.50802588463
2.44404101372
2.45133519173
2.45496201515
2.44889593124
2.46980214119
2.61997199059
2.43631505966
2.44466400146
2.54087090492
2.34811687469
2.3526070118
2.44690608978
2.56350278854
2.61487293243
2.85305404663
2.49184012413
2.4383699894
2.51469898224
2.4390308857
2.43592596054
2.43516302109
2.36990809441
2.39482116699
2.41680502892
2.50314211845
2.4988348484
2.5496571064
2.84470701218
2.39908385277
2.45123195648
2.42897605896
2.40044903755
2.46200609207
2.43372297287
2.44335389137
2.47530198097
2.51351499557
2.57922101021
2.49228620529
2.68603897095
2.47306799889
2.4981970787
2.45994901657
2.51609683037
2.55699300766
2.51415801048
2.48738694191
2.44442081451
2.3975610733
2.43151402473
2.62922501564
2.52879500389
2.5534260273
2.53077197075
2.67546987534
2.48623418808
2.43941497803
2.46548104286
2.56644487381
3.20093297958
2.60580706596
2.60985398293
2.5911488533
2.59253787994
2.58464002609
2.47296094894
2.50768613815
2.55151295662
2.61482405663
2.53001499176
2.54814004898
2.59026193619
2.81089019775
2.81058597565
2.70003604889
2.68581390381
2.54831910133
2.45590114594
2.7119410038
2.73380899429
2.54779100418
2.50392794609
2.44106602669
2.52961683273
2.36188912392
2.42475605011
2.44484090805
2.5665140152
2.55891084671
2.48586201668
2.53892207146
2.51246905327
2.43870902061
2.40798592567
2.47804713249
2.43434596062
2.46789288521
2.75411295891
3.58323216438
2.46399307251
2.47128796577
2.39194607735
2.4125289917
2.538864851
2.5134909153
2.49240279198
2.45698285103
2.48140716553
2.39954805374
2.44606804848
2.53636193275
2.59111905098
2.51758098602
2.6960439682
2.47713279724
2.51618695259
2.62437796593
2.60278201103
2.53412795067
2.51229190826
2.46917796135
2.49467897415
2.50508499146
2.46533608437
2.47708582878
2.4226629734
2.43927192688
2.49658584595
2.57593083382
2.58559203148
2.55107307434
2.53694200516
2.53074002266
2.39946699142
2.41131901741
2.46093010902
2.56741499901
2.77783107758
2.50546097755
2.45786905289
2.44509601593
2.39152407646
2.44893407822
2.46012806892
2.6201210022
2.54646706581
2.50363302231
2.503937006
2.45885396004
2.5080909729
2.50855898857
2.51023602486
2.4403719902
2.43858599663
2.65530014038
2.59276485443
2.68482995033
2.53202199936
2.48495602608
2.60069704056
2.40477013588
2.41253590584
2.44335603714
2.60058999062
2.77909803391
2.51523804665
2.49027013779
2.565721035
2.50924015045
2.49815106392
2.7599170208
2.69746494293
2.71352505684
2.67806196213
2.54359102249
2.45035195351
2.40930604935
2.43568587303
2.4328391552
2.55971503258
2.51259613037
2.49632811546
2.50406098366
2.46503806114
2.52674388885
2.44963121414
2.45965886116
2.52387809753
2.49226784706
2.47288799286
2.49428796768
2.49672698975
2.45252680779
2.46747303009
2.6066429615
2.55781817436
2.57080793381
2.59164905548
2.57082700729
2.56939101219
2.68260598183
2.55607509613
2.48793196678
2.45284199715
2.50005292892
2.58217597008
2.5274720192
2.49585986137
2.51517391205
2.45924305916
2.50406503677
2.62181997299
3.25108289719
2.65984392166
3.06748390198
2.54986405373
2.60271716118
2.50595903397
2.39727401733
2.41831612587
2.47183203697
2.39024782181
2.34338092804
2.36640810966
2.37586808205
2.44234704971
2.4204928875
2.43167591095
2.4343650341
2.5057618618
2.37799596786
2.42369318008
2.56350207329
2.4710111618
2.38570189476
2.68352508545
2.33598613739
2.33757805824
2.37325286865
2.4178609848
2.45567584038
2.38944005966
2.39477992058
2.52188396454
2.39896416664
2.40631484985
2.6768860817
2.54401087761
2.6057240963
2.65000700951
2.55356001854
2.41712498665
2.49794101715
2.37800502777
2.4831328392
2.76139807701
2.47321915627
2.3516740799
2.38236904144
2.51678204536
2.37619400024
2.38269686699
2.47257208824
2.44567108154
2.3926820755
2.41023612022
2.48098397255
2.36311888695
2.39062190056
2.48936605453
2.53264403343
2.50669813156
2.64701509476
2.48736977577
2.52430605888
2.37750101089
2.43475389481
2.49560785294
2.38645100594
2.61379408836
2.42735600471
2.441147089
2.43950295448
2.36971688271
2.38202190399
2.39589285851
2.63630700111
2.75197887421
2.38296294212
2.47843003273
2.45959496498
2.38037610054
2.45749998093
2.39052581787
2.40970516205
2.44149112701
2.51468205452
2.53324484825
2.4282720089
2.39188194275
2.49333310127
2.43020701408
2.43449401855
2.42685985565
2.49388504028
2.44056105614
2.40935897827
2.39262700081
2.44598698616
2.47152614594
2.37168097496
2.42748093605
2.46920681
2.56710982323
2.39196681976
2.45268821716
2.44644808769
2.39017796516
2.3948969841
2.48923707008
2.42249488831
2.38165211678
2.4484629631
2.44171881676
2.36726617813
2.38344883919
2.41584777832
2.3892018795
2.74803090096
2.40865302086
2.37878990173
2.36390590668
2.43050312996
2.66033005714
2.3356590271
2.34712386131
2.44691514969
2.49044895172
2.35060691833
2.39233088493
2.51281499863
2.63646197319
2.54616594315
2.47063112259
2.37282896042
2.42308998108
2.53897094727
2.36166000366
2.40069890022
2.46789503098
2.38182401657
2.40677309036
2.47318291664
2.36562490463
2.33558702469
2.33049893379
2.42614912987
2.47529888153
2.50405287743
2.56842112541
2.39149212837
2.35763716698
2.37746977806
2.45658993721
2.36984801292
2.37447285652
2.3940820694
2.33970308304
2.36210989952
2.36336183548
2.39358592033
2.35403800011
2.39307904243
2.45977306366
2.37783408165
2.41017794609
2.40854215622
2.35850977898
2.38584685326
2.35452795029
2.35606122017
2.38113999367
2.52636098862
2.43997097015
2.41148400307
2.36020088196
2.43046212196
2.41869497299
2.3787457943
2.46230602264
2.40891098976
2.40768003464
2.41252803802
2.38155889511
2.40172100067
2.36042499542
2.36514592171
2.35766291618
2.34228420258
2.35602688789
2.39803004265
2.3315808773
2.36480998993
2.40060901642
2.47000718117
2.40851902962
2.47322392464
2.35976314545
2.37932014465
2.4004368782
2.45311903954
2.37517309189
2.41145205498
2.38979101181
2.90329813957
2.47044801712
2.56348800659
2.41779518127
2.42463707924
2.48959302902
2.48165202141
2.44378685951
2.45411396027
2.33830499649
2.39874196053
2.37881302834
2.4401679039
2.48203396797
2.43007278442
2.42410802841
2.43603992462
2.39837384224
2.42782497406
2.37428307533
2.38989591599
2.5381000042
2.37314510345
2.38032889366
2.5061841011
2.47411394119
2.57176709175
2.47035694122
2.40495109558
2.37921094894
2.39996790886
2.34487318993
2.3733959198
2.52130913734
2.89517402649
2.49373197556
2.5173060894
2.37233710289
2.39414811134
2.42419505119
2.38913798332
2.72831702232
2.45651817322
2.49169707298
2.48782300949
2.84981298447
2.50444102287
2.36022305489
2.47506213188
2.53106880188
2.4100561142
2.3675057888
2.3546640873
2.4822371006
2.39498186111
2.36065006256
2.38707995415
2.52837395668
2.36510109901
2.34481787682
2.38451099396
2.37278699875
2.3569290638
2.36650013924
2.38739013672
2.58532905579
2.43161988258
2.43981981277
2.40132188797
2.40132594109
2.3915719986
2.39610004425
2.40428113937
2.46758413315
2.39283585548
2.46226406097
2.37416100502
2.37217211723
2.35595321655
2.33570098877
2.35045099258
2.59784698486
2.56621718407
2.50899481773
2.40606403351
2.60808706284
2.37655210495
2.41569519043
2.54582309723
2.62699103355
2.4204890728
2.40894007683
2.47664999962
2.41407012939
2.38199496269
2.34764099121
2.58724784851
2.43672704697
2.3835849762
2.43130302429
2.49665212631
2.37437200546
2.40480303764
2.42347979546
2.43060898781
2.37128210068
2.41878390312
2.40069007874
2.42249703407
2.42042398453
2.42605900764
2.42639684677
2.37212085724
2.3700978756
2.68125605583
2.75947499275
2.61084699631
2.5210981369
2.69397902489
2.73310899734
2.97555589676
2.51511502266
2.40517616272
2.57442998886
2.50224590302
2.5054628849
2.35234689713
2.53885006905
2.4976439476
2.44085597992
2.41098189354
2.40299081802
2.3937330246
2.33990502357
2.36738204956
2.33402180672
2.37425398827
2.41925907135
2.37196302414
2.36017918587
2.41912508011
2.37301111221
2.36743402481
2.44414997101
2.44807004929
2.36316919327
2.43429303169
2.40749192238
2.3701069355
2.36552596092
3.29781389236
2.46142506599
2.47077512741
2.39765286446
2.36954498291
2.35669207573
2.40886092186
2.40724301338
2.3539648056
2.36225295067
2.39761590958
2.35410284996
2.35812807083
2.42422103882
2.38638615608
2.36183786392
2.38958907127
2.41415500641
2.36516213417
2.37490200996
2.38447284698
2.36610507965
2.35280489922
2.42451119423
2.50755190849
2.35049009323
2.39385819435
2.49076509476
2.35434889793
2.36229801178
2.40422606468
2.37486696243
2.35732984543
2.3947250843
2.3880200386
2.45094919205
2.39801597595
2.40029788017
2.55072808266
2.50970005989
2.45918798447
2.40778899193
2.40186595917
2.36719918251
2.44451212883
2.34028196335
2.34961009026
2.36366510391
2.46526098251
2.44873905182
2.40720891953
2.47223782539
2.35005998611
2.3977689743
2.37539386749
2.3412528038
2.37985014915
2.41043305397
2.36644506454
2.36708307266
2.39888811111
2.34673190117
2.35734701157
2.4032971859
2.38409590721
2.35093712807
2.39328408241
2.40054702759
2.35966110229
2.35860800743
2.38083815575
2.37260603905
2.43996191025
2.8421330452
2.46702504158
2.41235804558
2.43561697006
2.49803495407
2.61952519417
2.37898612022
2.38259601593
2.33879518509
2.42437005043
2.51027798653
2.55019879341
2.5955991745
2.44948792458
2.38118505478
2.50358009338
2.33800721169
2.38340401649
2.44294285774
2.40211987495
2.53096294403
2.41036295891
2.5392229557
2.68876194954
2.44063997269
2.39594984055
2.36939001083
2.43642997742
2.51481580734
2.40588593483
2.46223902702
2.44287014008
2.41851997375
2.47596788406
2.34246921539
2.36917710304
2.43201708794
2.35606503487
2.40239906311
2.42940497398
2.38207197189
2.37224888802
2.38925099373
2.36661887169
2.4443359375
2.50565600395
2.47716093063
2.50107002258
2.45550298691
2.43479990959
2.36375403404
2.41003394127
2.43291115761
2.35391712189
2.36954092979
2.58625602722
2.48456215858
2.45413994789
2.46537899971
2.64768600464
2.4165391922
2.37447690964
2.49404406548
2.36318492889
2.35689401627
2.40768194199
2.37890315056
2.44737887383
2.39955210686
2.4056289196
2.35785889626
2.44094204903
2.3323199749
2.3503780365
2.3616528511
2.3272151947
2.38125085831
2.34155488014
2.4466240406
2.46407413483
2.50075793266
2.39402794838
2.3641269207
2.40021204948
2.47271895409
2.62497115135
2.53065299988
2.44112205505
2.37708711624
2.48155593872
2.43084096909
2.39827394485
2.36890888214
2.47077012062
2.34868788719
2.38058614731
2.44037914276
2.54912996292
2.46152091026
2.44848108292
2.39206314087
2.37222099304
2.4063410759
2.32829999924
2.3577568531
2.43802404404
2.39663791656
2.43659996986
2.5986328125
2.41754889488
2.41837310791
2.39793300629
2.40556716919
2.53179001808
2.36038208008
2.39306211472
2.49534893036
2.58116006851
2.48514199257
2.43379402161
2.41493296623
2.37676095963
2.37516593933
2.41818118095
2.37532520294
2.36733102798
2.43044805527
2.43969798088
2.36085510254
2.40253806114
2.41022896767
2.39621806145
2.35915088654
2.41222500801
2.49364805222
2.4842748642
2.42291498184
2.49237203598
2.50300908089
2.71814894676
2.37594008446
2.53282403946
2.60589003563
2.57555794716
2.50324201584
2.99863791466
2.48977208138
2.41665482521
2.43351697922
2.55500102043
2.57591295242
2.5715379715
2.53191113472
2.85587787628
2.45353102684
2.41279792786
2.43999505043
2.44226408005
3.920181036
2.79043102264
2.65795087814
2.607681036
2.45901489258
2.58182382584
2.40416407585
2.45866394043
2.45700311661
2.56964993477
3.15361499786
2.49718213081
2.46658110619
2.60020303726
2.49976682663
2.45289897919
2.4798951149
2.62173295021
2.4904499054
2.45990300179
2.50985097885
2.56802392006
2.45608115196
2.50824213028
2.61467909813
2.49559688568
2.52171587944
2.53669404984
2.69718003273
2.81810498238
2.562458992
2.53251600266
2.54037189484
2.64365696907
2.46083283424
2.48051095009
3.0796649456
2.62938094139
2.57863903046
2.56270384789
2.83307695389
2.76737904549
2.6097509861
2.54835295677
2.51228094101
2.4953289032
2.53542900085
3.65063405037
3.04640817642
2.44511890411
2.49875307083
2.62099885941
3.02976107597
2.55582594872
2.57446908951
2.75911688805
2.45184111595
2.465061903
2.66646289825
2.46966004372
2.4620218277
2.52214789391
2.51550793648
2.46520996094
2.51144695282
2.50188994408
2.45784115791
2.51902699471
2.55419802666
2.44530701637
2.52884817123
2.67381620407
2.4995059967
2.64714884758
2.70099616051
2.7815451622
2.79088187218
2.57953715324
2.60930800438
2.5749669075
2.74169802666
2.80667901039
2.50800704956
2.48831391335
2.7728998661
2.60149884224
2.80634999275
2.90883398056
2.72329902649
2.69863605499
2.57852506638
2.45882797241
2.8452000618
2.62608003616
2.6142270565
2.68035387993
2.57397007942
2.53569602966
2.52571415901
2.4890100956
2.6910200119
2.51798295975
2.47694301605
2.6010119915
2.5157520771
2.54602408409
2.53866195679
6.58500599861
6.29884409904
5.77656698227
5.87175416946
6.01823306084
7.17218112946
6.37020397186
6.71692800522
6.72587990761
6.20351099968
6.381731987
5.32673597336
6.10380601883
5.79943299294
6.25809597969
6.75874400139
6.29436206818
5.4426510334
5.49131608009
5.7407450676
7.16702389717
5.47505903244
6.2130959034
5.55496501923
6.00258708
5.58411622047
6.2420668602
7.20106101036
6.07575821877
6.18686199188
5.57288312912
6.43746399879
5.80871701241
6.98402118683
6.54704904556
5.91623687744
6.50357699394
5.56339097023
6.14664506912
6.60800099373
6.28189206123
5.80262994766
6.6465420723
5.88696718216
5.79574513435
6.20781803131
6.88489603996
6.39438295364
5.81754612923
5.71731996536
7.15032720566
5.4320909977
5.89046001434
6.08755493164
5.94335985184
5.63179898262
6.62842512131
6.13556408882
5.96361899376
5.21908688545
5.7080180645
5.55201411247
6.23532390594
6.52964615822
5.31800293922
6.62638688087
5.4096288681
6.29137706757
5.37571501732
7.11225104332
6.46798682213
4.75220108032
5.73767113686
6.16789603233
6.00605797768
6.64474797249
6.38771414757
5.80221390724
6.28858399391
6.10295200348
6.07969307899
6.2021818161
5.47699999809
6.14631390572
6.43352890015
5.73569703102
6.01799106598
6.63470506668
5.25570297241
6.64118909836
7.0328130722
5.94020700455
6.5327539444
7.06145191193
6.55208492279
6.67367005348
6.17914199829
5.49407505989
6.38626790047
6.1757979393
6.83787298203
6.26894593239
5.79016399384
5.84631299973
5.44596099854
6.20367193222
5.68086409569
6.03560900688
6.49156308174
5.25089406967
5.92530012131
6.83846306801
6.0066549778
5.83968782425
6.00697493553
6.47959208488
6.44009399414
6.9664068222
6.43573188782
5.77516913414
7.55600309372
5.94956803322
5.50646090508
6.10379481316
5.95268011093
6.13843011856
5.81739115715
6.08124089241
6.27545499802
5.43856191635
6.0300719738
5.9668211937
5.31068515778
5.20329499245
5.22539114952
6.08851790428
7.09715008736
5.46928310394
5.9898109436
5.73494291306
5.80224013329
5.80535697937
5.19263410568
6.33464097977
6.20754408836
5.59219694138
5.75507116318
5.82797217369
5.23780894279
5.56007790565
5.78981399536
6.12430500984
6.01064300537
6.39128494263
5.89702296257
6.15601587296
6.22808790207
5.10004091263
4.6229300499
6.77689099312
6.32326102257
5.53719902039
5.43042707443
6.41080904007
5.47638893127
5.94208598137
7.12874698639
6.1862859726
6.93812298775
6.47243499756
6.00242304802
6.57336711884
6.20764780045
6.39630889893
6.24377703667
6.18448805809
6.05801415443
6.60377597809
6.27543187141
5.21570491791
6.75792503357
5.60520601273
6.46729516983
5.98015594482
6.29887986183
6.52346110344
6.26915407181
6.11773300171
6.79476189613
6.47947692871
6.34086298943
6.59619617462
6.3229432106
6.6850771904
5.85297012329
6.40448904037
6.12578201294
6.0015938282
6.03559398651
6.11222100258
5.43635392189
6.20640301704
5.73634386063
6.31381416321
6.17460799217
5.86308193207
5.94223189354
5.93480396271
5.23816394806
5.57587313652
7.14233613014
6.29831695557
7.09267807007
6.59328818321
5.73912787437
6.89393210411
7.29770207405
6.91103100777
6.07386493683
6.27903103828
6.9213540554
6.06908392906
6.38247704506
6.18480300903
6.21211719513
5.56934499741
4.98420095444
5.76254010201
6.78139710426
6.48526406288
6.14343714714
6.66040420532
4.68820309639
6.34345412254
6.32123684883
5.87782812119
5.56395506859
5.48583602905
6.7049510479
5.33691692352
5.74962902069
6.03135299683
7.74413204193
5.60288000107
5.71700596809
5.88040423393
5.67473006248
6.13390898705
6.76273608208
5.45047497749
5.73711180687
5.56574702263
7.19683885574
7.26433110237
5.49119305611
6.03638410568
6.7916469574
6.01722693443
5.90965485573
6.36297798157
5.16316413879
6.57851886749
5.93455219269
5.38009095192
5.73683214188
5.15919709206
5.19986605644
6.07168412209
5.71151089668
5.80818605423
5.596971035
5.58000898361
6.9455280304
5.84039592743
6.35032892227
5.94013500214
6.10240912437
5.7344121933
6.44742798805
5.61272406578
5.70398211479
5.78984093666
6.13407087326
6.73428797722
6.48155522346
6.36346697807
5.665184021
6.30590510368
6.46746683121
6.52342605591
5.76657509804
6.16328811646
7.20450687408
7.31310319901
5.63168406487
6.11970686913
6.54650115967
5.6510720253
5.26814603806
6.47737884521
5.9791021347
6.85516786575
5.89199399948
7.03690695763
5.9055249691
5.84495902061
5.78355002403
5.52194809914
6.38937687874
5.26050186157
6.61506700516
5.23124599457
6.41502118111
5.2333240509
5.74933290482
5.83801317215
5.41876578331
6.69173002243
5.97196507454
6.8312702179
5.42374396324
6.12862014771
5.72991204262
5.27600193024
4.55922198296
5.05237698555
4.50015997887
5.92150115967
5.93320178986
5.70136904716
6.74116492271
6.1510322094
5.6487660408
6.01700592041
6.28999996185
6.70830607414
5.75319910049
7.50551104546
6.50352716446
5.75621986389
5.99818897247
6.37003517151
5.41628503799
6.07856297493
4.97970700264
5.92927789688
5.46647691727
5.43959903717
5.08691716194
4.99042201042
5.57158684731
5.08310604095
5.40492105484
6.67880797386
5.75096511841
5.9158821106
6.38570094109
5.33014917374
5.52057123184
6.75088596344
6.29061198235
5.20196294785
4.96235013008
6.03715991974
5.35161089897
5.48629403114
5.33711290359
5.40877509117
6.28254413605
5.15102815628
5.01639008522
5.16768693924
6.1098511219
5.53875899315
5.8138449192
5.70709490776
5.50130701065
5.78030085564
5.11036396027
5.74522900581
5.6166639328
6.34073495865
5.30682492256
5.37233090401
5.21473407745
6.19267916679
5.48206400871
5.93487405777
5.10302209854
5.99457287788
5.86359810829
5.91981482506
6.49865889549
6.40484595299
6.03166913986
4.98924398422
4.75858402252
4.6546061039
5.2498819828
5.2934679985
4.97272205353
6.74055814743
5.59101390839
4.90009903908
5.36300992966
4.8869137764
6.09013199806
6.44490003586
6.29698514938
5.31422710419
5.8153591156
5.52582597733
5.44937396049
5.97565293312
6.35939717293
5.68494677544
5.81971597672
5.28923892975
5.80942392349
5.61549711227
5.22922515869
5.25929403305
5.87595415115
5.08841991425
5.67062211037
5.59606790543
5.53918409348
6.47609996796
6.07549500465
5.10061407089
6.28677511215
5.20402908325
6.46027088165
5.01883387566
4.56404995918
6.49493384361
4.77240514755
5.96233081818
6.92472219467
7.17067193985
5.97884202003
6.1379840374
5.86185598373
6.25280404091
5.21780204773
6.32362103462
5.81008291245
5.95473384857
5.86056995392
5.87908387184
5.70845413208
5.6683139801
6.60217404366
6.45431089401
5.03381991386
5.0913670063
6.22484898567
5.70553088188
5.64569211006
5.85383796692
5.13182711601
4.67306494713
6.37833404541
5.22559809685
6.10161304474
7.48128795624
5.44249796867
6.86312198639
5.97169995308
6.49318408966
5.93534302711
5.89382195473
6.35715508461
5.70796704292
6.01031899452
5.80293917656
5.61574912071
5.75404500961
5.29148101807
5.90648889542
5.41665101051
5.08861517906
6.07195496559
6.39963293076
5.64975595474
5.73243284225
4.97825980186
7.28419184685
5.87911200523
5.42234301567
5.38782691956
5.85182094574
5.13373994827
6.60170388222
5.78927111626
5.84175801277
5.01941299438
5.74618697166
6.5669400692
5.49777793884
5.758644104
5.87036585808
5.3785879612
5.80778408051
7.44198298454
5.10327386856
5.79192090034
5.53241014481
6.20502901077
5.60478115082
5.48063492775
6.31891489029
5.60354590416
4.87621212006
5.97521305084
5.53634500504
6.61323285103
5.11100697517
6.3805000782
4.69900798798
6.45773887634
5.77395486832
5.34657216072
5.07492589951
6.27428913116
6.77926802635
5.18909406662
5.19179797173
6.39843797684
4.87842822075
6.48900508881
5.72988796234
4.75556898117
5.58584094048
6.46576404572
5.36765599251
5.42784404755
5.41474604607
6.27483391762
5.55432796478
5.13824510574
4.84569692612
4.66869211197
4.31080794334
5.70179104805
5.60290384293
4.49271607399
4.82721304893
5.34920811653
5.23386502266
6.28434705734
4.57817292213
5.78403496742
5.00747418404
5.025578022
4.8095228672
5.74768590927
4.50204992294
4.73172497749
4.13961791992
5.81249904633
5.69602513313
5.09493398666
4.9687359333
4.70602989197
6.89816021919
5.78523302078
5.59032797813
4.97881197929
4.50933909416
5.56343698502
4.60037207603
4.65378713608
5.71452498436
4.73132181168
5.69967103004
4.80474185944
5.45408415794
4.61706805229
4.54923200607
4.44129896164
7.10944390297
5.71939587593
7.58976912498
5.8920071125
4.82975888252
5.80469107628
4.97503519058
5.82685709
4.94215917587
5.15485811234
5.75590419769
5.41029787064
6.13813018799
4.887114048
5.15272593498
6.17286014557
5.6970000267
5.27682304382
6.18410587311
6.64850401878
4.93564295769
4.51194381714
5.34791707993
5.81140708923
4.6920800209
5.61156916618
4.78277397156
4.70078706741
5.55530595779
5.82539892197
4.83952212334
5.23926186562
5.00954389572
7.12103700638
5.88063812256
5.34668397903
6.01285791397
5.76118516922
5.5099811554
5.46587204933
5.73104310036
4.61660599709
4.54058909416
4.54571413994
5.50405478477
4.83819484711
5.2298579216
5.46567082405
5.5736489296
5.05206489563
4.45302009583
6.1311981678
5.90701317787
5.41720604897
5.02180814743
4.83821797371
4.67242407799
4.68323588371
4.64865803719
5.61705899239
5.49461388588
6.23971819878
6.21655702591
4.95000004768
5.04856204987
5.08969807625
5.33760595322
5.46682620049
5.03182291985
6.85961890221
5.48866200447
4.82160115242
5.41661095619
5.59168696404
6.38787698746
6.13312315941
5.29916596413
4.50800085068
5.02820897102
5.03556394577
6.2367401123
5.29214906693
5.7862329483
5.07205510139
5.96818518639
6.477602005
6.64341402054
5.57670593262
6.18040418625
6.13297915459
5.76405310631
4.8183259964
6.16890215874
5.66505098343
5.31209111214
4.75538897514
5.20660591125
5.0118560791
6.18471813202
5.00841188431
4.76592898369
5.61454796791
4.78159785271
4.61215209961
6.05868291855
4.97818088531
4.57963418961
5.10033798218
5.77161216736
4.95636582375
6.22441887856
5.63229584694
4.71289110184
5.76224112511
4.40335702896
6.39164996147
5.83999800682
4.88457798958
5.8373799324
6.37115311623
5.09208297729
5.01641702652
5.56011915207
5.38756489754
5.58457684517
5.68314790726
5.21465086937
5.38719391823
5.11060905457
4.65429592133
5.51803183556
5.45347499847
5.01398301125
4.73598980904
4.80069208145
5.62250494957
5.77982807159
5.18013501167
5.3288230896
6.16514205933
5.38872313499
6.3425412178
6.06597590446
5.33031105995
5.26476812363
4.49182200432
4.98594307899
5.35247802734
5.84319496155
6.44769287109
4.98496103287
5.33842802048
5.28822684288
6.66602993011
5.55952000618
4.90942406654
4.85955905914
5.225055933
5.04309010506
5.77338314056
5.21655201912
6.45023393631
5.40906214714
5.49498391151
6.58737802505
4.43495297432
4.55764293671
4.89860701561
7.0111579895
6.15155816078
6.39531493187
5.46380901337
5.92354106903
4.99157905579
5.44486999512
4.61960601807
5.2351360321
5.12889790535
5.11381196976
5.66171383858
6.0001449585
7.21411299706
5.78153800964
5.45220088959
5.86004400253
4.84557104111
6.0243639946
5.15729689598
6.52102398872
5.88848805428
4.96672177315
4.80199098587
5.77523517609
5.83245301247
5.90967202187
5.46536302567
4.35406804085
6.55821800232
5.6794359684
4.66957712173
4.58337497711
5.23509383202
5.11242103577
5.0715379715
5.27065896988
5.76002907753
6.43226885796
5.92663788795
6.23624587059
6.42850589752
4.51572299004
5.81532096863
5.2593729496
5.38034415245
5.28543901443
5.23523592949
4.95521688461
5.8609919548
4.75059199333
4.51808404922
5.56578016281
5.38610696793
5.2494559288
4.60273194313
4.89994382858
6.14250993729
4.49338197708
5.47997403145
5.9537820816
5.01857113838
4.79208493233
4.88630080223
4.79882001877
5.35869717598
5.42382693291
5.72255897522
4.96664595604
5.64808511734
4.5416469574
4.48185515404
5.79358410835
4.87446689606
4.94687986374
4.42375707626
5.50224399567
5.60864591599
5.02609181404
5.66253018379
5.49532699585
5.55525493622
5.01973605156
4.66100096703
5.19846105576
5.6902179718
4.89749097824
5.09458494186
4.81704187393
5.18929696083
6.28220009804
5.00442814827
5.09413218498
4.85822987556
5.12126684189
4.75033783913
5.09201097488
6.32286810875
5.7014439106
4.73691511154
5.26484799385
4.66662788391
4.93095898628
4.65091180801
4.90722417831
4.82724094391
5.6253118515
4.71926498413
5.46237587929
5.53689098358
6.5550699234
4.81905007362
6.76244401932
5.71087408066
4.65931797028
6.25085806847
5.36256098747
5.1450138092
5.35609388351
5.10338187218
4.71689915657
5.62549090385
4.83926391602
5.27554178238
6.54013180733
5.00900697708
5.81053614616
6.21537399292
5.51971101761
6.11798501015
5.17048001289
5.75097107887
4.79489183426
4.47644996643
4.58095192909
4.61610603333
6.89293885231
5.16990399361
4.53137016296
4.59510087967
4.73522901535
4.52062296867
4.66707611084
4.70575213432
6.42663216591
5.92918395996
4.80018401146
4.75288295746
4.55183601379
6.22259902954
5.65445113182
4.76443314552
4.54928302765
4.80575919151
4.32510709763
5.42365789413
5.30614495277
4.35151386261
5.58461499214
4.68640089035
6.33087706566
5.73383498192
4.8419880867
5.7985458374
4.87641191483
5.32798886299
6.39215898514
6.24681091309
5.62717199326
6.62136912346
6.6395919323
4.62530303001
5.30685210228
5.22894883156
4.65736413002
4.36263203621
4.93309903145
7.22730994225
4.42953395844
6.40847611427
5.25834202766
4.75481200218
5.19221806526
5.18468809128
4.40943002701
6.6183218956
4.55891895294
5.17776703835
4.54608201981
6.27866196632
4.69964194298
4.49301099777
4.34143900871
6.36373996735
5.74190402031
5.05262994766
4.96356296539
5.44144201279
6.3741350174
5.84513092041
6.41541004181
5.71575903893
5.07958197594
5.52392101288
5.71806406975
4.69517016411
4.76213622093
5.15028309822
5.2060520649
7.04193711281
6.07324886322
4.5262260437
4.49278402328
4.98617196083
6.77763605118
5.891051054
4.83787608147
5.28599500656
6.16363191605
5.02254986763
5.84567093849
6.42536401749
5.01588892937
4.66664385796
5.40568590164
5.25830006599
5.40449500084
5.18160104752
4.83906698227
5.54848003387
4.87985420227
5.67579007149
4.70724391937
6.82365107536
5.9034538269
5.16777086258
5.1203250885
6.8561398983
4.94685816765
5.29807782173
4.98022794724
5.53232288361
5.4500951767
5.52199316025
5.237169981
4.33171606064
5.5532720089
4.3597779274
4.99098014832
5.30847716331
5.26137495041
