4.65889906883
3.83607411385
3.99186396599
3.9825360775
4.38857603073
4.20020699501
4.30227518082
5.48585391045
4.76320195198
3.71266913414
3.95719313622
4.04360413551
3.66014504433
4.11390304565
4.59679102898
3.75710487366
5.1776008606
4.4015109539
3.88633704185
4.99013090134
5.78347921371
5.63197898865
4.4249958992
5.8067009449
4.82406806946
5.50913405418
5.32415890694
4.27407288551
3.47991704941
3.94281601906
3.60971498489
3.77871799469
3.96693301201
3.70739102364
3.81057620049
3.63364195824
3.73670697212
3.81068396568
3.76674604416
3.94340920448
3.66821980476
3.93306994438
3.57585906982
3.83667612076
3.92268395424
3.74689292908
3.63186717033
3.7987241745
3.76872396469
3.74206089973
3.83068203926
3.69756698608
3.79398012161
3.79176807404
3.68279004097
3.68601703644
3.72386002541
3.63348603249
4.03129696846
3.74873995781
3.73548984528
3.69978404045
3.71689605713
3.87444901466
3.74307394028
3.63581991196
3.69058489799
3.91924881935
3.67648887634
3.67286396027
3.6456990242
3.76644015312
4.55308508873
3.88540196419
4.4940071106
3.66266298294
3.85693717003
3.64972496033
3.76566410065
3.64094996452
4.01395082474
3.60597300529
3.72170805931
3.62769913673
4.00475096703
4.20119595528
3.81244087219
4.86866307259
5.07236814499
4.42329001427
4.97738695145
4.07076597214
5.70909404755
4.25441408157
5.95600008965
5.62544894218
3.69112682343
3.94914698601
3.88227415085
3.77238607407
4.45838713646
3.71077799797
3.62567710876
3.87574291229
3.66166591644
3.71362709999
3.66500210762
3.63760304451
3.95425486565
3.72623085976
3.66447901726
4.52713012695
3.91921496391
3.83753013611
3.89136791229
5.33114004135
3.78261113167
3.67441487312
3.65109705925
4.0966489315
3.67835617065
3.61834216118
3.71805095673
3.72689890862
4.02369308472
3.9812810421
4.2479121685
3.53820586205
3.57980394363
3.96924114227
3.65373396873
3.91955304146
3.70112895966
3.55766415596
3.94384098053
4.00972485542
3.93894410133
4.09132099152
4.3167591095
3.87411999702
3.65063786507
3.52883696556
3.71557807922
3.52938389778
3.5665910244
3.63697504997
3.86425018311
3.70577597618
3.62133002281
3.72345900536
3.73251605034
3.59629297256
3.6655819416
3.62987518311
4.06970000267
3.64606904984
3.64260911942
3.70927906036
3.48938393593
3.6945939064
3.92515897751
3.79045820236
3.68906211853
3.75042104721
3.68503093719
3.61640787125
3.69769191742
3.82066297531
3.70606303215
3.77321004868
4.21350097656
3.78425884247
3.76169490814
3.68079710007
3.76618599892
3.84210014343
3.82004904747
3.62951588631
3.93932390213
3.98907804489
3.87027096748
3.73825287819
3.76447200775
3.87606811523
3.69643115997
3.65679502487
3.58145189285
4.28209710121
3.73440504074
3.80084991455
3.87921905518
3.6823348999
3.66301298141
3.7178940773
3.64658999443
3.97125387192
3.69944000244
3.60507798195
3.69700098038
4.35396885872
3.79475498199
3.69049811363
3.60016393661
3.66479301453
4.05694293976
3.58235502243
3.79351305962
3.51696300507
3.55385684967
3.4299030304
3.56212997437
3.80074095726
3.66963791847
3.60211610794
3.52286791801
3.51479196548
3.49687290192
3.48860096931
3.57233405113
3.75586509705
3.87790799141
3.56019902229
3.4834830761
3.69127702713
3.51358008385
3.59383511543
3.7048060894
3.73653316498
3.64258289337
3.69990205765
3.40360403061
3.5216050148
3.46619701385
3.76788306236
3.49510598183
3.52067518234
3.49869680405
3.4961669445
3.52906298637
3.65239787102
3.49820303917
3.71750402451
3.56479096413
3.45447397232
3.71802687645
3.5846118927
3.70559716225
4.38378310204
3.76005792618
3.670170784
3.77205109596
3.67887210846
3.72313308716
3.69770693779
3.89989995956
3.64497113228
3.94505596161
3.69571089745
3.66596293449
3.64628505707
3.79136490822
3.79843902588
3.96355319023
6.17065882683
6.05069088936
4.62121605873
4.73822212219
4.28075909615
4.66545414925
3.88721609116
4.41960906982
4.32249188423
4.24878621101
4.11205792427
5.38315796852
6.15983891487
4.22400999069
4.90663504601
6.19815087318
4.93595504761
4.64632916451
4.84592700005
4.71728491783
4.63762688637
4.33129191399
3.88946390152
4.08492898941
5.60441994667
6.23943209648
5.02959394455
4.09832882881
5.9672460556
5.95809102058
6.32703590393
5.49750614166
5.93396496773
6.56197190285
6.73106598854
6.21501493454
6.36870288849
6.13903093338
6.25945687294
6.28596997261
6.1625521183
6.86939001083
6.15601801872
6.36484193802
6.25458312035
6.15745306015
6.43398404121
6.54996395111
6.28601002693
6.30280804634
6.15283918381
7.08318805695
6.09432911873
6.29705309868
6.12424993515
6.85542702675
6.20574402809
6.28508806229
6.32368588448
6.21657800674
6.95914387703
7.19424104691
6.3540148735
6.42565393448
6.56902694702
6.69480204582
6.28018498421
6.22234487534
6.26185512543
6.40901398659
6.51781392097
6.46471714973
6.23800301552
6.46030402184
6.51445102692
6.14241099358
6.29672694206
6.30781316757
6.27183794975
6.28723311424
6.52721786499
6.49250102043
6.36590099335
6.28369617462
6.34466505051
6.64402294159
6.19245815277
6.80918502808
6.40305709839
6.31645202637
6.29351305962
6.74893307686
7.37272310257
6.53198814392
6.61678600311
6.66957688332
6.57219099998
6.32356786728
6.5968849659
6.24470210075
6.35060310364
6.31671094894
6.33630800247
6.59907484055
6.27586293221
6.36506295204
6.23973989487
6.20598101616
6.64194488525
6.77364683151
6.59810495377
6.38610386848
6.62191414833
6.3035337925
7.02957701683
7.28080105782
6.52851104736
7.45524907112
9.80739498138
7.7810549736
8.90108799934
8.00938391685
10.0255088806
8.79527902603
8.88153505325
10.7563459873
9.538367033
9.49264097214
10.4658060074
9.93537998199
8.72206997871
8.41736698151
9.03473210335
10.6375968456
10.5055091381
9.58324503899
10.8776781559
8.88025784492
10.1757252216
9.79994702339
11.0366938114
9.842648983
10.6740660667
10.0654928684
10.5628659725
9.2887840271
9.88976192474
9.72673583031
10.5494410992
10.1263840199
10.471378088
11.0100839138
8.83816218376
9.25568795204
11.2217729092
9.22057008743
10.4938111305
10.7108829021
10.6412601471
10.2906451225
9.55055308342
10.9811310768
9.33610415459
9.23296117783
10.3185081482
9.67057585716
10.0323441029
10.2987670898
11.2605388165
10.7026889324
11.0799629688
9.96933317184
9.78313302994
10.1760859489
10.0730121136
10.1184370518
10.5789279938
9.86091899872
10.9340488911
9.21020913124
10.8692560196
9.88414311409
11.0353219509
9.36037802696
9.73595690727
8.7494468689
9.78485798836
11.2110929489
9.12847399712
9.9539270401
10.5961949825
9.33547186852
9.64945888519
10.2688109875
9.47368407249
10.1897680759
9.6814520359
8.99114990234
9.06579613686
9.87857890129
9.26971197128
10.050855875
11.6132590771
10.2060780525
9.91718888283
9.84113097191
11.863022089
9.9645819664
9.41496801376
9.52931714058
9.92535614967
8.73065400124
10.4924690723
8.62794685364
10.0704460144
9.73436307907
9.33062887192
10.274034977
8.88446116447
10.7471370697
10.3882169724
9.20951604843
9.82925009727
8.72894906998
9.61656689644
10.5174329281
9.32811903954
10.3717260361
10.7994987965
9.30915093422
9.4308860302
8.74956512451
11.9078879356
9.3766348362
10.5120518208
9.54759502411
9.59222102165
9.54432916641
9.99113607407
10.3487999439
10.2870049477
9.65605401993
10.0984430313
10.7314081192
10.5355918407
9.04452896118
11.1709909439
10.2461559772
9.1550860405
11.9836189747
10.6435880661
9.30594301224
9.08257293701
9.58045101166
10.8170771599
10.8548309803
10.7352509499
9.19090509415
11.0191750526
9.17721700668
8.6865041256
10.7600181103
10.8005890846
9.19604206085
9.93727397919
10.1126289368
9.57442998886
10.8014469147
9.45100593567
8.5488550663
11.6410419941
9.67330884933
9.3941988945
10.0140731335
11.115883112
11.3213598728
10.2840790749
11.9680321217
10.4030659199
9.29323387146
10.3443040848
9.41387200356
9.37892889977
10.0405249596
8.47404098511
11.68460989
10.5882000923
8.52309417725
9.46484708786
8.88609099388
9.14610290527
10.2182309628
9.33202791214
10.8001470566
9.94704985619
11.0638730526
9.93012905121
9.92381215096
10.9177839756
11.4525811672
9.10133695602
8.71462702751
10.1060678959
8.99443387985
10.2674469948
9.94091701508
10.2311618328
8.97631406784
8.62803578377
9.14049887657
11.6927089691
8.02593278885
8.4162209034
8.74695491791
9.32354688644
8.80216002464
8.75506401062
9.60057806969
8.55098295212
10.2273321152
9.89034199715
10.0226979256
9.46713805199
9.84510302544
9.07252502441
8.65900397301
8.68640995026
8.65040612221
9.86025309563
9.15620613098
9.33897709846
8.34387588501
9.12546014786
9.32270622253
9.75190997124
9.96369099617
9.69984507561
9.67217683792
10.3607678413
9.40082001686
8.82236599922
9.33433890343
8.62536692619
9.45910716057
9.12041401863
10.2916719913
8.85441803932
7.65766191483
9.52653408051
8.55102109909
10.1427359581
8.1590461731
9.70665001869
10.2420010567
11.7060270309
8.59187889099
9.64906597137
9.72552204132
8.62532997131
8.89020895958
8.97900009155
8.787555933
8.44686603546
9.7187371254
11.1147711277
8.22231817245
8.85694503784
9.37107491493
9.49138402939
10.9215760231
10.266726017
8.83916211128
8.90329909325
10.3310959339
10.5433051586
8.96967792511
9.91449403763
9.53971600533
7.9552359581
9.45040392876
7.57232403755
8.26648712158
9.49923300743
8.8922688961
10.6859791279
8.32596087456
7.59425806999
9.21021485329
9.48978281021
8.79271483421
8.48988318443
10.3420782089
8.68421792984
9.60781621933
9.90411806107
9.30370998383
8.56351494789
11.1421229839
10.6837828159
10.5590372086
8.92767596245
8.72051477432
9.32976102829
9.83433890343
8.48552393913
9.86358189583
8.5830180645
8.03576993942
8.05986094475
9.77201890945
8.35102105141
8.67711114883
8.10038614273
10.26532197
10.2614908218
10.0021560192
9.71991896629
9.96302199364
9.30979299545
9.06000304222
9.26168894768
9.06767702103
9.86480283737
9.10612416267
9.30012607574
8.81024217606
10.3366639614
9.82533407211
9.40067100525
7.58610796928
9.63429403305
10.181344986
8.24249100685
8.76548910141
9.90980601311
8.97424316406
11.7785060406
8.23589301109
8.16902899742
9.59468507767
9.52375102043
10.4900858402
9.01398396492
8.88079786301
10.1574909687
7.87131905556
8.09289312363
9.45612311363
8.4622130394
7.81347608566
9.32918596268
10.0409700871
9.73272299767
8.70074915886
8.04912400246
9.08954286575
9.40996217728
9.07075405121
9.42358183861
8.89146494865
8.46257305145
8.21806502342
9.9583940506
8.0885591507
8.38397097588
7.97161221504
7.47045779228
10.2948670387
10.0289838314
10.2581617832
8.27134513855
7.7718038559
9.6375041008
7.91624116898
11.9971959591
10.2242980003
8.9779009819
8.4416000843
9.85359311104
9.86625885963
9.95100903511
10.5162680149
9.38116908073
8.33298707008
7.16082811356
12.0558609962
9.32482814789
9.11016893387
9.10600018501
8.42437314987
8.03092598915
9.43995594978
9.08691096306
8.62358307838
8.66369700432
10.0403769016
8.44996213913
8.14328098297
9.01154112816
7.85744905472
8.88356685638
8.97392392159
10.5248908997
8.8260550499
9.32041311264
7.99614882469
9.75232505798
10.6314771175
7.80749607086
8.85934400558
9.13542413712
8.39672708511
8.43466615677
9.38565802574
8.34015893936
8.78106999397
8.08486199379
8.61971902847
9.78324317932
7.51098489761
9.61465096474
8.88646578789
9.24393892288
10.7602851391
11.4059798717
8.10778307915
9.80198502541
8.74871993065
8.03465294838
10.5485651493
9.53073310852
8.30097579956
10.9296967983
8.8653011322
8.89473605156
8.86171293259
9.11752486229
10.4973320961
9.66006684303
10.1085569859
9.57078814507
8.11301112175
9.74303984642
9.24376583099
8.79920911789
10.1723048687
9.47004294395
9.09101891518
10.0874547958
9.9940571785
8.4360909462
7.68552088737
7.85408210754
10.8580770493
9.65318799019
8.31920695305
8.1964058876
9.24108195305
9.34245204926
8.18674397469
9.48973417282
9.11333179474
8.68075299263
8.42601418495
8.81360793114
9.57309889793
8.31308484077
9.31598591805
9.44512987137
7.80507802963
9.19302797318
9.5313129425
9.13094997406
10.3912389278
7.76185917854
7.7498960495
8.69927096367
7.94075798988
7.84819293022
9.33636403084
9.86182904243
9.39142203331
9.86893200874
7.46426105499
8.88450098038
9.68946504593
8.66539382935
7.79326796532
9.07984685898
12.0323729515
9.87136006355
8.76424694061
9.04409480095
10.2063879967
8.0686981678
7.99661803246
8.91434216499
10.6924748421
8.64794301987
11.4124128819
9.19424319267
9.34004211426
8.59523296356
9.35965895653
9.65156006813
8.55804300308
7.92999601364
7.64764714241
8.22557711601
10.4728879929
10.0490951538
8.23776698112
7.72626399994
8.39539384842
8.70344805717
9.58053994179
8.20873999596
8.60808181763
10.0964608192
9.98731899261
10.1902740002
8.60563802719
7.60074806213
8.16714096069
8.35521602631
9.94439888
9.83072280884
8.84085488319
8.82414484024
10.1856889725
8.48829197884
8.21338486671
9.41406822205
9.57810401917
10.0775959492
9.62299180031
9.21607589722
9.73067998886
8.01418590546
8.29093003273
10.0349318981
8.71926379204
9.35802817345
9.50178313255
9.22867512703
11.6042711735
7.98615598679
9.56990695
8.7990090847
7.62913703918
8.45565104485
9.40959692001
8.6086230278
9.12556886673
8.50345301628
9.42794394493
9.15837788582
9.92602109909
9.76550412178
8.45558309555
8.61027503014
8.95015716553
8.06334114075
9.53435778618
9.72778487206
8.79610109329
9.16067790985
9.16961812973
9.1917579174
9.03243708611
8.6400270462
8.50899791718
10.3029129505
9.14951086044
8.67042303085
8.083122015
8.75807499886
9.48350191116
8.97183084488
10.6007540226
10.4486467838
7.36739802361
9.93592381477
8.65870189667
9.10201096535
8.09203004837
9.38073205948
8.99579405785
7.53063511848
9.1654188633
8.04219198227
9.71610498428
8.51333713531
9.48605513573
7.99436998367
8.61164593697
8.85061001778
7.93824386597
8.42184996605
8.70772790909
7.6520960331
10.330947876
8.85656499863
9.27112603188
8.20144605637
8.33374118805
9.52824783325
8.45097899437
8.82140398026
7.58091711998
8.67801594734
7.25187706947
9.66964912415
9.5727159977
10.5866320133
7.87831521034
8.38295602798
9.65939903259
8.87686395645
8.31696820259
9.46741509438
10.0156872272
9.66846179962
8.78161287308
8.87641811371
9.99683499336
8.62925195694
8.66567015648
9.17560195923
9.38271713257
8.46650004387
8.10432195663
7.83120894432
9.21891307831
8.19578409195
10.3015170097
10.1840059757
