10.6001110077
10.6109039783
10.5994470119
10.6010780334
10.6045861244
10.7309398651
10.6447341442
10.6384930611
10.6605710983
10.7183711529
10.6642169952
11.2202069759
11.2345340252
11.3259940147
11.0805749893
11.2998099327
11.2607750893
11.0047519207
10.6634781361
10.6507489681
11.2617669106
11.2308218479
11.1626479626
11.2340590954
11.2555279732
10.911670208
11.2621870041
11.2012569904
11.2434780598
10.69764781
10.6698582172
11.1754119396
11.2422599792
11.2341489792
10.9412519932
11.2100801468
11.2661621571
11.2958581448
11.2391419411
10.9205751419
10.7462799549
11.1544799805
10.642539978
11.0624370575
11.2798378468
11.2883610725
10.7852959633
10.6792500019
10.7118740082
10.6977059841
11.2774419785
11.292383194
11.2696709633
11.0522370338
11.2469141483
11.2671980858
11.1426041126
11.2766849995
10.6764330864
11.3134300709
11.3068070412
11.1071798801
11.0053329468
11.3041079044
11.2438459396
11.144728899
10.7053420544
11.0944368839
11.1385200024
11.2526829243
11.3108670712
11.2634518147
11.2373509407
10.6839189529
11.0805468559
10.6580069065
11.2938921452
11.2430901527
11.2292721272
11.281662941
11.3032460213
11.0527448654
11.2485070229
11.401157856
11.1853158474
11.2592160702
10.7999498844
10.6837670803
11.3131780624
11.3459379673
11.2619059086
10.8548500538
11.1989650726
11.0036661625
11.2911679745
11.1518051624
11.2827320099
11.3103630543
10.8994498253
10.7804951668
11.318133831
11.258081913
11.4005811214
11.279211998
11.2222909927
10.9381699562
10.6602869034
11.3373191357
10.8295259476
10.7125730515
10.6957919598
11.2312300205
11.290033102
11.3114919662
10.7085309029
11.261275053
11.277269125
11.3243710995
11.2949399948
11.3222520351
11.4547810555
12.5854139328
11.5955638885
11.9621589184
11.8424239159
12.1262710094
12.3040089607
12.1018738747
12.1778240204
12.2931079865
12.5146739483
11.5839190483
11.7796180248
11.9058051109
12.2061929703
11.9820320606
12.0429530144
11.8058848381
12.0687580109
12.0986831188
12.2074439526
11.8870260715
11.9598488808
12.3436760902
12.0246589184
12.1665270329
11.5715308189
12.6190340519
12.1824021339
12.422162056
11.5288939476
11.5631918907
12.2543911934
11.8462638855
11.5936620235
11.6713190079
11.7918980122
11.5116240978
12.4604480267
11.987803936
12.2550108433
12.0663018227
11.5410041809
12.1665878296
11.7264840603
11.8906669617
11.4814298153
11.7379758358
12.4540131092
12.7041931152
12.432847023
11.7489600182
12.3026239872
11.6570799351
11.5188229084
12.5208919048
12.1816551685
11.7875480652
12.076089859
11.5822100639
11.7964911461
11.6325628757
11.6302409172
12.4951119423
12.999874115
11.882997036
13.0390148163
12.6018671989
12.8846600056
11.8829250336
12.0166790485
12.3383550644
12.4995059967
11.7843108177
11.8882398605
12.208591938
12.3024418354
11.7400228977
11.6564209461
11.8353199959
12.6845479012
11.6506319046
11.7335600853
11.6227300167
12.3343999386
12.1202559471
12.0287289619
11.952673912
12.0200009346
12.6258919239
12.3698291779
12.4734609127
11.5838809013
11.9424290657
11.7076759338
12.5799160004
11.7758250237
12.6112229824
12.0048699379
12.2867920399
11.9529161453
11.4641420841
11.6359601021
12.5011591911
11.6611142159
12.1419801712
12.8716170788
11.7715148926
12.1084070206
11.6983730793
11.7205228806
11.7772741318
11.4510781765
12.2497000694
12.544107914
12.0959320068
12.5831620693
12.1015000343
11.795552969
12.0669550896
12.0913469791
11.4819419384
12.079996109
11.9286601543
11.9835040569
11.5398540497
12.2314279079
11.9789559841
12.9052832127
12.2638020515
12.3870379925
11.9515709877
13.011330843
11.5480239391
12.2220351696
12.3375959396
11.6580660343
11.4869060516
12.1405410767
11.7692790031
12.2492740154
12.0337519646
11.9810779095
12.0590469837
11.726626873
11.730661869
12.6768369675
12.2957708836
11.553789854
12.2703740597
12.3254191875
12.2071580887
11.743076086
12.605175972
11.498445034
11.7121250629
12.1697869301
11.5259969234
11.8998119831
11.3919668198
11.8872418404
11.7429709435
12.0034868717
11.7350459099
12.1055529118
11.8093719482
12.3910419941
12.8391010761
12.1542489529
12.4919521809
11.3909189701
13.0318589211
11.6152567863
11.5456011295
11.6059868336
11.4793491364
11.6764969826
12.5358939171
11.4299149513
11.5554168224
11.6296460629
11.6268839836
11.757215023
11.3024709225
11.3143470287
11.5396840572
11.3994891644
11.5115821362
11.2655618191
11.3239891529
11.2802510262
11.2657911777
11.3130950928
11.2499160767
11.3198618889
11.2157771587
11.2830238342
11.3829610348
11.3184518814
11.3157110214
11.3049359322
11.328068018
11.2654559612
11.2682681084
10.6750669479
11.1756150723
10.9434680939
10.8922569752
10.9039230347
11.3924632072
11.1547670364
10.8676791191
11.2641990185
10.8725600243
11.3038361073
11.2615351677
11.0808010101
11.2811601162
10.9061870575
11.2594540119
11.3238489628
11.2657310963
11.2843718529
11.359513998
11.2990911007
10.7478811741
11.2527048588
11.3562841415
11.2281908989
11.2695269585
11.302216053
11.3452420235
11.3754940033
11.3967440128
11.4226620197
11.3370828629
11.3168230057
11.49958992
11.3167681694
11.4894740582
11.470649004
11.3696701527
11.4309439659
11.9080491066
11.6966030598
12.2900569439
11.7239770889
11.751860857
11.6094620228
12.1048967838
12.1547651291
11.4869930744
12.8351011276
11.6625499725
11.6203069687
12.7203350067
11.7459869385
11.7154080868
11.8208999634
11.5941569805
12.0537919998
11.8838951588
11.7893140316
12.8217380047
11.8399150372
12.0526850224
11.9512028694
12.7771229744
11.9648048878
12.3098380566
11.6216449738
12.7166531086
11.7901089191
11.8746681213
11.7435181141
12.2661409378
12.3678100109
12.0301780701
11.9980428219
12.2964060307
12.3828790188
11.8645401001
12.6432759762
12.1419329643
12.3734869957
12.2508151531
11.6788358688
11.5905861855
11.7518830299
12.4223461151
12.0191419125
11.6618890762
11.831649065
11.9022059441
11.9345610142
11.907088995
11.8903989792
11.7304389477
11.5890569687
11.5922780037
11.7146258354
12.3946950436
11.782998085
12.3765511513
12.0858340263
11.7476530075
12.5446541309
12.3307380676
11.3521831036
11.6121580601
12.5248658657
12.1012070179
12.5554771423
11.6181941032
11.3768260479
11.3520791531
11.291246891
11.2786231041
11.3309059143
10.6637330055
11.01435709
11.2802021503
11.2571270466
10.658041954
10.6711118221
10.6725950241
10.6952807903
10.6633999348
10.8892529011
11.2599208355
11.3101239204
10.65715909
11.2343058586
11.2527449131
11.2858819962
11.2619819641
10.6999709606
11.3138148785
11.2523620129
11.2661721706
10.8215138912
11.0588810444
11.289083004
10.7601048946
11.0623600483
11.2351961136
11.2766568661
11.3286340237
11.2937660217
11.0558040142
10.6708009243
11.3257470131
11.2725329399
10.7718110085
10.6690809727
10.6947791576
10.735355854
10.6582741737
11.3332219124
11.3749408722
10.7554178238
10.9380669594
11.2988090515
10.9735360146
10.6697239876
11.2020540237
10.7132260799
11.266479969
11.0838901997
11.3191890717
11.2987518311
11.2539710999
11.1245110035
10.8319001198
11.2899270058
11.2524168491
10.7135260105
11.0118060112
10.6717600822
10.8943519592
11.2400631905
11.2885820866
10.6635990143
10.6572759151
11.3032801151
10.870869875
11.2710189819
10.838062048
10.9289329052
11.3186399937
11.2837119102
10.9169340134
11.2593817711
11.2686450481
11.3096158504
10.7176980972
11.3036448956
11.2689130306
10.8384859562
10.6706740856
10.7134389877
10.6902289391
10.7082848549
11.256734848
11.2188630104
10.9724559784
11.3575351238
11.2951490879
11.2589509487
11.300080061
11.0395021439
11.3081719875
10.863658905
11.1347517967
10.972012043
11.3273761272
10.8246099949
11.0162000656
10.7095541954
10.8119938374
10.8394749165
11.2800619602
10.7766060829
11.0150210857
11.1112430096
10.9770829678
10.7630970478
11.2243418694
10.7280199528
11.2630460262
11.2369320393
11.321721077
11.2568531036
11.2517108917
10.6743659973
10.6557071209
11.2489042282
11.3109838963
10.9462311268
11.0273230076
11.2990410328
11.2506020069
11.3001611233
11.2778789997
11.0849871635
10.6774301529
11.2416892052
11.2899389267
11.2534849644
11.2983129025
10.6605980396
10.6782929897
11.2889969349
11.2403531075
11.251224041
11.3010559082
11.1650118828
11.2603678703
10.9885449409
10.889496088
11.3316349983
11.3411920071
10.7302560806
11.2443740368
11.0275928974
10.9393510818
11.270113945
11.2875080109
10.6548929214
10.7854139805
10.6735727787
10.6575419903
10.6651771069
10.6336870193
11.3044650555
11.2503960133
11.2846829891
11.2923817635
10.6576061249
10.6894900799
10.6745679379
10.6609477997
11.1669409275
11.2460739613
11.2412500381
11.3037490845
11.2538411617
11.2905340195
11.2163491249
10.6574959755
10.6895110607
10.6551868916
10.6618559361
11.3044290543
11.244710207
11.2920880318
10.7682309151
11.2559781075
10.6796548367
10.6537330151
11.2613089085
11.2754049301
11.1142599583
10.6694860458
10.6826450825
11.2433509827
10.6898901463
11.251499176
11.2801809311
10.6796729565
10.6632199287
10.6622698307
10.6771800518
11.2496240139
11.298689127
10.6768519878
11.2671449184
11.3203678131
11.1039202213
10.6685888767
10.902657032
11.2122011185
11.2738690376
10.663962841
11.2635099888
10.6912250519
10.6633038521
11.2672569752
11.1427760124
11.1089110374
10.6728870869
11.3474061489
10.6790411472
10.8190591335
0.978398084641
11.1160240173
10.6559808254
10.6498939991
11.26947999
10.6510159969
11.2871770859
10.9335899353
11.2441160679
11.2888128757
11.1127679348
11.2765321732
11.2928628922
11.2571070194
11.2967708111
11.2646501064
11.2892639637
11.3091719151
11.2734911442
11.288326025
11.2494521141
11.2824649811
10.6852920055
11.4015200138
11.2463920116
11.2903950214
10.8374741077
11.2382800579
11.3090469837
11.3100690842
11.090651989
11.2783989906
11.3406300545
11.2925040722
10.6660819054
10.6932590008
10.6518378258
10.7003638744
11.1399550438
10.7641720772
11.2525639534
11.2981438637
10.6794428825
11.3204700947
11.2899429798
11.2652180195
11.1164951324
10.6406350136
11.2555451393
10.6745979786
10.6487329006
10.8833220005
10.6914408207
10.6504769325
11.2678928375
11.349364996
11.0331139565
11.2456119061
10.6835899353
10.6833758354
10.6560559273
10.6772649288
10.8416509628
11.0699088573
11.2450480461
11.1638698578
11.2715849876
11.4117760658
11.2357668877
11.3018078804
11.2373731136
11.280023098
11.2882270813
11.2508471012
11.2902150154
10.6519920826
11.2793049812
11.2933189869
11.2871568203
10.6481199265
10.6613430977
11.3129088879
10.6452929974
11.3542888165
10.9587709904
11.2838609219
11.2590379715
11.0407819748
10.9350450039
10.6567869186
10.6896209717
10.6762750149
10.6885919571
10.83685112
11.3202009201
11.2611310482
11.2669708729
11.295083046
11.2527501583
10.8900229931
11.2444889545
10.6602430344
10.6787731647
10.646905899
10.9938960075
11.1503820419
10.6800599098
10.9477159977
10.6464779377
10.6790640354
11.2643811703
11.2839479446
11.2878718376
11.2651760578
10.6724090576
11.3207988739
11.3040089607
11.2531909943
11.3003339767
11.2626550198
11.2977571487
11.2610270977
11.2641329765
11.1498980522
10.9238409996
11.25740695
11.2696650028
11.2981250286
11.3879461288
11.2508029938
11.3422529697
10.8610188961
11.2465081215
10.6534240246
10.6745798588
10.9304680824
11.4152131081
11.2444598675
11.3512530327
11.3037281036
11.3271090984
11.256166935
11.3246729374
11.252797842
11.3015429974
11.2702920437
11.2708368301
10.6718399525
11.2541460991
11.2540271282
11.0405578613
11.2486510277
11.2999579906
11.2522881031
11.2301740646
11.3769290447
11.2970330715
11.2566411495
11.2938277721
10.6584320068
10.6548798084
11.3092730045
11.251999855
11.3414211273
11.3085989952
10.814303875
11.2543959618
11.2983560562
11.1976690292
11.2984650135
10.8536012173
11.2447869778
10.6792368889
11.2643311024
10.7999281883
11.1992709637
11.2877659798
11.0898661613
11.3882269859
11.2532470226
11.3044130802
11.2440280914
11.3399889469
11.2779049873
11.2847120762
10.7356619835
10.6561748981
11.040127039
11.2895140648
11.2566740513
10.82873106
10.8636801243
11.0184848309
11.0056681633
11.2443730831
11.2916190624
10.7406849861
11.4037928581
11.246445179
11.2952561378
11.0223062038
11.2747869492
11.2433588505
10.9891219139
11.3518400192
11.3009381294
10.6700239182
11.3001909256
11.248721838
11.3533010483
11.2879760265
10.7268791199
10.648116827
10.7030858994
10.6582410336
11.3043470383
11.2507040501
11.3040039539
10.7022209167
11.1952781677
11.256360054
10.6772501469
11.2854979038
11.2263970375
10.6774921417
11.4049470425
11.2581450939
11.2635400295
11.002259016
10.6911759377
11.2575640678
11.2765591145
11.3145399094
11.3928039074
11.2507109642
10.6855840683
11.2958650589
11.3987710476
11.2473940849
10.6734778881
11.3691830635
11.2926118374
11.2503840923
11.3070161343
10.6748719215
10.8591008186
10.7076420784
11.141949892
11.2718539238
10.6586489677
11.3635859489
10.6727399826
11.2331080437
10.6601440907
10.8975298405
11.2495269775
10.6827440262
10.6744368076
10.6634738445
11.2962491512
11.3615808487
11.2945709229
11.4148211479
11.1724600792
10.7071380615
11.2540271282
10.7519989014
10.6573119164
11.0339379311
10.6709239483
11.3568780422
11.2987179756
11.2551288605
11.2922580242
11.2837569714
11.4233589172
11.2460620403
11.2995319366
11.2565209866
11.2960929871
11.0275290012
10.9275829792
10.6529741287
11.2613101006
10.8032310009
11.2609951496
10.9807350636
10.7097849846
10.8583161831
10.7053120136
11.2892098427
10.6727440357
10.648720026
11.3075239658
11.2753360271
11.2436861992
11.0110280514
11.3003840446
11.249532938
11.2681648731
11.2876391411
10.9107820988
11.1225800514
11.309030056
11.3373730183
11.2840890884
11.39844203
11.251128912
10.6926820278
11.3224871159
10.6763122082
11.3917710781
11.3388550282
11.28982687
10.7535560131
10.9123599529
10.6486799717
11.276446104
10.7905402184
10.6450638771
11.2851548195
10.6894059181
11.2893648148
10.9976599216
11.2468400002
10.8902571201
10.6712911129
11.0927019119
10.6907019615
10.6520249844
11.339482069
11.2845411301
11.2482838631
11.111358881
10.6655499935
11.1201179028
10.6400630474
10.6429588795
10.6681530476
10.6649389267
10.666686058
10.6412148476
10.6583271027
10.6667761803
10.6460750103
10.6672048569
1.9359498024
1.6500518322
1.80322504044
1.66596388817
1.6727309227
1.69750714302
1.65324878693
2.11847901344
1.6390171051
1.63607907295
1.66422581673
1.68212103844
1.66629099846
1.64127397537
1.6372179985
1.66817188263
1.65555000305
1.7306189537
2.10823297501
1.95849704742
1.66518092155
1.6690030098
1.64179801941
1.64449214935
1.66746687889
1.66496992111
1.65935516357
1.65039896965
1.64584994316
1.66595292091
1.77470016479
1.68565201759
1.87764501572
1.76602888107
1.6809489727
1.68378591537
1.66348910332
1.67896509171
1.66320109367
1.66724705696
2.03427505493
1.6655049324
1.79165101051
1.63933515549
1.64769387245
1.82372379303
1.71781396866
1.69421195984
1.66061401367
1.65980100632
1.68216109276
1.66248416901
2.08282494545
1.63013100624
1.63590502739
1.65190410614
1.65925478935
1.63642406464
1.63412904739
1.6480691433
1.66494989395
1.66007494926
1.63964295387
1.64102888107
1.65404295921
1.66810703278
1.66307520866
1.65308713913
1.63735294342
1.65810799599
1.66532301903
1.65555596352
1.85197591782
1.6393930912
1.67126011848
1.66648411751
1.64537286758
1.86773395538
1.63747406006
1.66520690918
1.66257882118
1.64290118217
1.73903894424
1.65122103691
1.67227888107
1.67381501198
1.64056110382
1.66300201416
1.67183208466
1.67464399338
1.6554350853
1.69347190857
1.69460391998
1.69295811653
1.69784283638
1.71457791328
1.67008399963
1.65991997719
1.66812801361
1.66879296303
1.65097093582
1.64903712273
1.69904994965
1.72660422325
1.6656460762
1.64304304123
1.64426493645
1.65937185287
1.67271900177
1.67225790024
1.64275693893
1.64553904533
1.67014408112
1.67033290863
1.65934896469
1.65404582024
1.65605711937
1.81415987015
1.66842293739
1.64713096619
1.65085911751
1.65389609337
1.67103886604
1.69590306282
2.00225806236
1.68668198586
1.63994812965
1.64765977859
1.64406108856
1.67148685455
1.66517305374
1.64183712006
1.64767718315
1.64531803131
1.66096997261
1.66913414001
1.645840168
1.64243006706
1.65318083763
1.66645693779
1.6804959774
1.64815115929
1.67928290367
1.66535401344
1.67777490616
1.66858911514
1.64847612381
1.64674186707
1.6583070755
1.72150206566
1.75003790855
1.70824098587
1.77525210381
1.7393860817
1.72580218315
1.73629713058
1.66486310959
1.67432594299
1.64501905441
1.61778998375
1.73498106003
1.72929096222
1.70822310448
1.75599193573
1.69306302071
1.67685198784
1.67435002327
1.65898609161
1.653829813
1.67518377304
1.67931985855
1.6786570549
1.71036911011
1.68809080124
1.76399993896
1.82254600525
1.6620759964
1.70001506805
1.66365003586
1.67524218559
1.67612409592
1.65990900993
1.71238207817
1.65545892715
1.64398097992
1.64427518845
2.03883194923
1.67174315453
1.64911699295
1.65370702744
1.65372204781
1.66253399849
1.67343616486
1.64960002899
1.65660905838
1.67106580734
1.67948389053
1.69652199745
1.63669991493
1.65297484398
1.67380690575
1.67486310005
1.66090106964
1.64173388481
1.65253901482
1.66900801659
1.66116690636
1.63668417931
1.65683102608
1.64233517647
1.68235492706
1.87153291702
1.63489794731
1.64237809181
1.65250205994
1.68669104576
1.83783912659
1.63968801498
1.72891283035
1.67246198654
1.67146396637
1.93504405022
1.63678407669
1.63717603683
1.66318297386
1.66728711128
1.64227199554
1.64723300934
1.65625596046
1.65333890915
1.9076859951
1.78141593933
1.7217669487
1.69622802734
1.71295809746
1.68054103851
1.66119503975
1.66455197334
1.98927116394
1.64453697205
1.66256594658
1.67274188995
1.66064095497
1.64523482323
1.69767689705
1.82708215714
1.64394688606
1.69197201729
1.69716095924
1.69607114792
1.66970300674
1.66055202484
1.859416008
1.76449489594
1.70457696915
1.6653418541
1.68689990044
2.00678014755
1.63417696953
1.71431803703
2.02119708061
2.00175380707
1.83758401871
1.81476402283
1.91407394409
1.85603713989
1.68586707115
1.66842103004
1.63549494743
1.64787602425
1.64237880707
1.75396895409
1.69528698921
1.70410299301
1.68583488464
1.67054390907
1.66321206093
1.64900898933
1.63629102707
1.65154385567
1.68130493164
1.66815400124
1.64621496201
1.64143204689
1.67137002945
2.12358307838
1.65532493591
1.64275503159
1.6403939724
1.67057013512
1.6624789238
1.65294194221
1.64577388763
1.60815620422
1.78392100334
1.78805398941
1.96930408478
1.66620707512
1.63659405708
1.63707995415
1.72311806679
1.67041397095
1.66611099243
1.6622159481
1.6715669632
1.64742612839
1.66505599022
1.66644620895
1.64651083946
1.6428539753
1.65605592728
1.65265798569
1.66895389557
1.64629387856
1.64078211784
1.66968798637
1.65887284279
1.74673700333
1.73709797859
1.6396188736
1.6676030159
1.66503000259
1.6444580555
1.64197206497
1.64925599098
1.66624593735
1.66890287399
1.65303301811
1.75360703468
1.69828796387
1.68143486977
1.67321681976
1.73099803925
1.78334379196
1.69282102585
1.633507967
1.60449099541
1.85233211517
1.66147398949
1.67387199402
1.62948513031
2.0088160038
1.66646790504
1.72958111763
1.69526290894
1.70089197159
1.66648697853
1.67357611656
1.63778114319
1.64579796791
1.64883613586
1.66907501221
1.71131491661
1.64687299728
1.63932585716
1.65192294121
1.66493701935
1.66978597641
1.65339183807
1.64510202408
1.66200494766
1.66677880287
1.66414618492
1.63984084129
1.645581007
1.66448092461
1.84935712814
1.84678816795
1.65574193001
1.64286899567
1.67362523079
1.66676616669
1.71014499664
1.85175895691
1.67511200905
1.68666219711
1.67262506485
1.73763108253
1.81939601898
1.70541286469
1.69446897507
1.67002010345
1.66746306419
1.67190790176
1.65374302864
1.64520692825
1.66863894463
1.66383814812
1.66505503654
1.65447688103
1.71244215965
1.66275787354
1.66222906113
1.65638303757
1.64944195747
1.63978600502
1.67239499092
1.69069290161
1.69326591492
1.69563603401
1.70414805412
1.66729402542
1.67189908028
1.64438605309
1.64762806892
1.66332483292
1.68021798134
2.23115611076
1.66232895851
1.66429710388
1.65111899376
1.64754915237
1.6619989872
1.69168496132
1.67187309265
1.64054703712
1.64975500107
1.66945290565
1.66520619392
1.69600605965
1.73793196678
1.64252400398
1.66337990761
1.69427609444
1.65814208984
1.64325380325
1.81954097748
1.67044687271
1.66862988472
1.66026902199
1.64173197746
1.65947604179
1.6677749157
1.65999698639
1.65304398537
1.65797805786
1.66360998154
1.66938900948
1.67233610153
1.64924097061
1.65074300766
1.66293716431
1.73794698715
1.7598669529
1.64272212982
1.64680695534
1.67654299736
1.66713690758
1.6539709568
1.63891601562
1.65827989578
1.66141891479
1.67653512955
1.65382385254
1.65094900131
1.65778493881
1.67705392838
1.72186803818
1.65709805489
1.64538288116
1.66792392731
1.66954493523
1.66502904892
1.64592313766
1.64308404922
1.66841220856
1.67512512207
1.6475379467
1.65045499802
1.64173197746
1.66975092888
1.66685509682
1.64719295502
1.67130494118
1.65247392654
1.67186284065
1.67566800117
1.64658689499
1.64073181152
1.64718413353
1.67895793915
1.68536615372
1.63549900055
1.6601998806
1.66700792313
1.73939299583
2.23150014877
2.19967889786
1.72592496872
1.70728492737
1.77985095978
1.68661189079
1.69164180756
1.63964295387
1.64881396294
1.64271593094
1.69477987289
1.67238688469
1.75710487366
1.7945868969
1.77706599236
1.75604915619
1.6682882309
1.63855719566
1.70581698418
1.73862791061
1.71980500221
1.74683785439
1.83023905754
1.84604692459
1.70010590553
1.72199606895
1.92197203636
1.67537498474
1.65047597885
1.63941597939
1.77473306656
1.72666692734
1.89660191536
1.94291806221
1.82916307449
1.66928005219
1.67151093483
1.73044991493
1.81695795059
1.69385814667
1.71716499329
1.71660590172
1.6639509201
1.66461014748
1.68446397781
1.78211808205
1.67163395882
1.65558004379
1.64500617981
1.69167399406
1.68311810493
1.66231799126
1.64595007896
1.66508293152
1.6990840435
1.68832993507
1.66023302078
1.66599392891
1.65336298943
1.83467197418
1.64141988754
1.66052889824
1.67646312714
1.64053893089
1.63738298416
1.65549111366
1.67556715012
1.72235703468
1.65356492996
1.64618587494
1.71218514442
2.14255309105
1.65819096565
1.64651608467
1.64835214615
1.73489999771
1.74952602386
1.64876294136
1.63742208481
1.65405201912
1.67861914635
1.64223909378
1.71233701706
1.70147299767
1.68376803398
1.68405604362
1.6948158741
1.66532301903
1.67133498192
1.63945198059
1.64425301552
1.65107083321
1.67750811577
1.66234612465
1.95196604729
1.63849020004
1.67616987228
1.66031980515
1.66769003868
1.64970993996
1.6531150341
1.67788910866
1.67345404625
1.64967799187
1.75497794151
1.63293194771
1.66551995277
1.66773509979
1.72344589233
1.7261030674
1.72381401062
1.68359303474
1.69566178322
1.66985011101
1.66117715836
1.64893198013
1.64630293846
1.6381380558
1.76174092293
1.67274904251
1.6364710331
1.63791894913
1.64645600319
1.66062998772
1.66367101669
1.64812397957
1.65423893929
1.65662097931
1.66804003716
1.665184021
1.64011693001
1.64310216904
1.66072392464
1.66325497627
1.66061782837
1.89033389091
1.6498799324
1.67674016953
1.66938114166
1.64504098892
1.63848209381
1.64636301994
1.66371512413
1.66023397446
1.63854193687
1.64807009697
1.66108989716
1.69770002365
1.67825603485
1.64410090446
1.64618396759
1.66742801666
1.66725301743
1.66898608208
1.64415502548
1.63897895813
1.67695093155
1.67039084435
1.66102695465
1.6475379467
1.64599394798
1.71440601349
1.66727495193
1.65463590622
1.63374686241
1.63225507736
1.65851593018
1.66850614548
1.65250611305
1.64493083954
1.66186499596
1.66815304756
1.6661491394
1.65367722511
1.76301288605
1.6577398777
1.66459393501
1.66492795944
1.64442300797
1.64515519142
1.66329312325
1.65935397148
1.6700220108
1.64164805412
1.65112709999
1.66997003555
1.67641401291
1.65938019753
1.65572595596
1.63758897781
1.66813898087
1.66773295403
1.6419210434
1.64181113243
1.63721299171
1.66909694672
1.66137909889
1.64081597328
1.64151906967
1.6441090107
1.66609811783
1.68063807487
1.63980007172
1.64702701569
1.65260100365
1.82368087769
1.6642870903
1.63682889938
1.63566207886
1.66439199448
1.67925000191
1.67539691925
1.80011081696
1.67265987396
1.75163698196
1.66253089905
1.65303087234
1.64335298538
1.66216897964
1.66336202621
1.66296815872
1.64808607101
1.77783107758
1.71383094788
1.67195510864
1.78774404526
1.65642690659
1.66335487366
1.75445413589
1.68900299072
1.66094207764
1.66789913177
1.65249204636
1.842045784
1.66519594193
1.6400809288
1.64024114609
1.65501189232
1.68236303329
1.66481304169
1.86974096298
1.656894207
1.66556811333
1.73650693893
1.73192095757
1.63393712044
1.60598492622
1.6776869297
1.66480708122
1.6903450489
1.81233310699
1.91729807854
1.80423283577
1.8219871521
1.80111193657
1.90543198586
1.87781882286
1.70808887482
1.7132627964
1.67418503761
1.66691493988
1.74214291573
1.92341303825
1.76890802383
1.66204500198
1.63890504837
1.63747215271
1.64568996429
1.78739380836
1.74838495255
1.6329369545
1.62745213509
1.64405107498
2.03203606606
1.66279911995
1.71531200409
1.70694804192
1.68571519852
1.71272993088
1.66368198395
1.67911982536
1.66595005989
1.71169519424
1.82787084579
1.67767095566
1.66703820229
1.74364304543
1.70745706558
1.65434408188
1.81888318062
1.79519200325
1.74810314178
1.70868396759
1.68440890312
1.68679594994
1.75788402557
1.68871498108
1.97445607185
1.67666196823
1.6707201004
1.64412498474
1.6440038681
1.66391205788
1.68450713158
1.898416996
1.65082907677
1.65708804131
1.67981219292
1.67385292053
1.67505097389
1.64577507973
1.64744091034
1.66698217392
1.70624279976
1.67478895187
1.67118191719
1.67889094353
1.64532089233
1.65307211876
1.67940497398
1.68471693993
1.68053817749
1.64890503883
1.65568685532
1.67428898811
1.67757511139
1.67280197144
1.73248696327
1.73144388199
1.66665101051
1.67651700974
1.65302491188
1.66101717949
1.70446109772
1.68525695801
1.66754388809
1.6493909359
1.65977120399
1.8052649498
1.66237306595
1.8089158535
1.65840911865
1.68982696533
1.66342997551
1.69317293167
1.77939605713
1.6571059227
1.64433789253
1.68585014343
1.66570997238
1.66932702065
1.66816782951
1.71812415123
1.77382206917
1.66755914688
1.9685549736
1.8720459938
1.68683791161
1.68241810799
1.64330291748
1.65426802635
1.65118694305
1.66780304909
1.9977710247
1.6404042244
1.6566259861
1.65950894356
1.6460750103
1.66469216347
2.26360416412
1.66166496277
1.66956591606
1.67992401123
1.71588587761
1.70936512947
1.64882206917
1.66359400749
1.66731286049
1.67940688133
1.73866391182
1.79568004608
1.90402793884
1.6557738781
1.71611380577
1.78333902359
1.64561605453
1.75768113136
1.64242219925
1.64001607895
1.64725017548
1.74385786057
1.76652288437
1.7327067852
1.88391399384
1.68827390671
1.66897416115
1.69686293602
1.67345690727
1.67927098274
1.89911007881
2.21191287041
1.74408483505
1.91131091118
1.72746086121
1.7189450264
1.73514699936
1.75430393219
1.84238290787
1.79016494751
1.65383195877
1.62785887718
1.65937399864
1.65182590485
1.80630612373
1.74169206619
1.80129909515
1.73671603203
1.78944993019
1.67153191566
1.68526792526
1.88605880737
1.74128603935
1.67521595955
1.83126115799
1.74681806564
1.9371919632
1.8951280117
1.83077692986
1.65121889114
1.77513384819
1.70060491562
1.803855896
1.73364591599
1.98993802071
1.7842669487
1.76115512848
1.79546499252
1.73464298248
1.89339399338
1.71122097969
1.69043493271
1.66565108299
1.68834114075
1.68075013161
1.71399688721
1.67187094688
1.65717291832
1.71921110153
1.68885993958
1.72535705566
1.68311810493
1.96652984619
1.71853494644
1.65362095833
1.64737892151
1.6702170372
1.71076512337
1.71126008034
1.65451693535
1.692029953
1.65865111351
1.65327787399
1.65949988365
1.70398497581
1.67798185349
1.6588549614
1.64559102058
1.66614413261
1.68542194366
1.68280982971
1.65649604797
1.66299796104
1.66502690315
1.69818282127
1.85453486443
1.67329001427
1.70195388794
1.75101494789
1.7244310379
1.83664512634
1.77575302124
1.86020803452
1.74564003944
1.71774506569
1.73263716698
1.63901090622
1.67307400703
1.74144983292
1.72506690025
1.64529299736
1.65975213051
1.68030977249
1.67889499664
1.74399495125
1.65616583824
1.65143609047
1.67861294746
1.67311191559
1.67093086243
1.65569114685
1.67204880714
1.68921709061
1.70483589172
1.65078282356
1.6613099575
1.67222499847
1.67542791367
1.67579698563
1.64750504494
1.65147590637
1.69245219231
1.68459701538
1.68666315079
1.64410400391
