5.37504506111
6.20576500893
5.70398807526
6.54038190842
7.37789297104
5.32936191559
6.05770683289
6.69056200981
5.89852714539
5.84856581688
5.73954796791
6.68634200096
7.54540014267
6.79570293427
6.36314511299
6.89198207855
6.67231488228
6.1459479332
6.62136006355
6.77494192123
6.64464712143
6.17036795616
6.18867111206
6.14639115334
6.42698383331
6.43330192566
6.62311697006
6.04338216782
5.90011119843
5.60945796967
5.57231211662
6.51544809341
7.56938505173
7.26170396805
6.2298169136
5.40600705147
6.69654607773
6.7725880146
5.43019795418
5.62766909599
5.70405983925
6.47113990784
5.50027799606
6.44157099724
6.27571105957
5.96305298805
5.87136697769
5.94795799255
6.04217410088
5.40246295929
7.40195202827
6.88460612297
6.29445981979
5.99385309219
6.50341200829
5.50571012497
6.20948195457
6.3042318821
6.3396589756
6.55997204781
6.26362490654
6.97955918312
7.31262207031
5.94634103775
6.11436796188
5.92266488075
5.90607786179
6.50442290306
5.86298203468
6.42345499992
7.41505098343
5.95798206329
5.98015403748
6.19407200813
7.04868888855
4.98178315163
6.41902399063
7.02203011513
5.68505811691
5.83743715286
5.4417450428
5.51914596558
5.82591795921
5.56514000893
5.11310696602
5.62995100021
5.89451098442
5.44276785851
5.75750899315
6.55777096748
6.73627209663
5.8911921978
6.06696891785
6.25380206108
6.14326500893
5.46479797363
5.82459402084
6.38208389282
5.369795084
6.53132891655
7.61605906487
5.85277605057
5.37758994102
5.62135982513
6.40309715271
5.80174279213
6.36009478569
6.00120091438
5.87866783142
5.95005702972
5.72402977943
6.11115217209
6.0078420639
6.87294101715
5.83526206017
5.66740989685
5.46578502655
6.41213011742
6.04215502739
5.63411903381
5.68951296806
5.9179930687
6.27565789223
6.72941613197
5.92250800133
5.59653806686
5.9792330265
5.780575037
6.15288805962
5.75796508789
5.86978387833
5.75807404518
6.17282891273
5.55372405052
5.63988780975
6.03606295586
5.44960999489
6.7997238636
6.60922694206
5.12444996834
6.89934587479
5.97830605507
6.79668402672
6.129144907
6.6746840477
7.03215098381
6.80140113831
5.82609200478
5.71118378639
6.13660597801
6.39063191414
5.32365012169
5.42642688751
5.9292049408
5.78703188896
6.50195217133
5.70986390114
5.63363695145
6.4145128727
5.56537795067
6.08164787292
5.63074302673
5.27124619484
6.77867507935
6.78027296066
6.25655603409
6.07658195496
5.62252521515
6.4740998745
5.52523994446
5.91268205643
6.04984712601
6.69978308678
6.77413105965
5.82619094849
5.79148101807
6.83812093735
5.85318112373
6.54624891281
6.16432785988
5.74866890907
5.20421099663
5.62709307671
6.72826004028
6.20369791985
6.10069704056
5.69737792015
5.91006994247
6.73567485809
5.87205600739
6.85668587685
6.07444906235
6.54499411583
5.86554098129
4.97081494331
5.26563215256
4.95086812973
6.77175998688
5.37338685989
6.04948806763
5.61644005775
5.05303406715
6.19579911232
5.32282590866
7.1771569252
5.62746310234
5.3600268364
6.46669888496
6.2856388092
8.09907388687
6.53708791733
6.35829210281
6.62477111816
6.89609408379
5.89776802063
7.38484191895
5.67796587944
5.44776701927
6.23381400108
6.10767292976
6.75623703003
6.09426093102
5.65291810036
7.49018001556
7.02698588371
5.81593894958
6.81848621368
5.7335460186
6.50943493843
5.67418909073
6.479834795
6.01666903496
6.6849861145
5.68229293823
5.97466301918
5.77788305283
6.2656481266
4.85796308517
6.31949806213
7.06495499611
6.13577795029
5.84167909622
6.0215690136
6.42664694786
5.89316892624
7.27731013298
6.30007100105
6.75022602081
6.09057116508
6.17420697212
6.03226208687
6.12676286697
5.92954182625
5.94597101212
5.55098795891
5.16217303276
5.52403879166
6.54310011864
5.65031886101
6.14730405807
6.58761191368
5.34902000427
5.3162009716
4.97922205925
5.54300808907
5.31781291962
6.0543718338
5.64481210709
5.22022008896
6.06802892685
5.52574586868
5.7861700058
6.28143191338
6.28104710579
5.13413691521
6.22741580009
5.23864102364
5.25758218765
5.70493602753
6.58994817734
5.87879610062
5.34838581085
6.46605300903
6.02445411682
6.05015802383
5.94377398491
5.80112600327
6.3727209568
6.6810939312
5.53785896301
5.91929388046
6.01735305786
5.79376387596
5.9151468277
6.24459385872
6.98653388023
5.10832285881
5.49170589447
4.97811603546
6.86885619164
5.72035193443
5.6733789444
5.89465212822
6.04127001762
5.85813999176
5.50419402122
5.28375196457
5.84258103371
6.03300213814
6.9998190403
5.12125587463
5.27177095413
5.99192905426
5.33486509323
7.01166892052
5.93952393532
5.31530785561
5.23781490326
6.46698713303
4.65289402008
6.87397694588
5.18636512756
5.61080789566
5.96583604813
6.88409209251
5.43473696709
6.02466082573
6.02051711082
5.55438899994
6.54658889771
6.59607195854
5.59126615524
5.92652821541
5.42040014267
6.49153113365
5.51534199715
5.12968802452
6.17863488197
6.73515415192
6.91385984421
6.7743678093
4.93748283386
6.29218506813
4.83546805382
7.08432507515
5.2959010601
5.6554942131
5.09283614159
5.00690293312
6.57494807243
4.54752206802
5.18507790565
6.11332702637
4.88272309303
5.07983207703
5.92286586761
6.21812009811
6.54851007462
5.50771617889
5.8979871273
6.92793798447
5.73114895821
4.80482506752
5.01986718178
4.81111383438
6.57604598999
6.24044108391
5.63884401321
6.8858101368
5.03012704849
7.59219813347
7.03568291664
5.23896789551
5.4675590992
6.38324403763
5.97207593918
6.05173182487
5.09468102455
5.03067493439
6.04602718353
4.94205021858
5.84514212608
4.60854005814
4.78228712082
5.8878288269
5.8404750824
5.42025995255
5.38293910027
5.41261100769
5.2972369194
5.29901099205
6.08398985863
5.51985788345
5.01688599586
6.70066189766
5.18845486641
5.12863016129
6.85004496574
5.9450469017
5.12040305138
5.79153013229
5.80751895905
5.98265385628
5.49213790894
5.19711303711
5.85958695412
6.23209309578
5.93580579758
5.85588598251
5.35124611855
6.05242395401
5.20129299164
4.95856404305
5.33035111427
5.7252099514
5.93300294876
6.6653008461
5.74957704544
5.09195494652
5.35138082504
5.98532700539
5.78956484795
6.79742288589
6.11932015419
6.54156088829
5.39401483536
5.04419803619
5.98430109024
6.37050485611
6.87384295464
5.8959748745
5.92606186867
5.91161799431
5.09730195999
5.27372407913
5.55093502998
5.59921193123
4.99646496773
5.7938079834
5.61793804169
4.84596681595
5.81421399117
5.38590407372
5.81639719009
5.95657706261
5.34525299072
5.46152091026
5.94321703911
5.35526895523
6.79534506798
6.38632202148
4.86626195908
5.3778090477
6.34457683563
5.68149805069
5.5904750824
4.70735001564
6.84001898766
4.87594413757
5.84903001785
5.07096409798
6.01311421394
5.903195858
6.14237499237
5.63608503342
6.50428581238
4.94902610779
5.79601502419
5.12709403038
5.52815890312
6.5534222126
5.67447590828
5.53937387466
5.2306740284
4.95918798447
5.44996190071
5.00324606895
5.6782541275
6.39099884033
5.21414279938
5.7422440052
5.88508296013
4.84581398964
4.94797706604
5.53899788857
5.0009739399
4.90451598167
6.21723103523
6.59960818291
5.06282305717
4.87496185303
6.43492698669
6.34184598923
4.82790899277
4.45612406731
5.22677588463
5.04653906822
5.53366112709
5.29989290237
5.58403992653
5.53520202637
5.45762705803
6.24910902977
5.0936319828
5.3106610775
6.81814098358
5.73976993561
6.99885106087
5.88560509682
6.95424699783
5.06132888794
5.09450316429
5.68291807175
5.16465902328
5.60120606422
5.55317902565
5.23450994492
6.37602806091
5.402135849
5.22549796104
6.56581902504
6.3087580204
6.10023593903
5.18125987053
5.87420296669
6.4916779995
5.87360286713
5.73175477982
5.64774608612
5.43519020081
6.36051607132
6.15699887276
4.64668607712
5.60796499252
6.69652795792
4.71874308586
4.77054905891
5.9852669239
6.24955797195
6.53898692131
4.82382488251
5.61564993858
4.7049100399
5.60170388222
7.65788197517
5.67350101471
5.18443799019
6.30402302742
4.91096711159
6.92157101631
5.99668192863
6.56463313103
6.52787303925
5.19712400436
5.73594093323
4.93640685081
5.45134592056
5.52024912834
5.89169096947
5.56372404099
5.75279593468
6.12966012955
4.8895471096
7.11559486389
5.36794281006
5.49546813965
7.02313709259
6.0759999752
5.17570400238
5.17868900299
5.75911307335
5.87804079056
6.46709108353
6.57846307755
6.32084989548
5.08783507347
5.22459888458
7.40181303024
6.90386486053
6.29144406319
5.51595401764
6.14650702477
4.8350071907
5.72061610222
5.22573494911
6.52028608322
6.56428790092
6.02344989777
5.05516600609
5.91641902924
5.78000688553
6.1695151329
5.34734201431
5.78457593918
6.1459980011
5.58745312691
6.25068187714
5.57120013237
5.17093896866
5.32889199257
5.63342094421
4.95530414581
5.58197188377
4.88297486305
4.75915193558
5.87173295021
5.10008502007
5.87628984451
5.79117798805
5.12224292755
4.79045796394
5.33087491989
4.98405098915
6.17127394676
6.49988102913
5.22738409042
5.07123494148
5.80562400818
6.44689679146
4.99827480316
5.22941803932
4.98664784431
5.48400306702
5.4799311161
6.21493697166
6.64844417572
5.52464795113
5.42063808441
4.90226507187
5.85695505142
4.93109798431
5.52415204048
5.66782808304
5.67370200157
5.94782185555
5.08528614044
5.68610310555
5.36346292496
6.19819617271
5.4704349041
5.63961315155
5.15968608856
5.55483794212
5.44970393181
5.85959410667
5.03119897842
4.8547911644
4.57714700699
5.36731505394
5.9082660675
5.16004776955
5.8738090992
5.31021881104
4.90014481544
7.67908787727
5.83224487305
5.61228704453
6.02355313301
5.99978995323
5.32023882866
5.26612401009
7.58181500435
5.52575993538
4.8726170063
4.82449507713
5.65873789787
5.84387016296
6.55151510239
5.06133699417
5.31675195694
5.72499394417
6.29233407974
5.20377993584
7.03844022751
6.06565999985
5.62417602539
5.68129396439
5.82168006897
6.0711581707
5.01430606842
5.26617884636
6.66221904755
5.64030718803
5.56669592857
7.41791701317
5.4050579071
5.14191102982
4.77079701424
4.89850091934
5.61385798454
6.02768111229
5.48008704185
5.23604297638
4.86503100395
5.95051813126
6.62364006042
5.43199205399
6.57919716835
5.9084880352
5.52761793137
5.9995470047
6.08644485474
6.39430189133
5.39226794243
5.20310211182
6.85459709167
6.27129197121
5.19493889809
6.53717088699
6.75560522079
7.34675812721
6.24235796928
5.14073300362
5.1445851326
5.31641578674
5.21281504631
6.23189997673
6.18747091293
5.79883885384
5.0940079689
7.04979014397
6.19037294388
5.22803807259
6.30383205414
5.4791970253
5.33945393562
5.97174096107
5.37638688087
5.40978598595
5.87680196762
5.12063002586
6.78981494904
5.12782382965
5.90408015251
5.59042096138
5.23307609558
5.92024898529
5.73025989532
5.60269093513
5.91940307617
6.09482693672
6.9214630127
6.56299591064
4.78489398956
5.02840995789
5.99039101601
6.32416701317
6.46456384659
5.0699570179
5.3369178772
6.43593502045
5.3079957962
5.76494717598
5.31013393402
5.26633906364
5.90948009491
6.75798201561
5.07185387611
6.41635584831
5.45271706581
5.60759997368
5.57933616638
6.22276520729
5.85034298897
5.53168797493
4.91201305389
5.16340303421
6.63070893288
6.47664880753
6.04888296127
5.17475605011
5.93559193611
6.58745503426
6.36371803284
5.97662878036
6.10854887962
5.8130440712
5.61338806152
5.20024394989
7.05880212784
5.89631891251
5.06108307838
5.02211904526
6.20230579376
4.97414803505
4.890832901
5.7359559536
5.8216919899
5.49337005615
6.12355613708
5.69127011299
5.79180407524
5.04229307175
4.82667589188
5.01172113419
7.43599891663
6.15968799591
6.99309802055
5.6163020134
5.43180394173
5.02709794044
5.61392211914
5.92613697052
5.87117910385
6.21473407745
5.72555208206
5.37524199486
5.79498887062
4.65556097031
6.65359115601
4.95827698708
5.94828796387
5.42671585083
4.76537489891
5.22937607765
6.7153069973
5.56497788429
5.64184999466
5.1172709465
5.63095402718
5.89571404457
5.55330896378
5.31879401207
5.53171610832
5.28861403465
4.69418907166
5.77358484268
5.96516704559
4.75942397118
4.64579391479
5.63124203682
6.45355701447
6.34226489067
5.85988593102
5.52818703651
6.57159900665
6.07223391533
5.36416292191
4.98720908165
5.39987897873
6.15191411972
6.61301493645
5.84619688988
4.97260212898
5.84403300285
6.10325789452
5.78475308418
5.52874207497
5.36093378067
5.49458408356
5.94324684143
5.00316286087
5.15781092644
6.74845218658
4.94991016388
5.28960204124
5.11346101761
5.58689808846
5.4206738472
4.75783801079
5.05677914619
5.36172103882
4.74892091751
5.91155695915
5.9720890522
5.68730592728
5.73484802246
5.13928294182
5.74761605263
5.14810180664
5.73130702972
7.62779402733
5.98421287537
5.23550105095
5.31956315041
5.55715203285
5.03068995476
5.14441204071
5.00149297714
6.165610075
6.34091186523
6.06736111641
5.33204889297
6.1658141613
4.87385988235
4.4980340004
5.39546513557
4.41625094414
5.09338307381
5.94789290428
4.8772380352
6.39362502098
6.44842791557
5.11605882645
4.95797991753
6.08383798599
5.92441391945
4.58934402466
5.37115097046
6.57640910149
6.31877493858
5.56517505646
4.53062295914
5.44276595116
5.48401594162
4.97948408127
5.67439198494
4.4000658989
5.63297510147
5.73442196846
5.30416703224
7.12642812729
5.38948106766
5.18606996536
5.95688319206
5.42078518867
6.80183601379
6.06615304947
5.99522900581
5.28153681755
6.44797897339
5.63288903236
6.12234282494
4.80299592018
6.96320509911
6.46801710129
5.61664295197
5.18159508705
4.85616517067
6.34340500832
5.54022192955
7.06061410904
5.48653912544
5.65694499016
5.6769900322
5.61674308777
5.20992708206
5.1876950264
6.4662001133
5.94321084023
6.07802009583
5.20235586166
4.49880504608
6.19780492783
5.69829797745
6.72383618355
6.71987915039
4.6950879097
6.03338384628
5.53098607063
5.87955403328
4.8356487751
5.23811221123
6.87874984741
7.54265594482
5.06360197067
5.87006402016
6.44220304489
5.34428191185
5.74316000938
5.53300714493
5.31881308556
6.74906992912
4.88865685463
5.80647587776
6.81367707253
7.54632210732
6.65763616562
5.24837803841
5.77737188339
5.38815712929
5.89462089539
5.16792702675
5.71883106232
5.78826594353
6.0969209671
5.12307190895
5.61796998978
5.4041531086
4.73210406303
6.43785905838
7.0152451992
6.18847084045
6.20370912552
5.55299186707
5.80241394043
5.61570191383
5.69902801514
5.86175203323
4.69082593918
5.80448698997
5.55910110474
5.23377084732
4.52945208549
5.84353804588
5.68000411987
5.14376282692
6.05976009369
6.11946702003
5.71436405182
