10.618844986
10.6366119385
10.7013700008
10.6296980381
10.7656810284
10.6613490582
10.6304678917
10.9077999592
11.2317380905
11.1544959545
11.1070120335
11.039265871
11.1048560143
10.6622021198
10.8404870033
11.2614159584
11.2784891129
10.9194009304
10.7094871998
10.6529948711
10.7363238335
10.8119339943
10.9819979668
10.6867609024
11.2646420002
10.6918969154
11.2527229786
11.282823801
10.9576890469
10.6757731438
10.6646459103
10.6666510105
10.6622009277
11.2856760025
11.3179569244
11.2333338261
10.6999709606
11.0297968388
10.6810698509
11.0400919914
11.3207650185
11.3110628128
11.2746729851
11.28805089
11.2512409687
11.1998040676
11.0587849617
11.3711760044
10.9172689915
10.7688770294
11.297066927
10.7415130138
11.2371280193
11.2694201469
11.2676000595
11.2735540867
11.2614130974
11.1367349625
11.2812819481
11.1075570583
10.6799812317
10.7500240803
10.6964590549
10.7969090939
10.8006660938
10.7057361603
10.6812250614
10.6839010715
11.3104970455
10.6869318485
11.339015007
10.8255519867
11.2639529705
11.3217740059
11.1421859264
10.9578869343
10.8334710598
11.3146791458
10.8959450722
10.7396919727
10.9083099365
10.7153191566
11.236839056
11.327491045
10.847589016
11.0448510647
10.8761498928
10.8163778782
0.985748767853
10.9136090279
10.7321059704
10.6735720634
10.6943871975
10.7916970253
11.2678790092
11.3568370342
11.0798299313
11.221791029
10.9039120674
11.3000860214
11.2947390079
11.2383770943
11.2504339218
11.3319718838
10.774946928
11.3703868389
11.1907329559
10.6962940693
11.2527999878
11.3233880997
11.2579579353
11.3186209202
11.3345448971
10.772329092
11.3644738197
11.3374919891
11.6354858875
11.5167620182
11.583411932
12.3666732311
12.461140871
12.1551380157
12.0321280956
12.0286090374
11.9398140907
12.5055150986
12.6246390343
11.8098289967
12.2527000904
11.5776190758
11.5620541573
11.761428833
11.8647770882
11.9265720844
11.8509879112
11.753428936
12.2388758659
11.7012019157
12.3964891434
11.5029079914
12.2903039455
11.6968150139
11.5846579075
11.9976809025
11.8241188526
12.8557338715
11.5207619667
12.70241189
12.5536489487
12.1534421444
12.7854630947
11.9176700115
11.7206690311
12.012650013
12.6539349556
12.0311338902
11.9478149414
12.2313418388
11.7224509716
12.0258989334
11.5493631363
12.0845708847
11.8320538998
12.4818770885
11.5699329376
12.0746898651
11.8697621822
12.0736541748
11.5831749439
11.8225388527
11.7269480228
11.9098780155
11.6058900356
12.313284874
12.2047131062
12.6597630978
11.6079440117
12.6078121662
11.8920350075
12.5196278095
11.7792789936
12.2093830109
11.8624019623
12.1926269531
12.6583030224
11.5856900215
12.1775751114
11.8948481083
13.0251159668
12.1740539074
12.7543079853
12.3667240143
11.7019629478
12.0334630013
11.5693368912
11.7427129745
12.1538918018
11.4153258801
12.2755169868
12.6601939201
12.1464879513
11.9654660225
12.3062419891
11.5675871372
12.2783789635
11.3492019176
12.3927500248
12.3003070354
11.585059166
12.3427808285
12.8722791672
11.9215438366
11.704130888
12.4100728035
12.3279900551
11.6279110909
12.0403819084
11.8755738735
11.6657190323
12.1919100285
12.7101809978
12.073018074
11.7333569527
11.7903330326
11.7597811222
11.7467889786
12.6701738834
11.8454999924
11.7044510841
12.1204020977
11.6093201637
11.641741991
12.1608757973
12.1230530739
11.9172759056
12.7744719982
11.6815009117
11.6529910564
11.9024949074
11.9792900085
12.1409678459
11.8723700047
11.835960865
11.6452460289
11.8130831718
11.3673250675
11.8805549145
12.6001811028
12.7555649281
11.7617530823
11.7383441925
12.2719211578
12.0368278027
12.2422740459
12.2121999264
11.8235669136
12.6093921661
12.3425939083
11.5444688797
11.3666570187
11.6710281372
12.7249140739
12.2571618557
11.8158860207
11.8427619934
11.6007800102
11.5458750725
11.803003788
12.4938201904
12.217913866
11.7260479927
12.3583250046
11.5782899857
11.6472527981
11.6989250183
11.6407270432
11.7800011635
11.7989020348
11.4460990429
11.5327980518
11.6678798199
11.911085844
11.5705239773
11.8237299919
11.4974741936
12.1087191105
11.7594408989
11.8062491417
11.6119298935
11.7246830463
11.5575501919
11.4683420658
11.5322549343
11.3162798882
12.3727049828
11.3924229145
12.8315138817
11.3147580624
11.5031468868
11.4475998878
12.9367158413
11.3025209904
11.9651870728
12.4988770485
11.3891708851
11.2848880291
11.437431097
11.3232078552
11.2828469276
11.369410038
11.3107662201
11.2973401546
11.4124770164
11.2873318195
11.228839159
11.2672679424
11.4118230343
11.2284259796
11.3320720196
11.1381390095
11.291880846
11.2689502239
10.8960108757
11.3758730888
11.1178879738
11.3926382065
11.3951089382
10.9927809238
11.2921950817
11.2898631096
10.6656608582
10.7630009651
10.8021249771
11.2566819191
11.3576271534
11.2469789982
1.10727906227
10.874186039
11.3132770061
11.2835280895
11.2947471142
11.3975949287
11.0148458481
11.3143069744
11.2799859047
11.3053371906
11.165719986
11.0032188892
10.8194038868
11.3285708427
11.3227632046
11.3963871002
11.3497998714
11.3167119026
11.5140490532
11.3339600563
11.2602181435
11.3490600586
11.5868139267
11.3820772171
11.3589401245
11.3004832268
11.7713868618
12.5010688305
11.9668080807
11.8475110531
11.5176711082
11.8530788422
11.8420519829
11.8370881081
11.5162291527
12.6583118439
12.0137879848
12.1198160648
12.0231859684
12.1275250912
11.7120580673
12.1139278412
12.2115299702
11.6003050804
12.2646858692
12.1511189938
12.104323864
12.0500228405
11.8881201744
11.6368858814
12.3866801262
11.7226970196
11.5329430103
12.2611470222
11.7051899433
12.014993906
12.2689781189
12.4712071419
11.6680469513
12.3022119999
12.2522170544
11.6998159885
12.0219659805
12.3260350227
11.7302420139
11.9844579697
12.4804928303
12.4990420341
12.9065358639
12.0408029556
11.8737230301
12.0083701611
12.0708479881
12.3094801903
12.598129034
12.7955460548
12.1224248409
11.973195076
11.9596669674
12.5205149651
12.4527280331
12.2469170094
12.8422329426
11.9597048759
11.6719081402
11.5876438618
11.8326029778
11.7513661385
11.9903900623
12.3688108921
11.6774721146
12.2251770496
11.6561729908
11.9243700504
11.7213888168
11.6854441166
11.5304059982
11.6176671982
12.2092540264
11.6499509811
11.3062009811
11.3460478783
11.2970230579
10.6662640572
10.6975369453
10.6673409939
11.2408471107
11.2998290062
11.1591141224
11.3177931309
11.2241098881
11.0217740536
11.2610340118
11.1296350956
11.2794229984
11.26039505
11.2268769741
11.2857480049
11.1983239651
10.9055039883
10.6895871162
10.9487597942
11.3574180603
10.6934430599
11.2613790035
11.2689788342
11.2239429951
11.3079810143
10.9288110733
11.2840168476
11.3043808937
11.3093860149
11.2821080685
11.3201720715
11.3125379086
11.2381389141
11.2158479691
10.8066420555
11.2666962147
11.2143259048
10.7441010475
11.1195728779
11.392770052
11.2789418697
10.9526329041
11.2559821606
11.3104450703
11.2850220203
11.0613191128
11.2745270729
11.3253409863
11.30397892
10.7178170681
10.9368438721
10.8597128391
11.3169081211
11.2017130852
11.2644789219
10.8942370415
10.7092440128
10.6914331913
10.9878718853
10.7025561333
10.8861219883
10.682019949
11.258877039
11.298815012
11.2459979057
11.3205881119
11.0252528191
11.2661550045
11.3094348907
10.6680319309
11.3118269444
11.3048670292
11.4520280361
11.3394219875
11.2882771492
11.3833191395
11.3153851032
11.3347728252
11.2641701698
11.3844439983
11.3276441097
11.2260248661
11.2110769749
11.0933289528
11.1346459389
11.2728819847
11.2740569115
11.2825322151
11.2943720818
11.3318729401
10.7298820019
10.9614350796
10.7495908737
10.8207249641
10.7506158352
10.815969944
11.2757599354
10.7808120251
10.976418972
10.9536230564
11.3012738228
11.3226959705
10.8692259789
11.2922780514
11.3506162167
10.8022511005
11.2288768291
11.0712611675
11.3180730343
10.7305238247
10.724118948
11.2538971901
11.2326960564
10.9141571522
11.30468297
10.986618042
11.2682261467
11.2995669842
11.2642459869
10.6581411362
11.0476438999
10.6729309559
11.3011782169
11.2878990173
10.8585569859
11.2086610794
11.3038058281
11.2832238674
10.8481559753
11.1941502094
11.249956131
11.2981729507
11.2318799496
11.2782988548
11.0245230198
11.3181860447
11.0393071175
11.1671290398
11.1073269844
11.3731729984
10.7264580727
10.7427248955
11.1047508717
11.2673859596
11.3150770664
11.2632620335
10.6547482014
10.6929559708
10.657022953
11.2613708973
11.3113119602
11.2475709915
10.6446361542
11.3260018826
11.2850821018
11.0556020737
10.6775281429
11.180740118
11.2131960392
11.2631630898
10.782335043
10.8208489418
10.6795148849
10.7431249619
10.6914479733
11.2986309528
10.6636180878
10.6940960884
11.2556729317
11.2600150108
10.9390230179
11.2548911572
11.0045919418
11.2814350128
11.2420079708
11.3071808815
10.6552491188
10.6803240776
11.3208520412
11.2582399845
10.6862790585
11.2822270393
11.2679350376
11.2377958298
11.0631408691
11.3110899925
11.2497479916
11.2697980404
11.2984609604
11.2594778538
11.3009648323
10.6661090851
11.2302229404
11.307806015
10.9638140202
10.6975529194
10.6864788532
11.2704150677
10.6817791462
11.2492470741
11.234703064
11.3187739849
11.1566808224
10.6933279037
11.277449131
11.2597761154
10.6872909069
10.8582108021
11.2681519985
11.3379359245
11.0492341518
11.2634708881
10.9084570408
11.197355032
11.2525238991
10.7786879539
11.2603719234
11.2965679169
11.3008930683
11.2768108845
11.0752310753
11.2549519539
11.1015279293
11.3012518883
11.2596929073
11.2981879711
11.2573430538
11.2943511009
11.2847418785
10.6562178135
11.3002328873
10.7761969566
11.2681889534
11.3186039925
11.2485868931
11.3418929577
10.6796429157
10.7177960873
10.6610989571
11.3289530277
11.3516559601
11.0223548412
11.2558720112
11.3175811768
11.3070709705
10.6777629852
11.2849981785
11.3544449806
11.3005161285
11.2819910049
11.283468008
11.256911993
10.7962138653
11.4218299389
10.6580078602
11.3929560184
11.2557621002
10.6998550892
11.2630457878
11.2712311745
10.6783041954
10.9685900211
11.2461550236
11.0723941326
11.0517840385
11.0552799702
11.4238889217
10.9420149326
10.6693708897
10.6829049587
10.6569230556
11.1431770325
11.2722148895
11.4147479534
11.1875891685
10.69885993
10.6775429249
10.6655139923
10.6872777939
10.7084670067
10.6735692024
11.2660589218
10.6525230408
10.6860048771
10.6573889256
11.2728779316
11.1909220219
11.2556948662
11.3025040627
10.9927749634
11.2729651928
11.2575259209
11.3129749298
11.2862510681
11.2721250057
10.6963298321
10.6867599487
11.2635819912
10.7959940434
10.6947231293
11.2665691376
11.2953820229
11.2534120083
11.2788009644
11.2563431263
11.2214491367
10.6501209736
11.0803589821
11.1774010658
10.6538360119
11.3092930317
11.2712318897
11.2620911598
10.6854631901
10.7216279507
10.6751821041
11.3014860153
11.2889819145
11.2573828697
11.2023799419
11.0265421867
11.2651648521
11.3065109253
11.2522318363
10.7382659912
11.3085980415
11.4102878571
11.3504610062
10.6826901436
10.9309201241
10.6602571011
10.6829600334
10.838917017
11.2600069046
11.272012949
10.7604019642
11.2545721531
11.099766016
11.29814291
11.256731987
11.381483078
11.3021659851
11.348721981
10.887237072
10.8165400028
11.2961797714
11.2344858646
10.654845953
11.339345932
11.2933249474
11.307240963
10.8721470833
11.414921999
10.7618558407
11.3412578106
11.290722847
11.2830991745
10.6661770344
10.6801428795
11.2549340725
11.2385802269
11.2965278625
10.8783159256
11.3072309494
11.0148539543
11.2340991497
11.2639751434
10.7265591621
11.2651500702
10.6503989697
10.6834959984
11.2537620068
10.7125930786
11.0012090206
10.6630129814
10.7255768776
10.6682400703
11.3062438965
10.6644599438
10.6664748192
11.1551909447
11.2398018837
10.8784570694
11.2796359062
11.2597689629
11.3340890408
11.260242939
10.7137050629
10.8628189564
11.3158609867
11.4233648777
11.2507989407
11.1873688698
10.6850810051
10.7404098511
10.6584129333
0.922810077667
10.6882121563
10.6849009991
10.6917569637
10.7742080688
11.2633831501
11.3055310249
11.415448904
11.2155079842
11.3068361282
10.843307972
10.6876749992
10.66040802
10.6774010658
10.689499855
11.2957911491
11.2429039478
11.296931982
11.3041357994
11.2401139736
11.3351390362
11.3069140911
11.2710299492
11.2733671665
11.3638911247
11.2871999741
11.4147071838
11.2426059246
11.3015630245
11.2978088856
11.4321079254
11.2755348682
11.2916839123
10.6596879959
11.2721500397
11.2873079777
10.9388051033
10.6625540257
11.2592058182
11.2933139801
11.2635791302
11.2873189449
11.4031271935
11.2895278931
11.2813739777
11.2993798256
11.295789957
10.701166153
10.6830301285
10.6970851421
11.4228618145
11.2513310909
11.2476451397
11.3088359833
10.7496790886
10.6696619987
10.6518480778
10.6882491112
10.6848809719
11.0188429356
10.823939085
10.7193541527
11.3228240013
11.2991771698
10.7138319016
11.2880780697
11.258852005
11.3685660362
11.1558940411
11.0870540142
11.2650971413
10.6919791698
10.6828668118
11.0841851234
10.6899459362
11.2834239006
10.909952879
11.298085928
11.2934877872
11.4156289101
11.1084859371
11.4131300449
10.6697618961
11.2969532013
11.2585430145
10.9361960888
11.2655169964
10.7053620815
10.6693549156
10.6841931343
10.8585238457
10.6852941513
10.6893489361
10.6907529831
10.6621489525
10.6624848843
10.6808538437
10.6621291637
11.0826869011
10.7178778648
11.3008289337
10.6622109413
10.9113631248
11.2999060154
10.731415987
11.3011519909
11.3368461132
11.2802801132
11.2709898949
11.3170011044
11.2640380859
10.6633088589
11.2175679207
10.899766922
10.7172591686
10.6945960522
10.6932778358
11.2558701038
11.2918560505
11.314414978
10.7415211201
10.6549339294
10.7319710255
10.6562449932
10.7115008831
11.2997441292
11.3309578896
11.3004629612
10.8559360504
11.3478150368
11.3101990223
11.3064720631
10.8756239414
10.653924942
10.6750049591
10.6741709709
10.6605610847
11.293184042
11.3072659969
11.3177688122
10.6885499954
10.7098081112
10.9052209854
10.9603300095
10.7354669571
10.9833979607
11.3412458897
11.2993578911
10.6828300953
11.2592771053
11.2768118382
10.6784861088
10.6489849091
10.7131149769
10.6442041397
10.6788439751
10.6946821213
10.6745290756
10.6482830048
10.6637208462
10.6934709549
10.6459190845
10.6650929451
10.6833539009
10.6739208698
