10.5169079304
10.3118000031
10.4948658943
10.5544190407
10.6024420261
10.4387409687
10.2876369953
10.2656130791
10.30686903
10.274312973
10.32625103
10.5964479446
10.5799779892
10.596118927
10.6187779903
10.5511760712
10.6056361198
10.5586059093
10.5530669689
10.4766972065
10.6224589348
10.5995490551
10.555795908
10.604820013
10.4211659431
10.5571100712
10.2831799984
10.5568418503
10.5253841877
10.6039340496
10.5328609943
10.3266570568
10.3372170925
10.3038849831
10.3015160561
10.5441119671
10.571890831
10.5471580029
10.5755901337
10.5444271564
10.4852819443
10.4912109375
10.5495550632
10.5501849651
10.5723781586
10.4787960052
10.547670126
10.3651790619
10.2894730568
10.4336631298
10.2945029736
10.6617898941
10.3854899406
10.3456180096
10.3531060219
10.3263878822
10.3258910179
10.2907040119
10.5710470676
10.5746119022
10.5925569534
10.4441018105
10.4781308174
10.2803759575
10.5840599537
10.6008150578
10.5724258423
10.5977129936
10.6090888977
10.6204278469
10.2915151119
10.2924480438
10.5393590927
10.6132950783
10.5809140205
10.6177940369
10.3132278919
10.5816278458
10.2824120522
10.5792438984
10.6347651482
10.2967119217
10.5928759575
10.6337139606
10.5169260502
10.649463892
10.3141610622
10.3484680653
10.5623149872
10.4411280155
10.5580611229
10.5877361298
10.5888130665
10.5381538868
10.6280910969
10.6200640202
10.3326380253
10.5193459988
10.608536005
10.6106050014
10.6120738983
10.5091109276
10.5896360874
10.5867161751
10.6068029404
10.5917258263
10.4654099941
10.5798881054
10.6321349144
10.5655691624
10.3010859489
10.6142578125
10.4904499054
10.3374669552
10.298429966
10.5293910503
10.3743610382
10.4349570274
10.600507021
10.4728360176
10.5876858234
10.5718979836
10.5702559948
10.6151330471
10.5394411087
10.5558850765
10.4147298336
10.3430411816
10.2743389606
10.5430018902
10.6106011868
10.3530859947
10.3020977974
10.5908880234
10.4310848713
10.3665940762
10.5629851818
10.5471119881
10.5405650139
10.2973639965
10.572715044
10.5769569874
10.5104880333
10.5788609982
10.3848760128
10.5822949409
10.5768229961
10.572052002
10.5576229095
10.5882530212
10.5810739994
10.5487201214
10.550440073
10.2951779366
10.5862710476
10.3007359505
10.3679401875
10.5860960484
10.5652160645
10.5874090195
10.5290019512
10.3191030025
10.5248820782
10.607945919
10.5775170326
10.3366148472
10.5731539726
10.5674459934
10.5533349514
10.4997220039
10.5792329311
10.2895810604
10.3319671154
10.5989449024
10.6243569851
10.6756458282
10.3168950081
10.4387199879
10.4962818623
10.40173316
10.6001970768
10.6241061687
10.5716040134
10.538022995
10.612637043
10.5756480694
10.2906730175
10.3258681297
10.3022289276
10.471848011
10.5732159615
10.3594851494
10.4207458496
10.3976011276
10.579075098
10.311093092
10.3417210579
10.2908079624
10.5873501301
10.4214859009
10.4815850258
10.4779551029
10.3320438862
10.5248310566
10.5708050728
10.2936599255
10.2964308262
10.4510641098
10.5390069485
10.576887846
10.5673060417
10.5362849236
10.5429611206
10.3111841679
10.6296100616
10.5868918896
10.5435919762
10.565623045
10.3799090385
10.3002958298
10.5716080666
10.549366951
10.5358247757
10.5918400288
10.6351370811
10.3206181526
10.5997581482
10.6295289993
10.4780631065
10.3044707775
10.2873837948
10.477902174
10.5456519127
10.4392039776
10.5972909927
10.6078898907
10.2857351303
10.4383912086
10.6154649258
10.3202269077
10.3245379925
10.2968599796
10.3025388718
10.3029229641
10.2889170647
10.2989149094
10.564412117
10.6091508865
10.4071218967
10.6366839409
10.5667061806
10.3047151566
10.574835062
10.5212650299
10.6172521114
10.4601712227
10.2844541073
10.2711019516
10.2992529869
10.5411720276
10.3109538555
10.541424036
10.2945168018
10.3539748192
10.5792069435
10.5237779617
10.2929198742
10.2953801155
10.5977840424
10.6090800762
10.5739459991
10.636808157
10.6065649986
10.3042259216
10.4479620457
10.3064010143
10.2842609882
10.5350708961
10.3039951324
10.4799351692
10.5289018154
10.5843980312
10.5267810822
10.5634589195
10.5949280262
10.650177002
10.5785839558
10.6100170612
10.6312160492
10.5839929581
10.4083499908
10.6719689369
10.5828621387
10.2982378006
10.3089389801
10.3730690479
10.5885617733
10.5809187889
10.3122839928
10.4658880234
10.5700449944
10.5082950592
10.5837650299
10.5264630318
10.5041999817
10.5709440708
10.3541419506
10.5624170303
10.3947410583
10.2897379398
10.6088528633
10.4848959446
10.2883388996
10.3356869221
10.3417201042
10.3160409927
10.5527710915
10.3480129242
10.5244529247
10.5447001457
10.5972120762
10.5707859993
10.5649380684
10.5869870186
10.5354659557
10.6097710133
10.4543910027
10.3061151505
10.2983438969
10.6149978638
10.3904371262
10.3142499924
10.4359750748
10.4503598213
10.5669178963
10.6284348965
10.5666360855
10.6139609814
10.5890209675
10.3411619663
10.6005041599
10.2892491817
10.6162998676
10.638915062
10.6079139709
10.5992410183
10.4024338722
10.2955961227
10.5236520767
10.5622801781
10.4312391281
10.2804949284
10.5731508732
10.5765578747
10.3282868862
10.6310930252
10.3163120747
10.563683033
10.5659401417
10.2867910862
10.3162288666
10.5921781063
10.4492378235
10.5993728638
10.6056880951
10.5779218674
10.3122410774
10.5828928947
10.6601681709
10.6038119793
10.3124861717
10.315418005
10.3259627819
10.290102005
10.4683461189
10.5832781792
10.311549902
10.4690990448
10.4956429005
10.5698168278
10.325895071
10.3230559826
10.2990009785
10.5785691738
10.6038379669
10.5797178745
10.6470060349
10.5465660095
10.564691782
10.6047768593
10.5501320362
10.5087668896
10.5391352177
10.3417010307
10.3734009266
10.677063942
10.3864099979
10.3067948818
10.3411490917
10.4506349564
10.6029210091
10.6481790543
10.3142619133
10.520676136
10.558973074
10.3365700245
10.3292880058
10.3005399704
10.3370769024
10.6325609684
10.6040182114
10.5509490967
10.2849390507
10.5769979954
10.5532100201
10.6029851437
10.5814161301
10.4800889492
10.2951009274
10.555161953
10.5990929604
10.5744819641
10.4889650345
10.4863929749
10.4805850983
10.5821831226
10.5465760231
10.5933880806
10.4843990803
10.3094770908
10.3713469505
10.3629250526
10.621721983
10.3579981327
10.5586340427
10.4451959133
10.5262441635
10.5717079639
10.5361881256
10.3038680553
10.2830059528
10.3167078495
10.420443058
10.5337178707
10.6293430328
10.3551168442
10.5280349255
10.323415041
10.322578907
10.5601639748
10.5413720608
10.6186349392
10.5704638958
10.4287848473
10.5509340763
10.6536009312
10.3978528976
10.6471590996
10.3267929554
10.3135728836
10.3280479908
10.5629761219
10.2933139801
10.3399350643
10.5479178429
10.6078310013
10.4522509575
10.6158938408
10.5521080494
10.409099102
10.5838220119
10.5798048973
10.6047780514
10.5004708767
10.3813490868
10.6097149849
10.5903720856
10.4986350536
10.6145980358
10.3315289021
10.2752189636
10.558549881
10.5964579582
10.4899950027
10.2970860004
10.6367998123
10.566229105
10.6067090034
10.5788760185
10.5265359879
10.3254110813
10.6161310673
10.610517025
10.6711831093
10.3681659698
10.5288479328
10.6649589539
10.4864039421
10.3093709946
10.5862779617
10.3535571098
10.5331661701
10.5541679859
10.6349899769
10.407738924
10.5700829029
10.646903038
10.4640650749
10.2892899513
10.4200739861
10.4983100891
10.4293968678
10.621338129
10.6099710464
10.6298429966
10.6370790005
10.5910599232
10.620223999
10.3368928432
10.3463950157
10.5881381035
10.6103291512
10.6096959114
10.6453900337
10.3435020447
10.3105378151
10.3732020855
10.3804318905
10.5468649864
10.6410429478
10.4143071175
10.35582304
10.6599881649
10.5636827946
10.5531899929
10.5784449577
10.5957911015
10.6149179935
10.518228054
10.6372818947
10.4242811203
10.4664821625
10.564139843
10.59075284
10.642138958
10.5494821072
10.5735099316
10.674916029
10.5806250572
10.5623569489
10.6790242195
10.6566698551
10.4160439968
10.5455908775
10.5396499634
10.5661408901
10.5828430653
10.6344130039
10.4166870117
10.5571160316
10.6504840851
10.3658368587
10.3316888809
10.5940198898
10.6246778965
10.5838971138
10.5836429596
10.305724144
10.2999207973
10.7062778473
10.6638000011
10.6061310768
10.6216540337
10.6084959507
10.3279161453
10.3509731293
10.532171011
10.3244678974
10.2856659889
10.3393747807
10.3431618214
10.5856351852
10.6057419777
10.5464878082
10.6280670166
10.4564518929
10.3347990513
10.6148500443
10.6147460938
10.6244390011
10.4789719582
10.555077076
10.300590992
10.4325489998
10.5847270489
10.3271958828
10.3255279064
10.5379590988
10.3254849911
10.3590521812
10.5870912075
10.5312080383
10.5526280403
10.5796649456
10.3503041267
10.5791711807
10.3962390423
10.3685638905
10.3201467991
10.5716898441
10.5964758396
10.6543729305
10.5844330788
10.329335928
10.6683340073
10.6233730316
10.3376820087
10.6207859516
10.673566103
10.3014428616
10.3131690025
10.4307670593
10.3169908524
10.6329829693
10.3182189465
10.3076510429
10.321254015
10.2816410065
10.4530928135
10.5931410789
10.3745698929
10.5644450188
10.5576059818
10.5955910683
10.446406126
10.5987761021
10.5578260422
10.5537040234
10.6048059464
10.6085338593
10.3707840443
10.4817371368
10.5604100227
10.5871138573
10.6287901402
10.6015570164
10.6085219383
10.4715108871
10.6215851307
10.3190219402
10.542746067
10.5492839813
10.3157541752
10.3261220455
10.4580700397
10.6197340488
10.3340198994
10.3430771828
10.354722023
10.6337590218
10.5151998997
10.4243528843
10.2855479717
10.6463699341
10.6260271072
10.5396761894
10.6610620022
10.6480998993
10.6069779396
10.5518021584
10.2821729183
10.3229560852
10.3156778812
10.7014019489
10.5489571095
10.5587930679
10.4536249638
10.6222259998
10.6369621754
0.732470035553
10.5818359852
10.3195807934
10.6742219925
10.5519549847
10.595856905
10.2992491722
10.4592280388
10.5322449207
10.459471941
10.3185789585
10.2885539532
10.4765169621
10.6569831371
10.5215089321
10.6924738884
10.6293628216
10.469632864
10.6940951347
10.2915751934
10.5789601803
10.5616090298
10.5867738724
10.5748119354
10.6574640274
10.5806221962
10.56894207
10.5867350101
10.6758468151
10.3199589252
10.5713508129
10.6408009529
10.6425971985
10.5783660412
10.6539008617
10.6259000301
10.6023259163
10.5167469978
10.5652279854
10.4979681969
10.6427850723
10.5636451244
10.6160738468
10.4116230011
10.3872869015
10.604954958
10.5562720299
10.5565519333
10.4112150669
10.6565821171
10.5391509533
10.5232071877
10.3744978905
10.5880329609
10.5028669834
10.2990419865
10.6013419628
10.5391728878
10.6609420776
10.6137897968
10.6134750843
10.339206934
10.329128027
10.3087358475
10.6713850498
10.4717309475
10.3140239716
10.4668140411
10.5129308701
10.3510401249
10.6188931465
10.5981440544
10.3623800278
10.6114051342
10.5901889801
10.5731089115
10.4267599583
10.3396251202
10.3186650276
10.5869059563
10.6283750534
10.6421859264
10.3022038937
10.3117170334
10.605984211
10.607653141
10.6293070316
10.634291172
10.6070997715
10.6030240059
10.5134868622
10.6330139637
10.6068091393
10.5690259933
10.6399781704
10.5721049309
10.6320528984
10.5494880676
10.5299260616
10.6317369938
10.4388141632
10.5694701672
10.6220579147
10.6055321693
10.4310150146
10.5921339989
10.5662899017
10.2871129513
10.6293261051
10.5857322216
10.6466169357
10.5343060493
10.5772349834
10.6336820126
10.3235499859
10.4521811008
10.3262908459
10.3904919624
10.5973250866
10.5437672138
10.5607841015
10.3014140129
10.6479959488
10.6038060188
10.6697590351
10.3153018951
10.3711137772
10.612776041
10.5697550774
10.6100058556
10.6033990383
10.6416659355
10.6018111706
10.6929779053
10.5894331932
10.3823831081
10.2913360596
10.4982869625
10.4360280037
10.4072008133
10.3859090805
10.5967991352
10.5137951374
10.6094279289
10.4591488838
10.5638809204
10.5761110783
10.4794201851
10.6858160496
10.6975889206
10.3459961414
10.5583441257
10.547896862
10.5938341618
10.3166518211
10.2880558968
10.5278439522
10.6078019142
10.5713250637
10.5278439522
10.3077559471
10.5618469715
10.33335495
10.6123859882
10.5790588856
10.4687170982
10.3132200241
10.5789530277
10.2925410271
10.3111941814
10.478894949
10.3889508247
10.5755009651
10.3065950871
10.6131620407
10.58304286
10.6008319855
10.582515955
10.2840838432
10.3722009659
10.62834692
10.4817941189
10.6177420616
10.5667362213
10.3729410172
10.6171560287
10.5840280056
10.5637040138
10.6127669811
10.604804039
10.4996478558
10.5506930351
10.6459498405
10.6000988483
10.3113980293
10.6014399529
10.5931310654
10.5715041161
10.3420112133
10.2724909782
10.6183278561
10.3548150063
10.5795960426
10.5925340652
10.606867075
10.6543190479
10.2940580845
10.5534601212
10.3405611515
10.585089922
10.6178278923
10.6716079712
10.6179478168
10.6249089241
10.678730011
10.2912690639
10.5667700768
10.5669829845
10.6401278973
10.2900280952
10.4303328991
10.6012091637
10.6283199787
10.6134750843
10.6120488644
10.3212180138
10.5654110909
10.4708008766
10.484484911
10.3054590225
10.5870900154
10.4596810341
10.6013360023
10.5769989491
10.7032110691
10.2833697796
10.5490469933
10.6045899391
10.4675540924
10.6300489902
10.3937721252
10.3280611038
10.3164279461
10.588709116
10.614467144
10.6257338524
10.6419970989
10.3024199009
10.6308450699
10.6070208549
10.5829019547
10.5825541019
10.6252100468
10.6239070892
10.3232078552
10.5634820461
10.6448988914
10.6794440746
10.3509111404
10.3076848984
10.5149428844
10.5503270626
10.5167570114
10.5748188496
10.5998289585
10.3525052071
10.3220200539
10.6075561047
10.5477240086
10.3267428875
10.3098549843
10.4030911922
10.2983469963
10.6198160648
10.6453030109
10.5889210701
10.3270499706
10.3010370731
10.318477869
10.3178670406
10.4488739967
10.6091051102
10.5951240063
10.5667068958
10.2928249836
10.4750938416
10.3932909966
10.5622699261
10.640458107
10.4325809479
10.6043510437
10.6474781036
10.3050658703
10.2851400375
10.6129770279
10.3892719746
10.6498260498
10.6135318279
10.6069688797
10.5631649494
10.3432481289
10.3073790073
10.5746998787
10.3029100895
10.6498730183
10.4680349827
10.6236798763
10.546943903
10.5602648258
10.3287549019
10.3273568153
10.5595331192
10.2845158577
10.3162109852
10.2994320393
10.3321459293
10.278731823
10.3180198669
10.2915561199
10.2812077999
10.2644891739
1.31459307671
1.31620407104
1.31218218803
1.30423402786
1.30947995186
1.33956122398
1.34138512611
1.32010006905
1.3062582016
1.30065393448
1.32580304146
1.30107498169
1.30991005898
1.27773880959
1.31837105751
1.30370807648
1.3398938179
1.30809116364
1.32181692123
1.30124497414
1.31290602684
1.29609704018
1.29613685608
1.30846309662
1.30608606339
1.31823611259
1.31711888313
1.30192899704
1.3079199791
1.27418899536
1.31086492538
1.28396391869
1.3180270195
1.31835794449
1.32531285286
1.33554291725
1.31772685051
1.36408615112
1.3100039959
1.33133220673
1.29779100418
1.31915903091
1.35123586655
1.29887914658
1.30357098579
1.29609799385
1.31450104713
1.29024910927
1.32247185707
1.3152217865
1.29013705254
1.28280305862
1.33888411522
1.31533813477
1.30688905716
1.40785813332
1.33205604553
1.29930496216
1.33256483078
1.33667182922
1.30542206764
1.3047709465
1.29576301575
1.32167291641
1.32481193542
1.31701016426
1.29963707924
1.33187198639
1.33859491348
1.33878993988
1.33925104141
1.34582304955
1.32391405106
1.33369207382
1.33483886719
1.31528997421
1.31631994247
1.28160691261
1.31041884422
1.31033802032
1.30495119095
1.43358492851
1.44214391708
1.31356596947
1.32419204712
1.31911993027
1.33268094063
1.34781312943
1.3662750721
1.33884882927
1.29542207718
1.28415584564
1.32452893257
1.31807804108
1.30963397026
1.31068086624
1.30484890938
1.29228115082
1.35267496109
1.30322885513
1.29728412628
1.3226339817
1.29769897461
1.28087806702
1.3300318718
1.30146884918
1.33423495293
1.3266119957
1.32417607307
1.31943917274
1.31329393387
1.353951931
1.3135638237
1.30246901512
1.33766102791
1.30345797539
1.35299801826
1.33290481567
1.33349919319
1.29302787781
1.31744790077
1.34819698334
1.30325293541
1.34889006615
1.31459212303
1.34862518311
1.32780003548
1.33283686638
1.2822060585
1.32179999352
1.31705999374
1.32424807549
1.29965782166
1.38902401924
1.28444600105
1.29202795029
1.33069896698
1.29976010323
1.28143811226
1.30634999275
1.3495080471
1.28421497345
1.30353021622
1.29040884972
1.3586230278
1.32017612457
1.32749700546
1.2893640995
1.31707406044
1.32155418396
1.29504799843
1.30580210686
1.30330181122
1.28935790062
1.30483293533
1.2985432148
1.32958602905
1.48223900795
1.37968993187
1.32372307777
1.29796290398
1.28069901466
1.29284882545
1.31214189529
1.32064080238
1.31217002869
1.32029700279
1.29611086845
1.31849694252
1.30320906639
1.32377099991
1.33288812637
1.31052207947
1.29557204247
1.34447097778
1.31364202499
1.3095729351
1.29993796349
1.3176510334
1.332654953
1.34323811531
1.32146692276
1.35727000237
1.29980897903
1.29303908348
1.35110497475
1.32716488838
1.33901786804
1.29689002037
1.28640508652
1.28722405434
1.30214595795
1.29649090767
1.28749203682
1.31815099716
1.31827902794
1.40160012245
1.3146378994
1.37546110153
1.56544494629
1.30570602417
1.54583406448
1.32400298119
1.56303882599
1.28366398811
1.2979850769
1.28923988342
1.32864904404
1.32677197456
1.4747672081
1.31041097641
1.33793210983
1.29137897491
1.28996706009
1.31809592247
1.31476688385
1.31356287003
1.31699204445
1.35272312164
1.28435611725
1.31647610664
1.31062793732
1.34072709084
1.31322693825
1.30586004257
1.29652309418
1.30823111534
1.30618405342
1.32189798355
1.27358102798
1.32300901413
1.3101940155
1.2756228447
1.29063105583
1.35865306854
1.38151788712
1.41123485565
1.40302205086
1.28111505508
1.59177398682
1.37670397758
1.40023684502
1.29619407654
1.3186609745
1.31490707397
1.29404497147
1.37137699127
1.31528115273
1.30737090111
1.3148958683
1.30542993546
1.30721902847
1.33992409706
1.33331084251
1.32466697693
1.34054589272
1.36731004715
1.31869506836
1.32096004486
1.32538414001
1.31550693512
1.30528903008
1.32700419426
1.31061816216
1.33238887787
1.31010508537
1.29299998283
1.27802300453
1.31106901169
1.29055500031
1.37316608429
1.33775496483
1.29051494598
1.33107614517
1.27773404121
1.28864598274
1.294257164
1.31159496307
1.30894112587
1.38532710075
1.38206005096
1.33187198639
1.29797887802
1.33143305779
1.38304400444
1.29667592049
1.2912299633
1.29745697975
1.31561803818
1.32118797302
1.30975580215
1.29412794113
1.27697181702
1.31396079063
1.27977108955
1.33268713951
1.32002997398
1.29444599152
1.31939792633
1.29286599159
1.35022187233
1.29271697998
1.32211208344
1.302079916
1.29861903191
1.33202791214
1.27490305901
1.27738213539
1.31931400299
1.31204295158
1.3196041584
1.29887390137
1.33511400223
1.34463405609
1.29498696327
1.29604887962
1.37299799919
1.34327793121
1.30137109756
1.33398294449
1.31321191788
1.31441497803
1.32381892204
1.32293510437
1.29743313789
1.29398584366
1.29082608223
1.33807516098
1.32191896439
1.3120610714
1.31716895103
1.36498308182
1.30469584465
1.34702682495
1.33725214005
1.40656805038
1.33464503288
1.35934209824
1.3385181427
1.28660583496
1.29176187515
1.34808087349
1.32146406174
1.32590389252
1.31803011894
1.32494211197
1.29700493813
1.28829503059
1.29362106323
1.30240106583
1.32906103134
1.27415919304
1.34132790565
1.33172297478
1.32490420341
1.3167860508
1.38434791565
1.32690501213
1.29398202896
1.30387806892
1.31938505173
1.31894493103
1.34874916077
1.33527517319
1.28908395767
1.31241989136
1.31182813644
1.32899808884
1.33310508728
1.33360004425
1.30150794983
1.3250310421
1.28332495689
1.32889890671
1.35715198517
1.33250594139
1.32562494278
1.3172390461
1.4273660183
1.33542108536
1.31940412521
1.31099295616
1.3210940361
1.3399617672
1.37658190727
1.34446597099
1.43340492249
1.35608100891
1.32030677795
1.3104929924
1.31000709534
1.31597709656
1.30978798866
1.29140901566
1.31368494034
1.39799118042
1.30962181091
1.32155919075
1.31347608566
1.34052300453
1.3240571022
1.3173789978
1.29767608643
1.29021596909
1.27414107323
1.34056186676
1.30000710487
1.31729388237
1.31848692894
1.29941105843
1.32969498634
1.29820609093
1.31917905807
1.31295704842
1.32151699066
1.30772995949
1.31510591507
1.31861710548
1.31691908836
1.31049394608
1.34230709076
1.28818893433
1.31187105179
1.27192783356
1.29450201988
1.31040287018
1.31096100807
1.30790305138
1.39978599548
1.45112705231
1.32640790939
1.31212687492
1.32619595528
1.31323003769
1.32894802094
1.32020497322
1.32561588287
1.30712199211
1.33306908607
1.29194998741
1.3520181179
1.32732415199
1.34995293617
1.32599115372
1.30467391014
1.30417704582
1.30888700485
1.32033801079
1.28210306168
1.33724188805
1.33837389946
1.30490803719
1.29596805573
1.28892493248
1.31541895866
1.33841109276
1.32027482986
1.31487417221
1.30343794823
1.29151391983
1.31631207466
1.30991196632
1.31053495407
1.30657601357
1.31120896339
1.29792118073
1.32107615471
1.31693220139
1.36809492111
1.36202096939
1.32818698883
1.31423711777
1.32098722458
1.33000802994
1.30865502357
1.33097314835
1.34884119034
1.32750296593
1.33354401588
1.30789494514
1.32646608353
1.30400490761
1.36134195328
1.56816482544
1.53727698326
1.56029295921
1.48148202896
1.54642796516
1.53053188324
1.54817318916
1.29962992668
1.29159402847
1.2809112072
1.30886602402
1.29950594902
1.32246613503
1.29549694061
1.40554594994
1.32805991173
1.2963540554
1.33603310585
1.33043694496
1.34058308601
1.3230509758
1.28684306145
1.3063788414
1.3178050518
1.33347702026
1.52432489395
1.38136005402
1.31327700615
1.31287503242
1.32220602036
1.39378213882
1.28120684624
1.32502985001
1.35670089722
1.29568314552
1.31999492645
1.28846502304
1.33245015144
1.34623003006
1.37403798103
1.31142711639
1.29351782799
1.33852219582
1.31957602501
1.31700992584
1.63107204437
1.29004406929
1.32927393913
1.3239030838
1.3194129467
1.29310011864
1.32934379578
1.33389687538
1.32528090477
1.53344297409
1.41836810112
1.30805778503
1.35306191444
1.3367459774
1.57818293571
1.60522294044
1.43432497978
1.31127810478
1.33504796028
1.32425403595
1.36469101906
1.31866192818
1.32016515732
1.31250691414
1.27682304382
1.28769516945
1.50638008118
1.31637597084
1.31287813187
1.30767512321
1.28889083862
1.33490395546
1.31459999084
1.33527112007
1.31683111191
1.31669187546
1.34103703499
1.29698395729
1.31654500961
1.31536602974
1.28898596764
1.28183317184
1.28608393669
1.35287904739
1.50831913948
1.34195780754
1.2999958992
1.3134200573
1.30910015106
1.56119894981
1.58950591087
1.30950284004
1.31238102913
1.31582903862
1.29548096657
1.34772706032
1.29384303093
1.32308697701
1.29350996017
1.31391000748
1.30326509476
1.31717300415
1.31751680374
1.34442996979
1.33428406715
1.34246993065
1.33276605606
1.28460383415
1.4128139019
1.56750011444
1.56645607948
1.39476203918
1.56616306305
1.56141591072
1.54855680466
1.60477304459
1.29348301888
1.47330999374
1.53762698174
1.41681885719
1.37335205078
1.48013687134
1.54226303101
1.31101083755
1.29804301262
1.32303905487
1.55662107468
1.66360187531
1.3360490799
1.5773100853
1.55670118332
1.48335886002
1.36595702171
1.33732700348
1.3104801178
1.36789798737
1.54209208488
1.60104203224
1.58501505852
1.55426287651
1.61799502373
1.53248214722
1.33932709694
1.49254012108
1.47337698936
1.33555793762
1.63930296898
1.56405997276
1.31237888336
1.3840379715
1.3210170269
1.31250500679
1.32035398483
1.48873305321
1.36789989471
1.31125307083
1.30780386925
1.33627605438
1.31046104431
1.32056188583
1.32605695724
1.3803088665
1.31582784653
1.37492513657
1.31975221634
1.32658982277
1.38855886459
1.32092308998
1.28242611885
1.29503297806
1.32646298409
1.34109091759
1.63525605202
1.57609415054
1.56507706642
1.37087202072
1.42798614502
1.34486103058
1.32350993156
1.31550312042
1.6327149868
1.65491390228
1.54174089432
1.55269217491
1.46141004562
1.39690995216
1.61194896698
1.47481298447
1.53676104546
1.61915493011
1.47977495193
1.62657999992
1.43778586388
1.39159488678
1.36634397507
1.41181993484
1.56058812141
1.52075982094
1.57014918327
1.565969944
1.58880805969
1.58181905746
1.58628296852
1.54057383537
1.62545704842
1.59399223328
1.51222705841
1.46675920486
1.62090182304
1.60782003403
1.51023888588
1.47402882576
1.5316901207
1.571393013
1.5568151474
1.59290909767
1.41320705414
1.41260290146
1.33944797516
1.50829696655
1.54086208344
1.41919088364
1.34232115746
1.35036897659
1.30374503136
1.28837800026
1.35083699226
1.29623103142
1.32863306999
1.32990813255
1.31642007828
1.3320338726
1.32247805595
1.32833504677
1.29416918755
1.31595802307
1.31330513954
1.2946228981
1.29254388809
1.31358408928
1.30586314201
1.30246281624
1.31802606583
1.29738092422
1.28770494461
1.37367510796
1.29299402237
1.29578995705
1.34655594826
1.29168605804
1.28773808479
1.33680701256
1.50177097321
1.30058693886
1.30716300011
1.36814117432
1.35147714615
1.32789492607
1.53036808968
1.57009100914
1.29010295868
1.32791805267
1.34071207047
1.32760000229
1.34522390366
1.33384490013
1.37861514091
1.33355021477
1.32937788963
1.31437397003
1.30981302261
1.2811229229
1.32198095322
1.27538704872
1.36858510971
1.33218097687
1.33375597
1.31651687622
1.33793401718
1.28837990761
1.30489683151
1.29730510712
1.32191896439
1.30935120583
1.29285812378
1.30565214157
1.32616090775
1.31065893173
1.32004189491
1.29959106445
1.29877018929
1.34664106369
1.33089184761
1.29735589027
1.29310417175
1.3075838089
1.31331205368
1.31254696846
1.30116295815
1.29057908058
1.32495284081
1.27876091003
1.28984189034
1.31611394882
1.31368398666
1.31937885284
1.32819986343
1.30548191071
1.32763409615
1.31391000748
1.31362509727
1.29418897629
1.31752109528
1.29224300385
1.31882691383
1.32339787483
1.30431485176
1.31109881401
1.31979513168
1.35253787041
1.30617403984
1.30138111115
1.30841493607
1.31352210045
1.30115103722
1.2987651825
1.30510997772
1.31938409805
1.34623599052
1.30644083023
1.34091711044
1.32584190369
1.3009929657
1.27634310722
1.32341003418
1.31176280975
1.3326420784
1.2940518856
1.31400489807
1.29202795029
1.31105709076
1.30671715736
1.40788292885
1.33729100227
1.37079000473
1.47725200653
1.6218149662
1.33705711365
1.3585460186
1.34590315819
1.3032848835
1.33067798615
1.29144883156
1.34168195724
1.28587985039
1.33004808426
1.42789697647
1.31774997711
1.3104300499
1.31747102737
1.34439396858
1.30494189262
1.29590702057
1.35064697266
1.317704916
1.3017168045
1.30728697777
1.29950904846
1.33385920525
1.33099484444
1.33456206322
1.28750681877
1.33297300339
1.34287595749
1.30254411697
1.3452911377
1.32975792885
1.28933310509
1.31204295158
1.33332204819
1.33768510818
1.38109707832
1.37911009789
1.31826090813
1.29275107384
1.44704508781
1.29873085022
1.32344007492
1.31840205193
1.33046102524
1.33311486244
1.31677389145
1.31560587883
1.32000589371
1.32156801224
1.32366800308
1.34150099754
1.32597088814
1.30342388153
1.29264092445
1.33254909515
1.33414387703
1.40281391144
1.33638501167
1.29442405701
1.35297298431
1.31865000725
1.45157504082
1.30746102333
1.35347104073
1.36746716499
1.34964394569
1.35189700127
1.33379602432
1.33663797379
1.37853503227
1.30665588379
1.46167397499
1.30337190628
1.32080817223
1.31140208244
1.38240909576
1.31895089149
1.35580205917
1.31873106956
1.32387208939
1.31261014938
1.37183594704
1.31399202347
1.30159306526
1.30731201172
1.31490397453
1.28538799286
1.34595298767
1.328302145
1.33710384369
1.32145404816
1.33407282829
1.30582904816
1.30533099174
1.32188200951
1.28194212914
1.44513487816
1.32091498375
1.29245114326
1.30461192131
1.28284811974
1.31948900223
1.31617188454
1.3294210434
1.30707716942
1.30127310753
1.31165981293
1.28467702866
1.28097605705
1.28650093079
1.3139770031
1.33489584923
1.34761810303
1.32760214806
1.29881596565
1.29056382179
1.30033397675
1.46985697746
1.32001805305
1.32882785797
1.35035204887
1.36269807816
1.34304308891
1.46208882332
1.33506298065
1.37623095512
1.30711984634
1.31674289703
1.33218598366
1.32148790359
1.33464407921
1.32567501068
1.31854987144
1.48644709587
1.3560230732
1.29999399185
1.26808214188
1.33693885803
1.29095101357
1.32906579971
1.2912979126
1.31281590462
1.3250169754
1.31194090843
1.31137704849
1.34533309937
1.31411480904
1.31734681129
1.31511902809
1.28819298744
1.2929558754
1.32800006866
1.33220386505
1.34548687935
1.32156205177
1.30777406693
1.29316401482
1.35958886147
1.3674018383
1.31824803352
1.35499191284
1.30227899551
1.41876721382
1.42036795616
1.39684581757
1.37776899338
