4.03292298317
3.82402706146
3.89061307907
3.63575601578
3.57265996933
3.86102700233
3.85469603539
3.7668800354
4.19080400467
3.5706448555
3.98223805428
3.74898290634
4.21463108063
3.75408506393
3.62521505356
3.56913805008
3.59511804581
3.73946404457
3.90029096603
3.68931889534
3.70491695404
3.71267700195
3.64216017723
3.75572800636
3.63089990616
3.70866513252
3.77632284164
3.70089006424
3.7266690731
3.72120404243
4.10147404671
4.24767804146
3.68712282181
3.96001386642
3.75513386726
3.6862821579
4.52371811867
3.8677778244
3.97062420845
4.06155705452
3.77013993263
3.74830889702
3.68621516228
3.6143488884
3.51231098175
3.61548995972
3.78986787796
4.51537013054
3.85759091377
4.15699791908
3.60703897476
3.85724902153
3.60982394218
3.70184993744
3.68889093399
3.69620084763
3.64803791046
3.90122294426
3.62381696701
3.78028106689
5.34298801422
4.05140590668
4.14021396637
4.1035759449
3.95515704155
4.06257295609
4.04305696487
3.65640497208
4.29121804237
4.20882105827
4.33794498444
4.33868503571
3.66428399086
3.88969111443
3.92818903923
3.9134118557
3.74927997589
3.79495477676
3.81495404243
3.71441507339
4.03512597084
3.73682403564
3.90772104263
3.81306815147
3.92077302933
3.90295100212
3.80565214157
3.75805616379
3.67690086365
3.91100001335
3.82593989372
3.85020589828
3.62328696251
3.76566290855
3.77936196327
3.84364891052
3.8962199688
4.05768203735
4.08709216118
4.04495501518
3.68643212318
4.14064097404
4.47578001022
4.11117315292
3.93337512016
3.64940190315
3.73497009277
4.03501009941
4.00485801697
3.8227391243
4.00417208672
3.84792995453
4.18121099472
3.90833687782
3.65513300896
3.96329188347
3.75286602974
3.95865797997
3.92854309082
3.7150990963
3.67847704887
3.85369110107
3.91531896591
3.99513578415
3.73642301559
3.62637686729
3.82509708405
3.87009906769
4.03282022476
3.65374398232
3.76062893867
4.00621390343
3.74624300003
4.04994297028
3.78906106949
3.77156090736
3.91047692299
3.76062488556
3.94948601723
4.01117086411
3.8656668663
3.68454003334
4.19069504738
3.95818591118
3.74746513367
3.69616699219
3.74883890152
3.77893686295
4.01694989204
3.76013207436
4.04776406288
4.22102117538
3.71139216423
4.02661800385
3.94597697258
3.99222779274
3.90258002281
3.79438400269
3.6891450882
3.89460492134
3.59405016899
3.71166586876
3.68867683411
3.79277205467
4.35948777199
4.06823515892
3.97303891182
5.17041993141
4.78370809555
3.82947015762
4.01386904716
3.85635089874
4.48609399796
3.87302184105
4.30840706825
4.04331803322
3.80219197273
4.0449988842
3.77105689049
3.76283597946
3.68897891045
3.63085103035
3.70014882088
3.90184497833
3.86456513405
3.6568980217
3.81270885468
3.96239686012
3.7572889328
3.66629004478
3.63761711121
3.70907092094
3.78373503685
3.91308784485
3.67240905762
3.69195604324
3.6845908165
3.68670988083
3.90617585182
3.62574601173
3.71478486061
3.65979218483
3.74504709244
3.69905304909
3.64284300804
3.73894906044
3.68814682961
3.70550394058
4.08387899399
3.79228305817
3.88554501534
3.80868506432
3.70326900482
3.65405893326
3.69540786743
3.69595789909
4.43300485611
3.80192685127
3.95471405983
3.69157099724
3.78523993492
5.77944803238
4.04795384407
3.75818991661
3.6689209938
3.61817288399
3.71271109581
3.62816619873
3.68298602104
3.60237193108
3.68745088577
3.59753680229
3.73284983635
3.68556499481
4.14205908775
3.67103910446
3.68987703323
3.8484609127
3.79538583755
3.7787001133
3.72427105904
3.65703296661
3.72265386581
3.62875008583
3.70285701752
3.6821949482
3.8165948391
3.61351895332
3.63926482201
3.75701808929
3.78731489182
3.72101593018
3.81389808655
3.73953986168
3.70389103889
3.6225039959
3.7027349472
3.87627291679
3.72403407097
3.61232805252
3.54774284363
4.27114605904
3.91698813438
3.73944592476
3.7487449646
3.76332902908
3.85997986794
3.6992328167
3.66244983673
4.47150015831
4.46457004547
3.65583109856
3.65644192696
3.69646000862
3.9473760128
3.70787811279
3.65590286255
3.71842193604
3.70693898201
3.66546988487
3.7453520298
3.60763382912
3.71476912498
3.63353395462
3.67677116394
3.63972902298
3.77512598038
3.66684699059
3.68345713615
3.70288419724
3.61456680298
3.74726319313
3.61352491379
3.68154597282
3.62004804611
4.07617998123
3.6099190712
3.71613693237
3.66882586479
3.6424498558
3.67900896072
3.68265795708
3.83481287956
4.05601191521
3.81644821167
3.84215307236
3.74155783653
3.6367328167
3.72603297234
5.00773787498
3.72370910645
3.59982895851
3.60812306404
4.26398611069
3.7651450634
3.66147899628
3.59326815605
3.92650389671
3.71124911308
3.66717910767
3.91581583023
3.54073190689
3.66322994232
3.65038704872
3.70903086662
3.59722495079
3.7213101387
4.40014886856
3.80375313759
3.78245806694
3.72544908524
3.77431416512
3.62445402145
3.77027606964
3.65697693825
3.7118909359
3.96599888802
3.64080381393
3.6539068222
3.63587093353
3.68781709671
3.58571004868
3.75605916977
3.61527204514
3.69162511826
3.73894810677
3.69613814354
3.65416383743
3.6596019268
3.63966584206
4.02332615852
3.67757797241
3.73989701271
3.91194391251
3.8025560379
3.85128092766
3.734333992
3.70283317566
3.62924194336
4.17473483086
3.62082290649
3.72491312027
3.62319397926
3.69218301773
3.69522809982
3.70976781845
3.66737389565
3.64387512207
4.0785138607
3.7112967968
3.58465099335
3.69623112679
3.60351586342
3.71867012978
3.60333704948
3.71071600914
3.65045189857
3.67744398117
3.66536593437
3.6878759861
4.09347486496
4.07240891457
3.87945199013
4.47526311874
4.56110715866
4.14815092087
3.7336499691
3.63712215424
3.6695971489
3.66733407974
3.73504209518
3.83433103561
3.7901930809
3.71211886406
4.03543996811
3.59923410416
4.25548219681
3.5919880867
3.71632790565
4.4317419529
3.7230219841
3.64089298248
3.69050002098
3.60803604126
3.6990249157
3.63671398163
3.65736699104
4.20026016235
3.76043891907
4.13340687752
3.63463592529
3.98446702957
3.62049508095
3.69438409805
3.61668300629
3.77542090416
4.41376304626
3.87647795677
3.70032000542
3.75894188881
3.73442912102
3.69576597214
3.92514610291
3.83190608025
3.83422803879
3.8057539463
3.78062987328
3.76161980629
3.78651404381
4.4237780571
4.22135806084
3.9415128231
3.66653180122
3.57975792885
4.40739393234
3.75401091576
3.66688084602
3.64131784439
3.71333408356
3.66854190826
3.71464085579
3.60500717163
3.70581007004
3.70102596283
3.95568490028
3.76910185814
3.60645198822
4.58235788345
3.6295030117
3.66027593613
3.64624714851
3.6500480175
3.67023801804
3.63580298424
3.93029403687
3.61473417282
3.69082593918
3.59467291832
3.70326399803
3.8146739006
3.73704886436
3.99702978134
3.84135198593
4.13256502151
5.07339096069
4.37862420082
3.8251760006
3.70925617218
3.62388110161
3.72844600677
3.88919711113
3.68481898308
3.60553193092
3.67843794823
3.66541290283
3.66479802132
4.50752186775
3.62259697914
3.71793007851
4.02676296234
3.80716705322
4.13397598267
3.7754778862
3.67674684525
3.63971304893
3.6997179985
3.83057713509
3.6775701046
3.60047507286
3.72956299782
3.82350301743
3.70668792725
3.64617705345
3.67080497742
3.75817704201
3.63506507874
3.61291480064
3.68466806412
3.61206197739
3.69655704498
3.80120587349
3.69430184364
3.64056587219
3.98856306076
3.63931393623
3.68159890175
3.67698121071
3.67311000824
3.6542570591
3.64363598824
3.92402291298
3.6428360939
3.72345495224
3.59794902802
3.70519304276
3.592263937
3.70958304405
3.64189887047
3.68641901016
3.65271115303
3.65531492233
3.70090103149
3.63069295883
3.68547582626
4.02367210388
3.70025420189
3.61979794502
3.71173000336
3.60796499252
4.03524184227
3.67999196053
3.8376121521
3.73475217819
3.63058400154
3.69784712791
3.92022705078
4.32524991035
3.85687708855
3.89564704895
4.27710795403
4.17164206505
3.96614694595
3.75470995903
3.73510694504
3.87820100784
4.03808188438
3.80654001236
4.39961791039
3.70506310463
3.67917990685
4.0832118988
3.65382313728
3.7143881321
3.81628012657
3.76035404205
3.71949601173
4.14882302284
3.70193505287
3.61107683182
3.76836705208
3.70972585678
4.17601895332
3.62056899071
3.87448501587
3.75122594833
4.03303599358
3.83757710457
3.82284498215
3.73582386971
3.6573009491
3.62921905518
3.94520688057
3.64678692818
3.69549894333
3.59403014183
3.70965003967
3.84490799904
3.78687691689
3.93663406372
3.82010912895
3.72100710869
3.61788010597
3.65563893318
3.78924608231
3.65383791924
3.68228697777
3.62527489662
3.70092988014
3.60937190056
3.69439101219
3.88805913925
3.69593405724
3.69590806961
3.70448899269
3.65054702759
3.78497099876
3.65676999092
3.63012599945
3.68649196625
3.60422587395
3.68520593643
3.69265985489
3.74796199799
3.59523391724
3.71127295494
3.61798191071
3.67037296295
3.67702198029
3.64664316177
3.66487503052
3.6204969883
3.72136306763
3.60443305969
3.71646690369
3.96746087074
3.6877310276
3.60629916191
3.67501592636
3.63797092438
3.6743888855
3.65341997147
3.70768594742
3.92503499985
3.63555002213
3.82870483398
4.02976107597
3.7272040844
3.61434483528
3.72747087479
3.83017206192
3.93229913712
3.64157795906
3.79504394531
3.66397023201
4.02621603012
3.66090202332
3.69172310829
3.9680929184
4.2630879879
3.99337887764
4.35478210449
4.25805878639
4.19551515579
3.88475179672
4.08230185509
3.75667691231
3.69601488113
3.97411084175
3.66091704369
3.71872091293
3.73777604103
3.56574296951
3.95173692703
3.8639960289
3.82707905769
3.70109701157
4.20176696777
3.8776049614
3.76077699661
4.13962292671
4.43954992294
3.74165391922
3.63917994499
3.89256095886
3.66414999962
4.00900888443
3.64020204544
3.80769085884
3.63684797287
3.71710991859
4.19754195213
4.09225988388
3.71057796478
3.63082098961
3.68422198296
3.65843200684
3.70626020432
3.68018198013
3.71623587608
3.97008609772
3.63739919662
3.88643693924
3.64017701149
3.73663306236
3.73786187172
3.70711898804
3.67455506325
3.88544487953
3.81543898582
3.90716505051
3.64255619049
3.65109801292
3.82305598259
3.65701794624
3.67384719849
4.03329896927
3.74503898621
3.79101014137
3.77082109451
3.79185605049
4.09700989723
3.83604598045
4.65337896347
4.26106500626
4.12283205986
4.20052099228
3.76062297821
5.58533191681
4.59799003601
4.05849194527
3.968064785
4.05289888382
3.85873293877
4.07716798782
4.0645968914
3.97075605392
4.77202916145
3.82481312752
4.003428936
4.09062790871
3.89519810677
4.08893704414
3.99699497223
4.1472530365
3.9511449337
3.75036597252
3.72337007523
4.25645518303
3.78574895859
3.77917194366
4.88418698311
3.71752381325
3.99005699158
3.68847513199
3.62691903114
3.93755412102
3.68268108368
3.76212692261
3.64238786697
3.6655831337
3.74965596199
3.79409718513
4.18369698524
4.02103090286
3.75146698952
3.68402099609
3.89691901207
3.64328289032
3.73983383179
3.65658593178
3.73694086075
3.66862392426
3.73519897461
3.75226807594
3.69160103798
3.68180298805
3.69721078873
3.69980883598
3.80208110809
3.62469601631
3.73785495758
3.61234688759
3.70020794868
4.19990801811
3.86220002174
4.06304907799
3.64418506622
4.41265821457
3.68210220337
3.688174963
3.65104699135
3.70688891411
3.65557217598
3.89995002747
3.86820197105
3.79594898224
3.71097898483
3.67530798912
3.84666180611
3.73571395874
3.68186593056
3.63866901398
3.70720791817
3.66328406334
3.66988706589
3.67068099976
3.81457710266
3.75009608269
3.65237593651
3.70450186729
3.86002588272
3.658659935
3.69755411148
3.61447381973
3.71775794029
3.63245892525
3.72566580772
4.2995159626
3.6169989109
3.69351506233
3.92232084274
3.81622982025
3.69853687286
3.64865994453
3.65924191475
3.65861701965
3.62780404091
3.77028203011
3.60902500153
3.70388293266
3.61295318604
3.70252609253
3.92277312279
3.89085197449
3.70755314827
3.62636709213
3.90650081635
3.83388614655
3.96944403648
3.72263121605
3.70190286636
3.68998503685
3.81638813019
3.69558191299
3.65664792061
3.74538803101
3.63281297684
3.77992200851
4.01263999939
3.76062989235
3.89267206192
3.67258810997
3.86387777328
3.75218987465
3.69662189484
3.64817500114
3.67258810997
3.72281098366
4.57678699493
3.69591712952
3.67395496368
3.68228697777
3.59217905998
5.53114104271
4.843105793
3.60384583473
3.75982403755
3.74254798889
3.76862597466
3.67517089844
3.67319917679
3.90300107002
3.64699101448
3.76651883125
3.60727596283
3.75708413124
3.88798284531
4.13934612274
4.0783970356
3.63846588135
3.70547485352
3.58496689796
3.67841291428
3.62950706482
3.66568088531
3.94703412056
3.6485388279
3.65935301781
3.64099502563
3.63355088234
4.36850619316
4.05284810066
3.94622993469
3.82146286964
3.69292616844
3.61680006981
4.12633991241
3.65460801125
3.71971487999
3.67863416672
3.80211305618
3.65159988403
3.78933310509
3.81527805328
4.51793384552
3.85808181763
3.74199509621
3.71586990356
3.66689896584
3.67235302925
3.9339389801
3.69784092903
3.62288093567
3.72432112694
4.54314994812
4.6378159523
3.67894816399
3.93089413643
4.76692485809
4.12236905098
3.65335202217
3.63941001892
4.16323709488
3.99692392349
4.17711400986
3.78651499748
3.97062897682
3.64368700981
3.65178585052
4.17440009117
3.8477101326
3.92693591118
3.80056810379
3.77010416985
3.88463115692
3.78107714653
3.83486700058
3.79007792473
3.92542695999
3.75385713577
3.72857713699
3.81327295303
3.73019099236
3.78612303734
3.80733418465
3.83431911469
5.30241799355
3.80862998962
3.71513605118
3.71156096458
3.73578691483
3.70417785645
3.69788503647
3.68841600418
3.6359808445
3.71658301353
3.79607415199
3.75861811638
3.92367076874
3.65387701988
3.9164981842
4.19957399368
3.65103197098
3.777987957
3.66217303276
3.72507786751
3.69607400894
4.06841111183
3.74938392639
3.76921081543
5.43907809258
4.69885420799
3.76798701286
3.68966889381
5.24088311195
5.77197289467
3.83622479439
3.69708919525
3.88736701012
3.79542589188
3.75567507744
3.69602918625
3.71102714539
3.80897188187
4.41233897209
3.92421197891
3.73980689049
4.06735801697
3.6702029705
6.14921379089
3.7032020092
3.97426509857
4.63509297371
4.44926404953
3.7851498127
3.7641248703
4.19156002998
3.7069208622
3.80601787567
3.80968117714
3.8277759552
3.69945192337
3.70559501648
4.28871011734
6.03221201897
4.22844910622
3.7279779911
3.63124704361
3.75101208687
3.84665989876
3.81515789032
3.89791989326
3.89953804016
3.697961092
3.80141401291
4.3918671608
5.40753507614
4.38653802872
4.1768989563
3.94519615173
9.52453994751
10.8319790363
11.4098348618
8.76145601273
9.74036097527
10.0305948257
10.1726140976
9.43767595291
9.60983204842
10.4299941063
10.0571010113
9.80201196671
10.3820738792
9.6549179554
10.1070840359
10.1394951344
9.08194899559
11.5055499077
9.30374097824
10.555742979
10.3286318779
10.7448198795
9.71914887428
9.53391814232
10.4224920273
9.98655796051
10.569631815
10.0670258999
10.7291710377
9.91314601898
9.59252405167
9.80302500725
10.6965389252
9.04859495163
9.23255491257
10.1901869774
9.18092012405
10.4236440659
10.2690861225
9.43382287025
9.56486797333
8.68053293228
10.1580889225
8.24588799477
10.2576370239
10.3341810703
9.96560311317
10.0842721462
10.5848400593
9.24045205116
9.86711406708
8.7593100071
9.1958899498
9.51292800903
9.85556101799
10.780990839
8.46308088303
9.23256611824
10.2742581367
10.3707771301
8.39839506149
9.58841705322
9.30597281456
10.1770408154
10.2379949093
9.65483403206
11.0421459675
11.3576190472
9.383425951
10.8411231041
8.20871710777
11.9996230602
10.3491170406
9.49989199638
9.54084300995
10.6004769802
10.065376997
9.92604517937
11.2725000381
9.14882779121
9.76718306541
11.032186985
9.29021215439
9.62804198265
9.65793895721
9.36290502548
9.98800396919
10.6421530247
10.0378649235
10.8648531437
10.7668309212
10.4273309708
10.0929629803
10.7735950947
9.82376217842
11.7292559147
11.0523970127
10.9266059399
11.4792060852
9.560505867
9.78265881538
10.1377658844
10.0249910355
8.97675514221
9.38923597336
10.0937540531
10.2832188606
9.98043584824
9.14609503746
10.3925149441
9.85246300697
9.13638281822
10.6190049648
9.9307410717
10.4843761921
9.4513092041
10.5898509026
9.0133960247
9.24433207512
8.83488678932
10.2964370251
9.13391685486
10.0859849453
9.4762699604
9.45699906349
10.7701151371
9.9304561615
8.92744398117
8.66048502922
10.6588199139
10.4240098
9.67551898956
10.1119990349
10.5874149799
9.88469696045
10.2850620747
9.22029089928
10.385751009
9.54040384293
9.48172307014
9.15170788765
8.87911701202
7.6244931221
9.8398630619
9.74364995956
9.29276108742
9.24506115913
9.96569800377
9.28626585007
9.84813308716
9.30694484711
8.42237305641
9.24092912674
9.01205182076
9.64438390732
11.2900080681
9.5005979538
9.48126316071
9.12569499016
9.9097340107
9.62262296677
8.37137985229
9.75800800323
9.29136300087
11.7322759628
10.9336330891
10.7763028145
11.391477108
9.97620987892
10.8284389973
11.1295051575
9.03502202034
9.94432783127
9.51285004616
9.74862289429
10.1749129295
9.56447005272
11.160793066
11.0217020512
9.69080805779
10.7279169559
9.58337783813
10.1199541092
8.65550994873
10.045096159
9.90379095078
8.19407010078
10.5851020813
8.29737305641
10.0488109589
10.2885921001
10.6219558716
8.7301838398
9.02350091934
8.3399682045
9.04542613029
9.2893409729
9.23359704018
9.47488212585
10.3512711525
8.70535993576
8.43606090546
9.46968507767
9.2739379406
8.64013695717
7.68003702164
9.19162893295
8.8406829834
8.84231185913
9.44596719742
9.69882082939
8.24619817734
7.90304708481
10.1120109558
10.2752289772
8.34927201271
7.6073949337
9.18031311035
9.13071918488
10.1825830936
10.2135140896
9.3189470768
9.24871087074
8.714635849
9.26747393608
9.13247394562
8.94254398346
8.92592096329
10.1191489697
9.79223489761
8.4792599678
10.5508289337
9.28881597519
9.30394601822
9.47841000557
9.74891591072
9.71377897263
8.36478495598
7.36596703529
8.94222402573
10.6543300152
8.95929884911
10.9656879902
8.29311680794
9.65408802032
8.65122890472
9.11183595657
9.09377503395
9.12223100662
10.0969669819
9.65766501427
9.40983200073
9.40359282494
10.3840539455
9.66843891144
7.74261879921
8.68236899376
9.33595204353
8.80081105232
8.42468309402
9.35178208351
9.4632191658
10.4874298573
9.79726099968
9.33156585693
8.43477511406
11.0199890137
9.99494385719
9.73292779922
8.32161808014
8.45551300049
9.01530218124
8.12852692604
10.819590807
11.2922599316
9.10764312744
9.42612481117
9.70139598846
9.41559100151
9.47670817375
8.75860500336
8.63678717613
9.04658794403
10.7145969868
8.50084900856
9.24867010117
10.6950531006
10.779900074
10.1084518433
10.2413699627
9.71596717834
9.22106313705
9.0560798645
8.85828304291
9.47141313553
9.09329605103
9.80234313011
9.10180401802
9.45994091034
8.4118411541
10.2140200138
8.52679586411
11.1536681652
9.25120186806
9.16049599648
9.57470107079
8.39304089546
7.65743112564
11.4711921215
8.51584482193
10.8031489849
9.90933895111
9.22894716263
11.2626481056
9.9992120266
9.74047803879
8.80370807648
9.06539702415
9.10796689987
9.72886610031
10.0355389118
10.5559649467
8.69051885605
9.28599405289
8.33036994934
8.55806994438
8.90579199791
9.17310714722
8.56270313263
9.66714310646
10.1223709583
8.64807415009
7.50104808807
9.27886509895
7.14696907997
9.16259121895
9.16552519798
9.00795483589
7.60003590584
11.0796070099
7.60425400734
9.61433291435
8.66139006615
10.8351109028
8.22105789185
7.89534807205
8.377161026
8.3663020134
9.01468515396
7.80503988266
7.75112986565
8.03260707855
7.57873892784
9.80280685425
7.3916041851
8.76190805435
6.98915314674
7.69309401512
8.63183307648
8.53154397011
7.43678092957
7.60422706604
9.9674038887
9.14046907425
9.30970621109
8.89897012711
9.10607981682
10.5353279114
8.42248106003
7.78348684311
8.80449008942
7.18468499184
8.07942509651
9.59450697899
8.36359286308
8.89304995537
8.60760998726
8.89308595657
8.62390708923
8.33776187897
9.06394290924
8.55177402496
9.42762899399
10.2039089203
8.89426803589
10.0498900414
9.15026211739
8.25131607056
8.54636406898
8.65646696091
8.70102596283
7.17469406128
8.60928988457
9.31993913651
9.28982186317
9.60051488876
8.68594193459
7.38736200333
7.90217685699
9.5094640255
9.79412484169
8.83344912529
9.46145391464
7.78755092621
8.22338914871
7.4916229248
9.68922519684
8.60969305038
7.73370099068
8.67041707039
8.36583995819
9.25536298752
8.49216198921
8.11929512024
8.18684101105
7.9584710598
7.72444081306
9.95234799385
8.43127298355
8.73861503601
8.27385616302
8.51967406273
9.78510284424
9.07970285416
8.89030599594
8.64901590347
9.79504084587
8.02066087723
10.2944169044
9.59519290924
8.76105093956
7.37736105919
9.81830692291
8.83317399025
9.97677016258
10.0144889355
9.40643596649
7.819480896
7.61036896706
8.0587990284
8.10920214653
8.59660315514
8.18763399124
8.05604791641
8.4983048439
8.56326913834
8.57377409935
8.9347949028
9.28211307526
7.54435610771
8.66495299339
9.07645702362
9.24098992348
8.48175406456
8.31179904938
9.83623409271
9.1381778717
7.93368601799
8.82037401199
7.99433994293
8.88137817383
9.8563849926
8.33213806152
8.05906391144
7.57078194618
8.31284093857
7.58797883987
9.64752697945
8.9036090374
8.72192192078
8.95851898193
10.201102972
7.95295500755
7.29304218292
8.68962883949
7.95016098022
8.99286985397
8.46935415268
8.1789791584
8.13892388344
10.3120009899
9.7171330452
8.62782502174
7.39717006683
9.70573306084
7.46526789665
7.12690091133
8.99859690666
8.17546701431
8.7256128788
7.44178390503
9.11614513397
9.84363794327
9.23883891106
8.539260149
8.22430896759
7.82002401352
8.28398180008
10.2214028835
8.77518105507
7.99806594849
8.72305297852
9.3518178463
8.59048104286
9.19849491119
8.87305212021
10.8676979542
8.29671692848
8.76583790779
8.24274611473
8.89406299591
9.7268910408
8.58542490005
9.6529610157
9.2436478138
10.8908951283
7.98103904724
8.07783198357
8.25989794731
9.83993387222
8.2207159996
9.15681910515
8.79234004021
9.65015101433
9.49664497375
10.2089679241
8.29369711876
7.34618878365
8.59459209442
8.29970693588
9.03964614868
9.04957890511
7.77435302734
8.20608901978
9.45180296898
8.55996584892
8.42580699921
8.45887899399
9.27914786339
10.0035090446
10.8102798462
8.61779499054
7.23267483711
7.36347985268
8.20716905594
9.2300992012
8.61573386192
8.56734991074
9.84722590446
7.28996396065
8.76993083954
8.16414403915
9.11625695229
7.94188690186
7.18243503571
10.2397429943
7.24869608879
8.34080719948
8.53216409683
10.593362093
9.76560711861
7.74909186363
8.63116598129
9.32885503769
7.30431985855
7.73109912872
7.63429903984
9.22479605675
9.96725702286
8.70281720161
9.23461985588
7.1797349453
7.72462892532
8.56797289848
8.18685007095
7.58502197266
7.58156108856
9.2434990406
8.24786686897
8.76130080223
9.58197402954
8.97271513939
7.65574383736
7.39335393906
9.96738195419
7.68581104279
8.83268404007
7.91134285927
7.82417988777
8.0355079174
7.43963289261
7.2923810482
9.05144405365
8.11438798904
8.29817008972
7.59927797318
9.02193498611
8.20785307884
7.77119803429
7.4371638298
6.97940182686
9.16258716583
9.10654497147
8.92924785614
7.63570904732
8.82594609261
8.39015698433
9.39593815804
7.999366045
7.98164701462
7.74432611465
7.14980316162
8.98497700691
9.4423148632
7.79778409004
8.42753887177
8.83260512352
9.36788797379
8.14164710045
7.22606110573
7.5335650444
7.50450491905
10.5754389763
8.02757310867
7.78630399704
7.57828307152
7.38717699051
8.97103214264
8.31287884712
6.70840811729
7.63358712196
8.41513299942
9.8204600811
8.86784482002
6.9992389679
7.38175606728
7.15372514725
7.55053901672
8.70421981812
8.54960083961
7.87890791893
7.98712992668
9.4830019474
6.89079189301
7.17635893822
7.14519810677
7.22484397888
10.2089059353
7.1009979248
7.62625694275
7.25976896286
8.48659610748
7.46299600601
8.49124097824
6.84763407707
7.15793609619
8.31077694893
7.21193599701
8.90191483498
8.36273407936
7.46429491043
7.36076903343
8.42995095253
8.00715208054
7.27444982529
7.17728900909
6.87900209427
8.3300549984
8.42028999329
10.0941269398
7.59587001801
8.20820307732
7.39450001717
9.97708702087
8.4107260704
7.5829000473
7.53542995453
7.36178302765
7.64443802834
9.30375409126
9.22185206413
8.72785210609
8.73460912704
7.17247414589
9.0188908577
8.73459506035
8.85833382607
7.76822185516
7.5441300869
7.61561799049
8.60717105865
6.94783997536
7.75115013123
6.89918684959
8.76684999466
6.7760989666
6.63434815407
6.9541349411
7.39105606079
7.11607885361
7.39679598808
8.63578915596
8.67921090126
7.49802708626
6.83833003044
6.78522896767
7.36541199684
8.70088791847
8.21953511238
6.70967912674
7.24626588821
6.76326799393
7.21416211128
7.82637810707
9.77398395538
7.13702702522
7.78659510612
6.93380689621
6.80560994148
7.29011893272
6.55772805214
6.70733499527
8.51416993141
6.87569499016
7.18947792053
6.73792099953
6.57676196098
7.36424183846
6.92626190186
6.94246602058
6.29979205132
6.56237912178
6.50699210167
6.37802600861
6.7717859745
6.318390131
6.493309021
6.49675798416
6.52407002449
6.31164193153
6.31907081604
6.77099919319
4.89334702492
6.23734784126
6.27007102966
6.56286692619
6.38225293159
5.89205288887
6.47702312469
6.45772004128
6.11235117912
6.09966397285
6.48987293243
6.13352799416
6.30048823357
5.77430796623
6.36411905289
6.59350585938
4.52520179749
5.6328690052
4.75195717812
6.2518889904
6.51285791397
4.6857419014
4.64363884926
6.41926407814
6.45631814003
5.90589690208
5.57697105408
3.95655179024
4.04195404053
3.99393010139
3.95723414421
5.68600797653
4.65005588531
4.22830510139
4.05083489418
4.48703694344
3.91858696938
4.46099805832
4.30814504623
4.16017389297
6.03203821182
4.92185020447
4.46553421021
4.08597803116
4.07369399071
4.62764811516
4.22866606712
4.90326881409
5.4443628788
5.98990392685
4.1500248909
4.61453509331
4.3054420948
4.33502984047
4.58158111572
4.31577396393
5.35266280174
5.45405697823
6.40278100967
4.17761707306
4.04989504814
4.60605120659
4.77751302719
3.88576602936
4.56944704056
5.23606705666
5.1242890358
5.6892850399
4.01433610916
5.9574007988
5.322742939
4.06710004807
4.06073093414
3.86037802696
3.77192020416
3.95746707916
4.27354192734
3.97333693504
3.91530394554
3.88925981522
3.90252804756
4.62849497795
3.61449694633
3.86499500275
3.73757195473
3.55470895767
3.73594403267
3.60449409485
3.67653489113
3.63879203796
3.70173311234
3.49864697456
3.60309004784
3.84676718712
3.77522301674
3.58708906174
3.70791816711
3.60887503624
3.74474406242
3.87604403496
4.00257897377
3.94287800789
3.60489487648
3.65215206146
3.62809205055
3.54681396484
3.47086596489
3.56212687492
3.48922514915
3.56020116806
3.79557085037
3.70621705055
3.75329709053
3.49351596832
3.51886796951
3.62589097023
3.53507304192
3.6698038578
3.54545116425
3.57497382164
3.46770811081
3.54199290276
3.6972219944
3.76141905785
3.68451595306
3.68617892265
3.68864107132
3.44334197044
3.40510702133
3.58538508415
3.47101092339
3.52843999863
3.42829585075
3.58963918686
3.77669095993
3.58455204964
3.63614702225
3.40631222725
3.49114584923
3.43137598038
3.50581288338
3.53218078613
3.57648086548
3.39265584946
3.50631117821
3.49481582642
3.46303701401
3.41694688797
3.41896796227
3.39617991447
3.44632101059
3.41075897217
3.41567516327
3.43046379089
3.42416501045
3.41872310638
3.42534899712
3.39770698547
3.41565203667
3.39747810364
3.43391394615
3.40111494064
3.46979808807
3.4063949585
3.40790390968
3.47096395493
3.41977596283
3.43435907364
3.39695096016
3.41214203835
3.40654706955
3.40923094749
3.46963500977
3.40505099297
3.40818691254
3.41200399399
3.43707990646
3.41236686707
3.41422009468
3.44418883324
3.40561509132
3.40505290031
3.42404317856
3.47943711281
3.41854500771
3.41223502159
3.42463588715
3.41819596291
3.40345191956
3.41575098038
3.41391515732
3.40729498863
3.40350818634
3.40408611298
3.40055298805
3.4112598896
3.40229201317
3.67785310745
3.41592407227
3.40380001068
3.40064620972
3.41879105568
3.40430212021
3.41223907471
3.41573405266
3.43428492546
3.41952109337
3.40210986137
3.40974617004
3.39881896973
3.41455698013
3.40444493294
3.40042114258
3.4014840126
3.43694591522
3.41594696045
3.38508701324
3.41173100471
3.42437005043
3.41766905785
3.39209103584
3.44047808647
3.41106200218
3.39622688293
3.42172288895
3.41662096977
3.4242169857
3.39629292488
3.4197101593
3.39596319199
3.42641019821
3.4109389782
3.39902496338
3.4132039547
3.4104180336
3.42352604866
3.40170192719
3.4122698307
3.41603422165
3.43557095528
3.41756510735
3.42733597755
3.459182024
3.41088294983
3.42288088799
3.41166090965
3.41228508949
3.40563106537
3.4128010273
3.40927004814
3.45978784561
3.41371583939
3.40656590462
3.40571403503
3.39651083946
3.40894794464
3.39983606339
3.40073108673
