10.2362561226
10.2329359055
10.2333459854
10.2334461212
10.2310600281
10.2312698364
10.2370941639
10.344588995
10.2505049706
10.2719008923
10.3569209576
10.4444820881
10.2426691055
10.4626629353
10.4573948383
10.2413680553
10.2997710705
10.451898098
10.3332390785
10.2608611584
10.2530169487
10.2514131069
10.4627189636
10.466146946
10.4005730152
10.2523369789
10.2450528145
10.253428936
10.4775459766
10.244040966
10.4782500267
10.4612588882
10.4591529369
10.4610199928
10.2514898777
10.2534389496
10.2730650902
10.3822071552
10.4823639393
10.4791958332
10.4761390686
10.4730479717
10.2594568729
10.4768350124
10.5053329468
10.4622929096
10.2563550472
10.269053936
10.4776329994
10.4934999943
10.4997560978
10.4022939205
10.3416359425
10.3217830658
10.3237528801
10.4677791595
10.4680950642
10.361741066
10.4804451466
10.4891271591
10.4689600468
10.4669010639
10.2593541145
10.298416853
10.3295240402
10.5281898975
10.4707210064
10.5117111206
10.4645659924
10.2739439011
10.480355978
10.4632520676
10.4839770794
10.4851608276
10.3739290237
10.5009839535
10.3578078747
10.4849920273
10.26583004
10.2516961098
10.4579489231
10.4994950294
10.4752910137
10.4764289856
10.2611401081
10.3688669205
10.2440209389
10.3370139599
10.2610628605
10.4778308868
10.4800961018
10.4627637863
10.5029509068
10.5025720596
10.4316580296
10.4947590828
10.4992120266
10.47676301
10.3998651505
10.4760370255
10.5254299641
10.4701471329
10.4956591129
10.4664950371
10.3612279892
10.2598109245
10.4962120056
10.4049460888
10.4746890068
10.464318037
10.4826259613
10.4747159481
10.4838340282
10.5216310024
10.4669449329
10.4778029919
10.4825940132
10.4593279362
10.2754089832
10.4631080627
10.5170199871
10.4971809387
10.4757158756
10.3068959713
10.3882749081
10.3747160435
10.4977970123
10.4776749611
10.4725189209
10.5311498642
10.4815938473
10.2457270622
10.2728700638
10.3410758972
10.4055581093
10.2575540543
10.3166298866
10.4935209751
10.4202001095
10.442814827
10.2810590267
10.5004980564
10.3946499825
10.5086231232
10.4952142239
10.4795260429
10.2564301491
10.4943380356
10.4873621464
10.269423008
10.5152850151
10.4726250172
10.4951629639
10.3921380043
10.3072340488
10.2820310593
10.4959831238
10.4220709801
10.4856228828
10.5212171078
10.2546241283
10.4806821346
10.4596450329
10.4438660145
10.4483950138
10.3491339684
10.4989349842
10.515599966
10.3106501102
10.504791975
10.4691689014
10.4603948593
10.4728600979
10.4135980606
10.488161087
10.5243911743
10.4992880821
10.4999201298
10.4822909832
10.4784140587
10.4832689762
10.4940099716
10.4928290844
10.4594919682
10.4610769749
10.4220900536
10.2555420399
10.480987072
10.2618050575
10.4774119854
10.4761149883
10.4949498177
10.48559618
10.269826889
10.2607059479
10.386603117
10.4823641777
10.4844689369
10.2641317844
10.2510631084
10.2577478886
10.4771120548
10.4993088245
10.4807670116
10.4757168293
10.4964439869
10.4820029736
10.4849071503
10.4985320568
10.4789700508
10.4886860847
10.4992191792
10.3356881142
10.4823400974
10.4992251396
10.5079419613
10.4773330688
10.2678461075
10.4958350658
10.3818159103
10.2520570755
10.4950180054
10.4765930176
10.2489840984
10.2588129044
10.2590091228
10.2496211529
10.2526080608
10.4981949329
10.3095178604
10.4799509048
10.4982740879
10.2587170601
10.3289449215
10.2612240314
10.4957430363
10.4788739681
10.2528510094
10.263725996
10.4950528145
10.4756669998
10.3944039345
10.2603480816
10.4883489609
10.5147171021
10.4823200703
10.4978239536
10.4416060448
10.252918005
10.2602789402
10.26146698
10.4780421257
10.4770998955
10.4953758717
10.4829409122
10.483533144
10.5022218227
10.4945070744
10.4787890911
10.4931209087
10.4995429516
10.4772100449
10.254830122
10.4830241203
10.4798429012
10.4774041176
10.495153904
10.4840638638
10.4831550121
10.3424630165
10.2727360725
10.3812198639
10.4940190315
10.4996929169
10.4142022133
10.3269190788
10.4956288338
10.4774689674
10.4496631622
10.4986109734
10.4986920357
10.4744560719
10.5036380291
10.4914939404
10.4824049473
10.3134789467
10.2598769665
10.3990151882
10.3105728626
10.2672860622
10.2639160156
10.2547199726
10.4659481049
10.3309919834
10.2545609474
10.4772861004
10.49446702
10.4831120968
10.4826831818
10.4948568344
10.5083680153
10.480561018
10.495568037
10.4965679646
10.4533810616
10.4905841351
10.2629010677
10.4753551483
10.4884169102
10.5038380623
10.4806749821
10.4369189739
10.2663590908
10.3492529392
10.4770488739
10.4915909767
10.4985258579
10.4794659615
10.2530510426
10.2633759975
10.4841167927
10.4789328575
10.4952831268
10.2893428802
10.2541239262
10.2521150112
10.495980978
10.4779319763
10.2578220367
10.2641909122
10.2648060322
10.2540991306
10.2615220547
10.3601250648
10.4805140495
10.4835720062
10.4974420071
10.4735999107
10.2920980453
10.4071450233
10.3927028179
10.251513958
10.2520499229
10.489828825
10.4818019867
10.4796440601
10.2621600628
10.4895670414
10.4756410122
10.496737957
10.4936010838
10.4797868729
10.4965958595
10.3631808758
10.4794790745
10.4793908596
10.4968249798
10.4747750759
10.2524240017
10.4932358265
10.4991209507
10.4819331169
10.3784689903
10.4931099415
10.4786977768
10.3003168106
10.4966008663
10.4780108929
10.4818439484
10.4972989559
10.4874911308
10.4796001911
10.5018420219
10.49909091
10.2654540539
10.4919450283
10.2605760098
10.476804018
10.2534759045
10.2624111176
10.3175010681
10.2546420097
10.4967420101
10.3846440315
10.3011529446
10.4855341911
10.2629811764
10.2514059544
10.2527611256
10.4953970909
10.5008718967
10.4748239517
10.4753220081
10.3809828758
10.4559650421
10.2511091232
10.4962060452
10.4766008854
10.4826190472
10.2646379471
10.5026528835
10.441852808
10.4983768463
10.5019710064
10.2522549629
10.481194973
10.497508049
10.4795541763
10.4895009995
10.2620339394
10.4907209873
10.4765200615
10.4859359264
10.4953651428
10.2547979355
10.3025150299
10.2618551254
10.4762890339
10.4889028072
10.263420105
10.5003318787
10.4761559963
10.4981138706
10.3383979797
10.4818711281
10.4901359081
10.4962260723
10.4717800617
10.4874670506
10.4942789078
10.4788529873
10.2843739986
10.4954469204
10.3499820232
10.4820349216
10.494230032
10.4924869537
10.4829509258
10.4872100353
10.2800040245
10.3883759975
10.4342391491
10.478317976
10.4884970188
10.4624578953
10.4806711674
10.47458601
10.2603669167
10.4519438744
10.4793829918
10.4921000004
10.263272047
10.4795298576
10.5005860329
10.4967529774
10.4830241203
10.4788990021
10.4966731071
10.4790320396
10.4853048325
10.4924468994
10.4820148945
10.2496819496
10.2596490383
10.2692539692
10.266700983
10.4946010113
10.2525949478
10.4960849285
10.4963231087
10.4797360897
10.2556788921
10.4972321987
10.4787559509
10.4770600796
10.5007891655
10.4354560375
10.4157779217
10.4955670834
10.4940052032
10.4496769905
10.4918510914
10.5010869503
10.2537329197
10.4378390312
10.5053210258
10.3020021915
10.4270620346
10.5033681393
10.4744100571
10.4794390202
10.4982008934
10.3308610916
10.485656023
10.4224131107
10.2592179775
10.4189400673
10.4053859711
10.4936499596
10.4863741398
10.4736070633
10.4853029251
10.4831058979
10.3487040997
10.5061590672
10.4459578991
10.5000090599
10.461400032
10.3443710804
10.5497851372
10.3991239071
10.5194149017
10.4842700958
10.5095770359
10.4621241093
10.3981089592
10.5004220009
10.4802749157
10.4879510403
10.5028629303
10.5205478668
10.4870669842
10.2941100597
10.3487229347
10.2728979588
10.3069970608
10.2829749584
10.2827708721
10.2744851112
10.2920269966
10.2839040756
10.2839920521
10.344408989
10.3103649616
10.4845509529
10.5027019978
10.3883821964
10.4806230068
10.4809157848
10.5017662048
10.4922659397
10.506677866
10.311439991
10.3200268745
10.5026311874
10.4991881847
10.4817979336
10.4818110466
10.5052130222
10.5011639595
10.3110220432
10.4815118313
10.4876949787
10.5066890717
10.3954470158
10.2652928829
10.5094740391
10.4987108707
10.4621191025
10.480533123
10.5402710438
10.5103290081
10.4821870327
10.4844510555
10.2699651718
10.5051569939
10.4913260937
10.5041840076
10.2715668678
10.5065169334
10.3809070587
10.4968910217
10.4272568226
10.4852921963
10.5227899551
10.2652077675
10.2708480358
10.4872961044
10.4814479351
10.295675993
10.2572870255
10.4994380474
10.2608640194
10.2577569485
10.5071210861
10.5053331852
10.502518177
10.5080599785
10.4230930805
10.4975838661
10.4921119213
10.3666450977
10.2742371559
10.5005540848
10.2641220093
10.4892401695
10.4816849232
10.4631309509
10.4984679222
10.4373400211
10.4982450008
10.4956240654
10.4363369942
10.4822409153
10.4894988537
10.5009009838
10.5007610321
10.3378789425
10.4881329536
10.4907178879
10.5273048878
10.3140330315
10.5206809044
10.40147686
10.4885551929
10.5117440224
10.3702259064
10.4887430668
10.5351569653
10.4989511967
10.372179985
10.5134921074
10.325909853
10.4868488312
10.5283699036
10.5297989845
10.2646131516
10.2912371159
10.3204340935
10.4145209789
10.3857059479
10.501718998
10.5194351673
10.4999570847
10.4929528236
10.4941840172
10.4944820404
10.4903960228
10.2544841766
10.4498939514
10.5241758823
10.4308290482
10.5091810226
10.5480790138
10.4826898575
10.4850468636
10.5123240948
10.4900169373
10.2603561878
10.3337981701
10.4500620365
10.5148799419
10.5212991238
10.4861011505
10.4237668514
10.5164821148
10.4910972118
10.4255430698
10.4813358784
10.2631230354
10.4883110523
10.4846498966
10.4986178875
10.5032498837
10.2554168701
10.4357988834
10.2829968929
10.5028879642
10.2660439014
10.4314630032
10.4252378941
10.4943339825
10.2552130222
10.5406498909
10.2514278889
10.488546133
10.2650339603
10.4213941097
10.3473799229
10.5009660721
10.4981160164
10.494494915
10.4774811268
10.4795880318
10.2725989819
10.4770698547
10.4961650372
10.4912312031
10.4992539883
10.2608160973
10.4761209488
10.4878718853
10.2783429623
10.5141539574
10.4477300644
10.4802100658
10.4857430458
10.4440720081
10.2713010311
10.3828690052
10.4996459484
10.3565628529
10.2515869141
10.2592890263
10.2869241238
10.4971530437
10.5012550354
10.5012729168
10.509262085
10.4762909412
10.2868821621
10.4268581867
10.4700498581
10.5325200558
10.2518970966
10.4993131161
10.5153620243
10.2605888844
10.4969320297
10.4962689877
10.4278430939
10.2615339756
10.4797639847
10.4916629791
10.5258500576
10.4575459957
10.3932621479
10.2577280998
10.2644910812
10.3411109447
10.265707016
10.4992830753
10.351020813
10.5120670795
10.4449551105
10.4904258251
10.4894020557
10.2687880993
10.2732188702
10.5186038017
10.4826250076
10.4891419411
10.2784149647
10.4880859852
10.5229308605
10.5098788738
10.5219581127
10.2662210464
10.5076429844
10.4871180058
10.438575983
10.4902570248
10.5050239563
10.5445628166
10.5039491653
10.4869740009
10.5027329922
10.5016181469
10.3440170288
10.5115759373
10.5195789337
10.4200241566
10.4962852001
10.5451409817
10.2544970512
10.5350239277
10.4811508656
10.4959599972
10.5399990082
10.5170121193
10.4805698395
10.2705450058
10.2513830662
10.4955751896
10.479061842
10.5436098576
10.4786429405
10.5179898739
10.2734529972
10.2631192207
10.2639291286
10.2632579803
10.2667899132
10.49365592
10.2515828609
10.4757881165
10.4201300144
10.4782299995
10.4961149693
10.3661911488
10.4789888859
10.3129749298
10.3324248791
10.2811160088
10.4996650219
10.3084969521
10.4842400551
10.2657241821
10.4748160839
10.4891200066
10.5151629448
10.5076811314
10.4921360016
10.2623488903
10.2809228897
10.4959769249
10.4866108894
10.4880890846
10.5149419308
10.2618529797
10.4976949692
10.5427961349
10.4883430004
10.2507851124
10.2619190216
10.495568037
10.4974589348
10.2623100281
10.2528729439
10.4943578243
10.5186851025
10.4954628944
10.4943239689
10.3231489658
10.4775750637
10.4784629345
10.4909119606
10.4880080223
10.3007609844
10.3523800373
10.5175569057
10.4296739101
10.4852750301
10.4537107944
10.5204179287
10.4795470238
10.4957869053
10.4671139717
10.2611238956
10.5403649807
10.4978320599
10.4838709831
10.4959199429
10.5155820847
10.4940240383
10.4840788841
10.3507518768
10.4952099323
10.2602319717
10.4809248447
10.3684699535
10.516065836
10.2917461395
10.5130429268
10.4209179878
10.4787609577
10.4910840988
10.4982659817
10.5015358925
10.5394330025
10.2526600361
10.2939331532
10.2611589432
10.4096369743
10.4466080666
10.5141699314
10.4524099827
10.5043461323
10.3340959549
10.4813699722
10.2599461079
10.3240931034
10.2851569653
10.4432420731
10.2532811165
10.5250258446
10.4867360592
10.389359951
10.4774270058
10.4968280792
10.477643013
10.4829940796
10.2610709667
10.4416530132
10.4816131592
10.496284008
10.5155031681
10.4967319965
10.5152909756
10.3287599087
10.4753210545
10.4807858467
10.500234127
10.2520480156
10.251429081
10.2629518509
10.2743651867
10.2646648884
10.2629921436
10.2654180527
10.2704589367
10.2540531158
10.2760429382
10.512513876
10.3262348175
10.4986450672
10.2527468204
10.2744150162
10.4783298969
10.5208821297
10.4843819141
10.4940040112
10.4838938713
10.479940176
10.3581659794
10.4830489159
10.2770209312
10.4761040211
10.2843959332
10.4789309502
10.2554459572
10.2615561485
10.5387330055
10.2603440285
10.3447868824
10.5361349583
10.253467083
10.4939968586
10.5183520317
10.495593071
10.5036380291
10.4866259098
10.4958319664
10.4970040321
10.4805428982
10.3624789715
10.2617528439
10.5371849537
10.4927368164
10.5412111282
10.2574319839
10.2540221214
10.2637360096
10.2745299339
10.2644569874
10.2634279728
10.2658219337
10.3482182026
10.2871928215
10.2777910233
10.2552931309
10.2659599781
10.2672529221
10.2547609806
10.3925299644
10.2646861076
10.2877161503
10.2642638683
10.254224062
10.2528400421
10.4946830273
10.4849889278
10.4146559238
10.5149590969
10.478536129
10.5146710873
10.2615771294
10.4985120296
10.478523016
10.4795269966
10.4963150024
10.4835019112
10.4771661758
10.5113270283
10.2524859905
10.3429908752
10.4797508717
10.4829640388
10.4245510101
10.5099699497
10.495745182
10.4818470478
10.2781038284
10.2815067768
10.2526330948
10.264122963
10.2644181252
10.262830019
10.2861788273
10.2638721466
10.2600729465
10.2548639774
10.4996509552
10.4773740768
10.4793450832
10.4979398251
10.5163209438
10.4971578121
10.3732860088
10.4963150024
