10.2338910103
10.2392549515
10.2446279526
10.2459440231
10.2372941971
10.3664040565
10.4373660088
10.4976420403
10.47833395
10.2772181034
10.4844300747
10.4098761082
10.2453029156
10.4777870178
10.4991688728
10.4786369801
10.4734098911
10.4897658825
10.2656941414
10.4452359676
10.4703679085
10.2511398792
10.4196469784
10.2447679043
10.2541267872
10.331346035
10.4770619869
10.4864909649
10.492470026
10.2964351177
10.4682750702
10.4895610809
10.2465288639
10.4219341278
10.4577178955
10.2565219402
10.5312378407
10.4813628197
10.2844748497
10.4967911243
10.5002779961
10.4751060009
10.4879720211
10.4839689732
10.4782440662
10.4263999462
10.2879338264
10.4768848419
10.315294981
10.5160059929
10.2589449883
10.2517790794
10.4905540943
10.4816219807
10.4785208702
10.4921898842
10.3143959045
10.2644679546
10.5081989765
10.4895348549
10.4904952049
10.270583868
10.4951388836
10.2681469917
10.5080711842
10.3625218868
10.4897239208
10.2658331394
10.4452648163
10.2582268715
10.2565181255
10.2907869816
10.2665879726
10.446657896
10.492552042
10.4900999069
10.2538518906
10.4920868874
10.3026609421
10.2780678272
10.489934206
10.505890131
10.3327429295
10.4703581333
10.4955868721
10.3328959942
10.3408210278
10.2746579647
10.2870638371
10.2526960373
10.4753780365
10.2632749081
10.482391119
10.4942200184
10.5193390846
10.5368218422
10.4806809425
10.3039810658
10.3281579018
10.3403160572
10.2994139194
10.3491909504
10.494946003
10.4966049194
10.2623100281
10.4984579086
10.3754918575
10.5042948723
10.4857487679
10.3659379482
10.2534761429
10.4351301193
10.5199890137
10.49584198
10.2750489712
10.2519090176
10.5267281532
10.2516570091
10.5222549438
10.4873399734
10.4934899807
10.4124720097
10.3645830154
10.2872781754
10.4825210571
10.4989171028
10.2509069443
10.5192511082
10.4400429726
10.4944491386
10.4472908974
10.4869160652
10.2894859314
10.2937970161
10.2664530277
10.2797169685
10.345968008
10.4877669811
10.4353160858
10.4098381996
10.4839498997
10.5032541752
10.5068910122
10.4857769012
10.505343914
10.2695889473
10.4990439415
10.4919810295
10.5191180706
10.5277850628
10.4983010292
10.5004229546
10.4721550941
10.283921957
10.5067369938
10.4796218872
10.2573339939
10.4189448357
10.4920339584
10.2711369991
10.5049312115
10.5161139965
10.2802858353
10.3140718937
10.5361700058
10.3530950546
10.4501020908
10.4889121056
10.4894599915
10.5297920704
10.4522747993
10.5120539665
10.4548521042
10.2951929569
10.3739469051
10.4935150146
10.4975368977
10.2568490505
10.4921889305
10.5032501221
10.4887719154
10.4934380054
10.5082798004
10.2593472004
10.4847579002
10.3926548958
10.2648770809
10.4840428829
10.5087940693
10.2633738518
10.2627601624
10.4959518909
10.2719330788
10.5025990009
10.2558581829
10.2728099823
10.5043299198
10.4830651283
10.4888169765
10.4968521595
10.5025830269
10.2561099529
10.5120120049
10.4957380295
10.2588539124
10.4020688534
10.2776091099
10.4250569344
10.4177160263
10.262556076
10.4876861572
10.490457058
10.4390480518
10.4895169735
10.4990518093
10.504791975
10.3474960327
10.3289299011
10.2719678879
10.5087678432
10.2500510216
10.4844279289
10.5178639889
10.4896378517
10.5072460175
10.261316061
10.2691421509
10.4836828709
10.4971909523
10.2701141834
10.2596960068
10.2618610859
10.5003061295
10.2654750347
10.2554891109
10.5157678127
10.5169839859
10.4850449562
10.483497858
10.347826004
10.5128839016
10.3743720055
10.289965868
10.3589689732
10.4256169796
10.5194468498
10.258836031
10.5099508762
10.5089569092
10.4890170097
10.504737854
10.5272579193
10.354804039
10.2818031311
10.4981508255
10.5005660057
10.2546479702
10.5129480362
10.4310531616
10.2533979416
10.5097050667
10.4067008495
10.4897239208
10.5172441006
10.3373520374
10.2545871735
10.2598159313
10.5167148113
10.4937980175
10.4855430126
10.2626700401
10.4772028923
10.2619879246
10.2585129738
10.513669014
10.4834060669
10.3060019016
10.2776961327
10.2676620483
10.4982299805
10.5332911015
10.5048420429
10.4915618896
10.2748301029
10.5003750324
10.5051999092
10.4786310196
10.5003790855
10.4946370125
10.4867839813
10.5094099045
10.2655570507
10.2578120232
10.5164120197
10.5089221001
10.2635622025
10.4921219349
10.2741410732
10.3480348587
10.4846131802
10.5015830994
10.492082119
10.50770998
10.4497799873
10.5169551373
10.4896950722
10.5069639683
10.5095100403
10.4843828678
10.258133173
10.3498871326
10.5083041191
10.2610828876
10.507835865
10.2759621143
10.2568130493
10.2805809975
10.4984409809
10.2527449131
10.4890260696
10.2884421349
10.4508349895
10.4854688644
10.5028040409
10.2664070129
10.2592198849
10.4938111305
10.276930809
10.4887719154
10.2568368912
10.5125508308
10.5049090385
10.498748064
10.5035271645
10.5048980713
10.4898920059
10.501748085
10.5386509895
10.4942500591
10.4574491978
10.3017020226
10.2613132
10.2547600269
10.5205218792
10.5059940815
10.4821479321
10.4894218445
10.5053260326
10.4943480492
10.4904959202
10.5023100376
10.4612259865
10.4918720722
10.3905191422
10.3586499691
10.5054368973
10.5046570301
10.4415121078
10.4809730053
10.4954600334
10.3632249832
10.4894459248
10.4981489182
10.5183329582
10.4997830391
10.4538419247
10.3122339249
10.2939250469
10.4008221626
10.5208079815
10.502314806
10.4472608566
10.4899191856
10.5082550049
10.4787080288
10.490945816
10.5041069984
10.4933979511
10.4834361076
10.534621954
10.3235359192
10.2540669441
10.4954409599
10.5194327831
10.5039200783
10.4894020557
10.5080549717
10.4876549244
10.4374918938
10.2686321735
10.2665140629
10.4969451427
10.5079920292
10.3972079754
10.5004599094
10.4748420715
10.50664711
10.4953579903
10.4859950542
10.5003519058
10.4987649918
10.3678109646
10.5023348331
10.5162811279
10.4863779545
10.4000608921
10.5025370121
10.2714569569
10.2648160458
10.262016058
10.4099550247
10.2531161308
10.5093560219
10.523512125
10.4311561584
10.5036640167
10.4973709583
10.4932160378
10.4517550468
10.5124452114
10.5041930676
10.4804689884
10.2675411701
10.4977059364
10.5049521923
10.5187740326
10.5276710987
10.4910199642
10.26430583
10.502737999
10.5064480305
10.4810020924
10.4970669746
10.4865760803
10.397179842
10.4693219662
10.3011651039
10.4334220886
10.2727341652
10.5130360126
10.5261380672
10.4921882153
10.4492731094
10.267334938
10.5114598274
10.4822328091
10.51029706
10.526471138
10.495100975
10.4967889786
10.500056982
10.4858181477
10.3428680897
10.5152630806
10.3009109497
10.4970400333
10.3978569508
10.5151021481
10.4504179955
10.4979999065
10.3164148331
10.5631849766
10.5111470222
10.492636919
10.273722887
10.5001478195
10.3610539436
10.2584300041
10.5204060078
10.5036540031
10.4872457981
10.3130478859
10.2630190849
10.4476029873
10.2746250629
10.4341769218
10.2569701672
10.2554938793
10.2649240494
10.2740390301
10.407378912
10.5114541054
10.5037441254
10.3110830784
10.2785859108
10.5110580921
10.4897139072
10.4361388683
10.5129520893
10.5209820271
10.4891271591
10.2554049492
10.5018661022
10.4130592346
10.5096650124
10.4912731647
10.5285229683
10.5215890408
10.5065250397
10.50324893
10.2913329601
10.2992780209
10.361782074
10.2706558704
10.2944920063
10.4961538315
10.3150749207
10.2974910736
10.3816688061
10.5384948254
10.5121748447
10.4875049591
10.5011620522
10.3155248165
10.5101401806
10.5056128502
10.5055720806
10.5190448761
10.3642451763
10.5411701202
10.2988770008
10.5343179703
10.5089571476
10.4548530579
10.4930510521
10.4865682125
10.5081019402
10.486205101
10.5013120174
10.5117511749
10.4541668892
10.4995820522
10.4880721569
10.5066988468
10.5042059422
10.2869310379
10.2965331078
10.2916510105
10.505851984
10.4891200066
10.5027461052
10.5325369835
10.4985978603
10.3121390343
10.3194200993
10.4925529957
10.2739620209
10.5351159573
10.4943628311
10.3570098877
10.4917361736
10.5176329613
10.5148370266
10.5167191029
10.5094919205
10.2731180191
10.2811632156
10.2912008762
10.4175269604
10.5062520504
10.5131919384
10.422524929
10.5268611908
10.4939367771
10.5253040791
10.4952960014
10.2581989765
10.5254061222
10.5237250328
10.4116010666
10.266974926
10.3662769794
10.2893650532
10.5058450699
10.4922609329
10.5118889809
10.2747108936
10.5029230118
10.4914870262
10.4203500748
10.3281700611
10.4594070911
10.2570540905
10.5322849751
10.2738111019
10.2730641365
10.4973139763
10.4051570892
10.4975099564
10.4799101353
10.5296590328
10.503237009
10.3586909771
10.5143611431
10.5036690235
10.5033121109
10.4856479168
10.4055330753
10.3766689301
10.2591240406
10.2901580334
10.2761209011
10.2772951126
10.2898440361
10.3710939884
10.4860451221
10.5070850849
10.3032081127
10.5167250633
10.5322730541
10.4466040134
10.4136230946
10.5418820381
10.5159909725
10.5011079311
10.5219449997
10.2781920433
10.2901468277
10.2728910446
10.5070040226
10.5167047977
10.5323808193
10.2976799011
10.5272750854
10.497220993
10.5119171143
10.5264620781
10.556912899
10.5159981251
10.29479599
10.5070960522
10.2849500179
10.497369051
10.5411450863
10.4208331108
10.497533083
10.3433411121
10.5166099072
10.4388020039
10.3789401054
10.3048791885
10.2981359959
10.4214468002
10.2778019905
10.3498539925
10.3959860802
10.5043559074
10.5364220142
10.388081789
10.4231739044
10.5324041843
10.5055971146
10.5442321301
10.4788811207
10.2877690792
10.4968369007
10.5206317902
10.5248820782
10.5260579586
10.5162870884
10.4934279919
10.2585921288
10.5086688995
10.3177690506
10.5224978924
10.4852440357
10.563849926
10.510571003
10.5047450066
10.4836578369
10.5112819672
10.5275580883
10.5200510025
10.5483150482
10.5280730724
10.3900270462
10.2821359634
10.2789740562
10.2584869862
10.2559399605
10.5138750076
10.5084421635
10.4079189301
10.4977140427
10.3062281609
10.4897220135
10.5401310921
10.5404720306
10.325979948
10.5104269981
10.5217008591
10.493486166
10.4896609783
10.5079081059
10.4634261131
10.5381319523
10.4969751835
10.3013339043
10.2589869499
10.256896019
10.5129051208
10.5265491009
10.499309063
10.2529299259
10.5624518394
10.3072590828
10.5102159977
10.5170090199
10.4895000458
10.4954209328
10.4878621101
10.522731781
10.5071129799
10.4282841682
10.2744939327
10.254406929
10.2721271515
10.4826228619
10.5299210548
10.4887468815
10.4140970707
10.3945178986
10.4967498779
10.499227047
10.2982869148
10.2672288418
10.4369058609
10.4992918968
10.5256080627
10.5174968243
10.4882798195
10.2898609638
10.493158102
10.5392940044
10.4188551903
10.4972388744
10.555355072
10.4055089951
10.5238029957
10.4500229359
10.5099937916
10.5775468349
10.3060400486
10.5493099689
10.4980249405
10.5417940617
10.3895380497
10.5122978687
10.5444071293
10.2643890381
10.3435940742
10.466422081
10.5257940292
10.5157139301
10.5089700222
10.5331010818
10.5217628479
10.537689209
10.542536974
10.5131042004
10.378082037
10.4860918522
10.5398321152
10.5175490379
10.5388009548
10.502425909
10.512524128
10.5091121197
10.5527830124
10.5004270077
10.4927721024
10.2633299828
10.2722351551
10.2689721584
10.409320116
10.2768161297
10.4898900986
10.4638340473
10.5241529942
10.5006439686
10.5355100632
10.2715389729
10.506469965
10.3778371811
10.5139389038
10.4945309162
10.5010728836
10.269564867
10.2786917686
10.4899368286
10.498745203
10.4926040173
10.256401062
10.2788109779
10.475124836
10.4724318981
10.4936850071
10.4091899395
10.2899968624
10.4945251942
10.5427489281
10.4080889225
10.5269570351
10.5123500824
10.4818239212
10.4408018589
10.2541949749
10.4867911339
10.5138480663
10.507668972
10.5077970028
10.331692934
10.4987540245
10.2705070972
10.5202810764
10.4071309566
10.2938940525
10.4337639809
10.4904229641
10.5080828667
10.5104908943
10.4198379517
10.2614471912
10.2605309486
10.5000829697
10.4131789207
10.3988621235
10.5385100842
10.5285439491
10.5025420189
10.4348340034
10.5516619682
10.2628970146
10.2676939964
10.2767398357
10.2567338943
10.5001370907
10.370126009
10.4998729229
10.4897110462
10.5559768677
10.4996819496
10.5045719147
10.3965849876
10.2652890682
10.2639799118
10.2657659054
10.4737899303
10.2990849018
10.4204251766
10.2885320187
10.5058879852
10.4313149452
10.5024449825
10.4961237907
10.4923419952
10.5158910751
10.5090899467
10.5165710449
10.2530460358
10.4450919628
10.2669939995
10.2852458954
10.3415560722
10.2777328491
10.3454101086
10.5018639565
10.5137889385
10.5006189346
10.5064001083
10.5166709423
10.5076990128
10.5563921928
10.5047888756
10.548913002
10.4190311432
10.4915130138
10.5079979897
10.2675299644
10.4978451729
10.4087882042
10.2677679062
10.2543640137
10.2834529877
10.4932119846
10.4989199638
10.5297729969
10.3443760872
10.2669348717
10.5009610653
10.4928040504
10.5121290684
10.4918408394
10.5451300144
10.4836010933
10.5165500641
10.403689146
10.4945170879
10.2617650032
10.3663299084
10.2776448727
10.5266389847
10.514081955
10.499311924
10.5484380722
10.4851279259
10.5416638851
10.4267590046
10.5187449455
10.3031210899
10.4875950813
10.548527956
10.4955179691
10.512595892
10.500068903
10.5536181927
10.3804280758
10.3758778572
10.2695641518
10.2652139664
10.3899860382
10.4978089333
10.289399147
10.4917190075
10.4887700081
10.2775950432
10.4906001091
10.3241121769
10.4855380058
10.488722086
10.5122740269
10.3014259338
10.2632961273
10.4376149178
10.5011489391
10.5236990452
10.3075039387
10.5011827946
10.497040987
10.4850618839
10.27901721
10.3295049667
10.5171599388
10.2650880814
10.2695941925
10.3080399036
10.5040891171
10.4832341671
10.5226221085
10.264991045
10.2562720776
10.4703059196
10.5039589405
10.5501778126
10.5069739819
10.5211150646
10.3200368881
10.5233910084
10.4928498268
10.2577700615
10.2776298523
10.2589671612
10.284031868
10.2808070183
10.2690289021
10.4872291088
10.4884428978
10.4997720718
10.4936649799
10.2544391155
10.5274281502
10.3299508095
10.2752108574
10.2631280422
10.4920051098
10.2684910297
10.2680289745
10.2756249905
10.518501997
10.5000550747
10.5227060318
10.4858398438
10.5098159313
10.5256419182
10.4980530739
10.322010994
10.44592309
10.5088179111
10.5024590492
10.2695219517
10.2600779533
10.2649791241
10.2767560482
10.2819809914
10.2672851086
10.2949061394
10.2680778503
10.2954940796
10.2740411758
10.2517549992
