3.54062700272
3.55850410461
3.55074691772
3.56062793732
3.54398202896
3.5527741909
3.59983515739
3.55336523056
3.53742790222
3.54508686066
3.57225489616
3.52935290337
3.61641216278
4.55109286308
3.73011112213
3.80424308777
3.96936821938
3.64192295074
3.55761218071
3.5539560318
3.55421304703
3.81465506554
3.73777699471
3.67767310143
3.82257199287
3.59160685539
3.63525080681
3.77640986443
3.64492082596
3.6244559288
3.64171600342
3.63838505745
3.57721400261
3.67140197754
4.33132195473
3.66024208069
3.83350396156
3.8531908989
3.78483986855
3.74485111237
3.7598118782
3.79202604294
4.14450097084
3.63774609566
3.71086001396
3.89389586449
3.87561798096
4.11598491669
4.00496292114
3.92304801941
4.48223495483
4.2439031601
4.30598211288
4.19933009148
4.17660903931
4.23107981682
4.7810959816
4.24634003639
4.04966592789
4.76062917709
4.24233007431
4.57318711281
4.05969691277
4.04670000076
4.14630794525
3.9995970726
3.77248597145
3.89725589752
4.15191888809
3.87833404541
3.87835407257
4.08330512047
3.77702999115
4.10104489326
3.82269191742
3.94245195389
3.97740316391
4.13698101044
3.8128528595
3.73537802696
3.85257792473
3.98550391197
4.1151061058
4.08057904243
4.47099590302
4.38384318352
4.23296809196
4.0592880249
4.39279294014
4.31830310822
3.95761203766
4.10548710823
3.95477986336
3.9504430294
3.88015198708
4.26478886604
3.99879407883
3.7620909214
4.00844788551
4.17603993416
4.26835203171
3.86369895935
3.74298191071
3.79600000381
4.14103412628
3.69598793983
3.71888399124
3.67616987228
3.76124501228
3.90052986145
4.05298805237
3.83311104774
4.06467199326
4.3073861599
3.89515590668
3.98809790611
3.98986506462
4.09013390541
4.12754797935
4.21442198753
3.89286994934
4.10148596764
4.28137087822
3.9618461132
4.05994582176
3.81441307068
4.05924987793
3.99868893623
4.04847598076
4.37421298027
4.30405592918
4.13562393188
4.08101391792
3.96504282951
4.08504199982
4.16993093491
3.9634180069
4.10755801201
4.00723600388
4.2470240593
3.90018391609
4.10798215866
4.06685400009
4.0952911377
3.80192804337
4.17896413803
3.77087211609
4.11757183075
4.47400593758
4.26104402542
4.278414011
4.27381181717
4.1031191349
4.11737513542
3.92603182793
4.07080101967
3.98888897896
3.92596912384
3.77957391739
4.24627304077
4.29479217529
3.97832298279
4.13149785995
3.83527803421
3.74973797798
4.17250204086
3.76155495644
3.68167591095
3.6911649704
3.9153239727
3.74336099625
3.69575691223
3.70424008369
4.56556200981
3.86882710457
3.82210803032
3.82068395615
3.85966300964
3.80354595184
3.93449997902
3.8258600235
3.75609707832
4.35954999924
3.91239905357
3.75069308281
3.70726203918
3.698595047
3.72063994408
3.67125701904
4.17727804184
3.97200322151
3.94514393806
4.26596188545
3.82141208649
4.02282500267
3.6940100193
3.83557796478
3.7265329361
3.87618708611
4.17817807198
3.85303616524
3.74868512154
3.8593249321
4.15930104256
4.08150601387
4.36344003677
3.96077203751
3.9202849865
3.99951601028
4.27132606506
3.75961899757
3.67421221733
3.87552690506
4.00337719917
3.8764128685
3.77709889412
3.81705212593
3.73494887352
3.80863785744
3.76334500313
3.99526810646
3.8621339798
3.89252400398
3.87254691124
3.85754299164
3.7799179554
4.15939211845
4.12416195869
4.15071296692
3.97183513641
3.8072347641
3.77953195572
3.78370094299
4.09934902191
3.85251784325
3.8130979538
3.68033504486
3.69231700897
3.97921991348
3.88841605186
3.89862108231
3.8146648407
3.8244869709
3.86127305031
3.8469619751
3.89297294617
3.7051949501
3.75376296043
4.18892598152
3.99607801437
3.88859081268
3.73789000511
3.6834769249
3.71170306206
3.8436460495
3.92025995255
3.84140491486
3.77909183502
3.80406284332
3.76134300232
4.07713699341
3.73021697998
3.63929200172
3.7594909668
3.9544467926
3.8440721035
3.75286889076
3.98167204857
3.75450706482
3.93073701859
3.8264811039
4.00548005104
3.98321795464
3.74516892433
3.9136030674
4.06659007072
3.7709980011
3.68645095825
3.73201704025
3.85693097115
3.8834939003
3.79541397095
3.71256709099
3.7387008667
3.76431894302
3.92120885849
3.84513092041
3.83448886871
3.86803913116
3.75928401947
4.12167787552
3.84531497955
3.73085713387
3.87821817398
3.73370814323
4.79169082642
3.72922515869
3.83578801155
3.73666715622
3.81230998039
3.766051054
3.86392903328
3.74687314034
3.71852302551
3.70378708839
4.15887999535
4.18681788445
3.88187789917
3.99080991745
3.87983393669
3.79180502892
3.90772604942
4.01963496208
3.8092880249
3.8341729641
3.88429093361
3.80013799667
3.82877206802
3.86083602905
3.79199099541
3.92998290062
3.8128991127
3.86864995956
3.93015480042
3.97671508789
3.77919197083
3.87376213074
3.76006293297
4.01162695885
3.78838396072
3.9638941288
4.0698299408
3.8316090107
3.88746500015
3.83481884003
3.85068702698
3.75028610229
3.79022502899
3.97746396065
4.02588009834
3.97874903679
3.85990190506
4.07347798347
4.0768020153
4.49294686317
3.8371090889
4.07541704178
4.30082893372
4.15212392807
4.1231470108
4.09168982506
3.68865513802
3.69896411896
3.80310821533
3.89587211609
3.93617486954
3.82583093643
3.84480619431
4.08690094948
3.81468391418
3.63298392296
3.8229341507
3.84322309494
3.76477098465
3.79670500755
3.66073203087
3.79162502289
4.11602711678
3.78087496758
3.81591200829
3.69268608093
3.78317713737
3.7093038559
3.81446290016
4.0801820755
3.70667004585
4.24603104591
3.81832408905
3.80168318748
3.78439188004
3.69626307487
3.81703305244
3.70632100105
3.68370890617
4.06478500366
3.66757583618
3.74505186081
3.83634710312
3.76621794701
3.92792987823
3.70683908463
3.80342292786
3.62146401405
3.70020103455
3.78859591484
3.7443728447
3.75008392334
3.71312499046
3.67570900917
3.6622209549
3.85390782356
3.60440993309
3.97131109238
3.62820005417
3.84434318542
3.80652308464
3.60878014565
3.82652401924
3.6095199585
3.65347504616
3.56207299232
3.7080271244
3.87997102737
3.81112408638
3.63851904869
3.70202708244
3.61338019371
3.82670998573
3.60072302818
3.6910610199
3.82521295547
3.67764496803
3.69672107697
3.56913900375
3.62548398972
3.81934595108
3.60172200203
3.66511702538
3.5694038868
3.62648200989
4.19707918167
3.7470831871
3.65213918686
3.85045194626
3.71067214012
3.75966405869
3.68177700043
4.20039200783
3.65564918518
3.73534989357
3.8412501812
3.86561799049
3.80826711655
3.76335000992
3.63999199867
3.72290802002
3.59468603134
3.56150388718
3.57018399239
3.57786893845
3.6324198246
3.63965415955
3.79299092293
3.54185295105
3.59214997292
3.56813287735
3.72541999817
4.17665100098
4.08142590523
3.7130651474
3.58986401558
3.57030820847
3.55573701859
3.57712697983
4.01646304131
3.52623605728
3.54861116409
3.56220602989
3.5463039875
3.54878497124
3.54314994812
3.58839011192
3.63628387451
3.60928177834
3.5833530426
3.55195999146
3.53392481804
3.58088088036
3.74061203003
3.76025414467
4.26320195198
3.97442793846
3.66501021385
3.80641198158
3.65350103378
3.65164804459
3.7585170269
3.64781618118
3.86029911041
3.722219944
3.69227385521
3.59782886505
3.58442902565
3.80036497116
3.66042423248
3.6031908989
3.68120002747
3.66258788109
3.64039301872
3.85813498497
3.99227499962
3.70472097397
3.65051007271
4.00048398972
3.67757701874
3.92827582359
3.75072216988
3.96618390083
3.57940602303
3.55865907669
3.54445290565
3.63040995598
3.80522894859
3.57474184036
3.80739092827
3.55027008057
3.54857897758
3.57735610008
3.53998303413
3.50807094574
3.53480100632
3.55648398399
3.59429907799
3.61042904854
3.56551980972
3.57431006432
3.56409978867
3.555768013
3.57381415367
3.56211805344
3.52514410019
3.57827305794
3.54000616074
3.55637693405
3.57026982307
3.57904410362
3.54274392128
3.52924704552
3.51717400551
3.56010103226
3.6019089222
3.51785993576
3.53413414955
3.55002498627
3.57794618607
3.54417181015
3.56922888756
3.54621100426
3.64844894409
3.53360104561
3.52597284317
3.54348087311
3.53639507294
3.56693911552
3.52835583687
3.55115413666
3.63558697701
3.56142091751
3.60052108765
3.58692789078
3.57727193832
3.5491309166
3.5658800602
3.60817289352
3.56233787537
3.56452202797
3.5381629467
3.57906508446
3.55230212212
3.56323003769
3.53881502151
3.56903600693
3.57111692429
3.53699684143
3.6119120121
3.53270602226
3.53631496429
3.56635284424
3.62213897705
3.64324998856
3.54553103447
3.54174089432
3.57529997826
3.54875183105
3.53310394287
3.63942694664
3.74957990646
3.58687806129
3.62170481682
3.58434605598
3.59281802177
3.65462994576
3.58473801613
3.54917407036
3.60765314102
3.57615494728
3.54743885994
3.564412117
3.65888190269
3.61061692238
3.65102410316
3.6376581192
3.59163308144
3.52344799042
3.52307701111
3.6074488163
3.58779120445
3.55774617195
3.72853517532
3.68525481224
3.6356511116
3.64365911484
3.67706203461
3.59927511215
3.63124513626
3.57420301437
3.63586115837
3.60712504387
3.55317401886
3.57815885544
3.54212999344
3.52137517929
3.56847882271
3.55483603477
3.5468120575
3.53410410881
3.54846215248
3.5550069809
3.5419459343
3.59843111038
3.55589318275
3.56651115417
3.55412983894
3.54528212547
3.52183794975
3.55636501312
3.55147099495
3.54508495331
3.55124187469
3.58613419533
3.53489899635
3.55466294289
3.5443789959
3.57848501205
3.5271961689
3.61610198021
3.56775307655
3.56607198715
3.54429793358
3.62775182724
3.53906416893
3.54553604126
3.55591797829
3.6143951416
3.54911112785
3.53313302994
3.6372051239
3.56985092163
3.54074287415
3.54365611076
3.68659687042
3.56249880791
3.6788380146
3.55638813972
3.687032938
3.59609794617
3.57793092728
3.571144104
3.63030695915
3.51299095154
3.56031084061
3.67716598511
3.56943702698
3.62884116173
3.62444400787
3.73753404617
3.70853114128
3.70726180077
3.7080180645
3.58914089203
3.5714571476
3.53898191452
3.634526968
3.53022694588
3.53368997574
3.55846381187
3.55520510674
3.57032203674
3.51243901253
3.55832099915
3.558781147
3.56041193008
3.54726600647
3.69889593124
3.71378993988
3.72571086884
3.72178912163
3.52310109138
3.65881109238
3.707654953
3.54857110977
3.57068800926
3.55451798439
3.73451399803
3.71302819252
3.73332715034
3.752202034
3.79615998268
3.74639201164
3.74100184441
3.71811103821
3.65305113792
3.59328222275
3.52253985405
3.5091919899
3.76351714134
3.73309016228
3.56637907028
3.75398612022
3.76884794235
3.75694108009
3.74666404724
3.78224086761
3.71202611923
3.65800094604
3.58418488503
3.63687109947
3.5601708889
3.68142795563
3.81699490547
3.7837460041
3.81044006348
3.78892397881
3.81052112579
3.79303407669
3.80341887474
3.78610301018
3.73897910118
3.67893195152
3.5604019165
3.57660984993
3.82211589813
3.61124110222
3.56616091728
3.68234300613
3.55373811722
3.54413199425
3.55567598343
3.53385090828
3.52550315857
3.55282306671
3.65339279175
3.53213500977
3.6014149189
3.58526086807
3.55995297432
3.53023290634
3.58383202553
3.52977395058
3.61213588715
3.54379701614
3.52687811852
3.57187581062
3.57306194305
3.52903103828
3.59118199348
3.52434277534
3.537940979
3.52939510345
3.56469106674
3.56297397614
3.50546002388
3.55286478996
3.56444597244
3.52301716805
3.56574296951
3.53671097755
3.571393013
3.55138087273
3.58141183853
3.56195688248
3.62561488152
3.55930089951
3.54696989059
3.53680610657
3.54554200172
3.53764486313
3.5717689991
3.53552007675
3.55105185509
3.58564901352
3.54425787926
3.53340482712
3.53564381599
3.53242611885
3.54643583298
3.53960990906
3.66790604591
3.52721190453
3.53539514542
3.53937911987
3.57025098801
3.56004595757
3.5800178051
3.53798508644
3.55313897133
3.7555000782
4.01162910461
3.75878810883
3.73592495918
3.80503892899
3.75078892708
3.70737791061
3.84885692596
3.6674349308
3.76184105873
3.77196717262
3.67601394653
4.17994785309
3.71344208717
3.76869010925
3.66682386398
3.6860229969
3.76926589012
3.72712397575
3.95939302444
4.09843206406
3.8911550045
3.80649995804
3.77099609375
3.73770713806
3.66220784187
3.7466468811
3.6833589077
3.93359494209
3.77681684494
3.77923703194
3.85491800308
4.45120096207
4.71809411049
4.07522010803
4.01889204979
3.97135710716
3.83785700798
3.90871906281
3.88768315315
4.12526512146
3.79015111923
3.85103583336
4.06586909294
3.85511112213
3.80031991005
3.67435598373
3.86121582985
4.13255000114
4.20003509521
3.90999794006
3.81068611145
3.74115395546
3.84452795982
3.82679986954
3.7508430481
3.77937316895
5.85320591927
4.99072480202
4.53539896011
3.80642294884
3.9220020771
3.63283205032
3.69319605827
3.56014299393
3.71863102913
3.83649492264
3.9085419178
3.71953105927
3.75266695023
3.69910001755
4.20076107979
3.73685407639
3.84588813782
3.90184211731
3.7825460434
4.37267613411
4.156208992
3.92900180817
3.8881020546
3.76414394379
3.69527292252
3.92578291893
3.91997885704
3.9360370636
4.02583003044
3.80118608475
3.78831100464
4.14998197556
4.05642986298
3.94611287117
3.98698592186
3.97391796112
3.80923509598
4.07470488548
3.97482013702
3.94771099091
4.40682005882
4.19487118721
4.02058911324
3.7910349369
3.89521408081
4.07571697235
3.80168199539
3.7440841198
3.6796309948
3.77665495872
4.02832102776
3.89201211929
4.04131221771
3.73805403709
3.72960495949
3.72560286522
4.36566305161
3.58624196053
3.75626993179
3.66474795341
3.78211688995
4.01994800568
3.79377794266
3.70829510689
3.74388408661
4.1645720005
3.81517696381
3.78714704514
3.91336393356
4.06128311157
3.95450901985
3.87910294533
3.86527991295
3.86761403084
3.71514177322
3.78627991676
4.4309489727
3.97743105888
3.84465885162
3.83870816231
3.74908494949
3.8076980114
4.09365415573
3.89882516861
3.79479002953
3.63347291946
3.75438213348
4.070499897
3.90966010094
4.08434700966
3.88754701614
3.8681769371
3.77824807167
4.20479798317
4.13368105888
3.8871319294
3.88496017456
3.68738794327
3.75022101402
4.04959702492
3.93288612366
3.85154891014
3.77024412155
3.77883601189
4.16398310661
4.19463515282
3.92861890793
3.70680594444
3.72271490097
3.85956215858
3.93732905388
4.33587288857
3.79040718079
3.89538598061
3.85514998436
3.93764901161
3.853536129
3.86770391464
3.83814311028
4.03987812996
4.24052000046
4.47774505615
3.9420030117
4.11248707771
3.85888791084
3.81236100197
3.87546801567
3.89454197884
3.8858590126
3.80972909927
4.25788998604
4.2030069828
4.31689214706
3.99518609047
3.81602692604
3.70695400238
3.68897914886
