10.2438910007
10.2552220821
10.2537531853
10.2494001389
10.4908981323
10.5138239861
10.5030930042
10.2800340652
10.3707621098
10.4979150295
10.5439128876
10.4848921299
10.2928709984
10.5190079212
10.5096380711
10.4840989113
10.5115749836
10.4277899265
10.5274488926
10.5003409386
10.497232914
10.510076046
10.4829490185
10.4862141609
10.2751739025
10.272454977
10.2556929588
10.2733268738
10.2786300182
10.2614331245
10.4963130951
10.2702071667
10.5027909279
10.5153489113
10.5716118813
10.4205260277
10.5287501812
10.2764050961
10.2643899918
10.5332341194
10.4959409237
10.3078629971
10.4371669292
10.3883850574
10.5067329407
10.5129189491
10.5402860641
10.4878249168
10.4835031033
10.3288919926
10.5210139751
10.2921640873
10.5388431549
10.5193009377
10.5164608955
10.3373298645
10.5057029724
10.2686150074
10.5484209061
10.5272080898
10.2658500671
10.572660923
10.2627100945
10.4227781296
10.2703859806
10.5801091194
10.5207159519
10.4760839939
10.2576329708
10.4386060238
10.5272898674
10.3873770237
10.5416719913
10.49964118
10.5136299133
10.5179970264
10.4705588818
10.5477900505
10.3310799599
10.2824549675
10.5157568455
10.5277519226
10.4892480373
10.5382020473
10.5791368484
10.5375709534
10.5006110668
10.5016729832
10.4538860321
10.2784488201
10.2822878361
10.2773418427
10.3673250675
10.2711741924
10.3727619648
10.5314600468
10.5443098545
10.3223760128
10.5717251301
10.4899408817
10.377810955
10.5179610252
10.3795418739
10.5284688473
10.3509130478
10.2701299191
10.5380630493
10.2628340721
10.4376308918
10.2883048058
10.5351080894
10.5495858192
10.5414960384
10.5124928951
10.5482110977
10.5622692108
10.4746549129
10.5560369492
10.2671718597
10.5872240067
10.5619730949
10.4689390659
10.5278398991
10.5052809715
10.4986510277
10.5321650505
10.5506250858
10.456952095
10.3864572048
10.5214810371
10.5063958168
10.4352459908
10.5534648895
10.3334379196
10.5083429813
10.5146820545
10.5518200397
10.3768908978
10.4952530861
10.2904381752
10.2912640572
10.2940969467
10.5332899094
10.5356600285
10.5299780369
10.5640969276
10.2898650169
10.5645341873
10.292566061
10.2820770741
10.4797508717
10.5684609413
10.3147668839
10.2731640339
10.2706868649
10.3099851608
10.2691400051
10.4520721436
10.4930438995
10.5378370285
10.4875760078
10.5788419247
10.5542240143
10.5429241657
10.5371630192
10.511838913
10.5678040981
10.3949410915
10.4829788208
10.3907051086
10.2960259914
10.5373351574
10.4141790867
10.2874481678
10.4375908375
10.5339789391
10.5155928135
10.282088995
10.2764899731
10.4700670242
10.2975609303
10.5442230701
10.5269720554
10.2891800404
10.3767030239
10.5230200291
10.2749168873
10.2687399387
10.5025200844
10.5227220058
10.592787981
10.4791829586
10.5320219994
10.5285730362
10.5355861187
10.5239078999
10.530174017
10.4962160587
10.5166859627
10.338378191
10.271668911
10.3425540924
10.3090720177
10.2706959248
10.5455172062
10.5362479687
10.5656530857
10.5732250214
10.5315458775
10.533509016
10.2943480015
10.427863121
10.5430238247
10.5579910278
10.2632610798
10.5100028515
10.2877340317
10.5177378654
10.5477349758
10.5333139896
10.522012949
10.5723659992
10.5279989243
10.3302922249
10.2842040062
10.2824509144
10.2771179676
10.2731800079
10.5164189339
10.5244259834
10.2715549469
10.3189837933
10.4565019608
10.4869430065
10.2679750919
10.305205822
10.5527789593
10.5593190193
10.2845668793
10.4810810089
10.5926721096
10.2912130356
10.2915980816
10.5428800583
10.5326578617
10.5341110229
10.5055978298
10.4418339729
10.5496709347
10.492251873
10.5504920483
10.5388240814
10.5224900246
10.2743608952
10.549478054
10.5114769936
10.5166079998
10.2746489048
10.2886440754
10.5307888985
10.4711949825
10.2743759155
10.5362670422
10.2744910717
10.5627679825
10.5294830799
10.5207960606
10.5604021549
10.544052124
10.4876651764
10.5160830021
10.5174679756
10.2775731087
10.5199661255
10.3970069885
10.5103280544
10.5183889866
10.2920999527
10.2696418762
10.5190851688
10.5278270245
10.5513808727
10.276982069
10.6107871532
10.5420219898
10.5183429718
10.5240430832
10.5650019646
10.2685689926
10.2692008018
10.5357840061
10.3398718834
10.4951848984
10.5256519318
10.2813119888
10.5116639137
10.4074559212
10.3193600178
10.5461919308
10.4096190929
10.5422921181
10.2762758732
10.520622015
10.5261118412
10.2929589748
10.3413500786
10.2748789787
10.4007670879
10.3090260029
10.4468979836
10.5255680084
10.5180530548
10.5490579605
10.3889510632
10.5467839241
10.5108149052
10.5186920166
10.530632019
10.5790638924
10.5038251877
10.5123810768
10.5246789455
10.5124940872
10.5477740765
10.5477261543
10.4951598644
10.5278770924
10.512349844
10.4201819897
10.5771310329
10.5717589855
10.5369899273
10.2693970203
10.3954818249
10.4815440178
10.5258140564
10.2878940105
10.4114279747
10.2693800926
10.2894430161
10.2950890064
10.2799649239
10.4826159477
10.5188031197
10.5715370178
10.2733550072
10.5466969013
10.2653779984
10.4083018303
10.273870945
10.5144979954
10.2700910568
10.2837121487
10.2947058678
10.3640971184
10.4036178589
10.490516901
10.2761368752
10.3052709103
10.5779829025
10.3472709656
10.2682418823
10.2829458714
10.5234251022
10.5520031452
10.5309019089
10.5248820782
10.5168030262
10.2591459751
10.3446381092
10.28531003
10.2665860653
10.2866120338
10.4906289577
10.5341379642
10.5195498466
10.5304780006
10.5525248051
10.3421359062
10.5611469746
10.538544178
10.5116391182
10.5304989815
10.3222770691
10.2640490532
10.5358672142
10.2850081921
10.5209779739
10.4881169796
10.3052711487
10.348222971
10.2807300091
10.5330131054
10.2847220898
10.4284770489
10.5224680901
10.5290009975
10.3095979691
10.2853760719
10.2693378925
10.2848629951
10.5376460552
10.5344910622
10.3736190796
10.2717781067
10.4974009991
10.5755798817
10.4913578033
10.2784199715
10.3935940266
10.5358948708
10.5571830273
10.546216011
10.5427958965
10.2629539967
10.5400748253
10.5251159668
10.5191950798
10.5546560287
10.4404120445
10.4849531651
10.465542078
10.5203409195
10.4243609905
10.4545230865
10.4197781086
10.5637509823
10.4086802006
10.2906360626
10.2834630013
10.269092083
10.3201568127
10.2863540649
10.5536417961
10.5063080788
10.2913620472
10.28870821
10.3997969627
10.5038380623
10.2720270157
10.4448440075
10.5314948559
10.5332479477
10.4385309219
10.5385990143
10.5303058624
10.5191249847
10.5266170502
10.4925599098
10.5050940514
10.5262579918
10.5202620029
10.3513898849
10.5292010307
10.5324399471
10.5131251812
10.5495340824
10.5092918873
10.538446188
10.4257180691
10.5097408295
10.5416440964
10.5416409969
10.5302758217
10.4130339622
10.5583600998
10.5170121193
10.5291488171
10.5359818935
10.3436751366
10.272482872
10.5195190907
10.5274720192
10.3318040371
10.5545129776
10.5589289665
10.3351480961
10.5296730995
10.4685399532
10.5000228882
10.544462204
10.4893651009
10.5323970318
10.5171599388
10.5586409569
10.4298989773
10.3787739277
10.5644710064
10.5351891518
10.5433349609
10.3313720226
10.5244939327
10.5650401115
10.52444911
10.3629570007
10.5477650166
10.5842170715
10.41760993
10.5780878067
10.586550951
10.3669688702
10.4714159966
10.5543830395
10.5689709187
10.4029679298
10.4539220333
10.5328359604
10.2898490429
10.3276770115
10.3192360401
10.3278670311
10.2898828983
10.2766880989
10.5103719234
10.5290279388
10.3222501278
10.3180201054
10.3573811054
10.5218269825
10.5375981331
10.5292100906
10.5484068394
10.5494940281
10.5118818283
10.5212290287
10.5404748917
10.5251410007
10.508646965
10.5753979683
10.5489878654
10.5481200218
10.5203130245
10.54292202
10.5268888474
10.4805190563
10.5384061337
10.5375819206
10.5136530399
10.3261649609
10.2905468941
10.3181240559
10.2819881439
10.2873299122
10.3110580444
10.4496881962
10.5051689148
10.2794938087
10.5779080391
10.2859110832
10.2702109814
10.2985417843
10.5664520264
10.5250020027
10.5469329357
10.5386679173
10.5647680759
10.5610671043
10.4672768116
10.5390820503
10.5331270695
10.3977351189
10.3465571404
10.3686368465
10.5414979458
10.5439529419
10.5598700047
10.4818201065
10.5246219635
10.5665509701
10.5818250179
10.4815850258
10.5615448952
10.5384089947
10.5514531136
10.5934290886
10.28210783
10.3193151951
10.5292329788
10.553164959
10.538585186
10.4116520882
10.5248739719
10.2668230534
10.5179131031
10.6238350868
10.3247461319
10.5389699936
10.5622189045
10.2891659737
10.5515630245
10.3444988728
10.55717206
10.541230917
10.3083670139
10.310213089
10.339274168
10.5567059517
10.5123860836
10.5194089413
10.543172121
10.5916178226
10.5577478409
10.3083441257
10.2799549103
10.2895219326
10.2931149006
10.5490779877
10.529460907
10.5343649387
10.4644100666
10.5426180363
10.5348110199
10.424093008
10.5488698483
10.5137970448
10.5491361618
10.4032969475
10.531514883
10.542224884
10.5342929363
10.4088220596
10.5692720413
10.5379941463
10.5652120113
10.5110621452
10.5480251312
10.574411869
10.5426940918
10.4484241009
10.5334348679
10.6382541656
10.3394258022
10.5084578991
10.5357089043
10.3477339745
10.5370001793
10.5680818558
10.3495028019
10.5865809917
10.5939888954
10.5572059155
10.5557191372
10.5428910255
10.5615389347
10.561122179
10.466217041
10.6072900295
10.5532000065
10.3692409992
10.5767350197
10.3921990395
10.5773358345
10.5182359219
10.5083539486
10.5344569683
10.5781769753
10.2884411812
10.2661139965
10.5468108654
10.3449189663
10.6064450741
10.5629951954
10.4230790138
10.2856960297
10.4156839848
10.5654320717
10.5592260361
10.2773652077
10.3495028019
10.5493400097
10.577021122
10.3954749107
10.5681798458
10.5233528614
10.267578125
10.4930839539
10.5246400833
10.3483188152
10.3372371197
10.4929001331
10.2752449512
10.5810170174
10.4245588779
10.2989010811
10.2921011448
10.5408270359
10.3154878616
10.2903709412
10.2917120457
10.5273590088
10.3156580925
10.5190320015
10.3294460773
10.3755419254
10.3199839592
10.5437870026
10.5602228642
10.5242331028
10.5756480694
10.5340440273
10.5102710724
10.4167339802
10.574835062
10.557300806
10.5020999908
10.5070798397
10.4267699718
10.294907093
10.5447590351
10.5111529827
10.3113079071
10.5524251461
10.529006958
10.601047039
10.2755718231
10.2929019928
10.5463430882
10.5256788731
10.3089818954
10.389081955
10.5112061501
10.5824007988
10.5204851627
10.531452179
10.5257139206
10.2793591022
10.3711650372
10.287142992
10.3515949249
10.3307080269
10.5308389664
10.3800680637
10.5747768879
10.4046089649
10.3026070595
10.2921719551
10.5721700191
10.2927188873
10.3474230766
10.3533489704
10.6052839756
10.5341768265
10.386631012
10.5061950684
10.5192689896
10.4518918991
10.5298280716
10.5487649441
10.3631899357
10.2786698341
10.3518838882
10.3721389771
10.5988440514
10.6018648148
10.3295900822
10.3381259441
10.5786850452
10.5331330299
10.5335829258
10.5301659107
10.5400960445
10.5404348373
10.5291137695
10.497603178
10.5561540127
10.5795850754
10.5294620991
10.5194649696
10.5241532326
10.5830469131
10.5378289223
10.5587878227
10.2947211266
10.2691950798
10.5390620232
10.5350990295
10.5434491634
10.2880530357
10.2972359657
10.2806520462
10.3026258945
10.2852449417
10.3168661594
10.30407691
10.3206038475
10.4093770981
10.3695118427
10.5172591209
10.296931982
10.280867815
10.5448930264
10.5378849506
10.2870299816
10.281594038
10.3415868282
10.4191949368
10.3151471615
10.2833909988
10.5285820961
10.304680109
10.2711350918
10.5279829502
10.2982361317
10.5251870155
10.268048048
10.2975449562
10.5515370369
10.5513401031
10.5401160717
10.5194811821
10.4058699608
10.5383911133
10.5917739868
10.6137661934
10.6010007858
10.2591068745
10.2700300217
10.5573618412
10.2693209648
10.5073099136
10.5285069942
10.5674958229
10.5230751038
10.5157179832
10.3003251553
10.5406730175
10.5724468231
10.5295059681
10.3595609665
10.5360240936
10.2871639729
10.571516037
10.5253970623
10.2948300838
10.5263869762
10.3588671684
10.2747471333
10.5538358688
10.5325610638
10.3083050251
10.3500938416
10.4739511013
10.2819330692
10.5552940369
10.2753450871
10.3099730015
10.2717211246
10.5567231178
10.5165240765
10.5436608791
10.272632122
10.332326889
10.3672261238
10.5316998959
10.5308179855
10.5607330799
10.52039814
10.5355780125
10.5856320858
10.581977129
10.5758368969
10.5112521648
10.2967700958
10.2906398773
10.4873988628
10.5390291214
10.5432748795
10.2724921703
10.279307127
10.3095149994
10.5138030052
10.5783741474
10.3502531052
10.5697510242
10.4469759464
10.2635800838
10.5533349514
10.2815258503
10.511179924
10.507226944
10.5589239597
10.272616148
10.5423901081
10.5542931557
10.5307300091
10.524107933
10.5354981422
10.2734768391
10.2781591415
10.5100698471
10.5126669407
10.4903101921
10.5458757877
10.3833620548
10.5595231056
10.5315520763
10.3878250122
10.5530650616
10.4331409931
10.5063579082
10.5087850094
10.5657021999
10.2723278999
10.6336100101
10.5425510406
10.5296609402
10.3545341492
10.5051970482
10.2942528725
10.4619030952
10.303704977
10.2685599327
10.302489996
10.2720079422
10.5861239433
10.4562740326
10.406124115
10.5575470924
10.4265320301
10.5284669399
10.5030860901
10.2951052189
10.3198449612
10.2799580097
10.2805712223
10.2635939121
10.2841629982
10.2742338181
10.5553078651
10.3954360485
10.5497369766
10.6053490639
10.5366070271
10.6050460339
10.5151469707
10.509264946
10.3233439922
10.5405230522
10.5641019344
10.5658230782
10.5267379284
10.3796160221
10.3011109829
10.5703799725
10.5080211163
10.5468649864
10.3270199299
10.5254759789
10.5535399914
10.5088949203
10.5436868668
10.5365550518
10.535697937
10.4899539948
10.560352087
10.543432951
10.5664980412
10.5293540955
10.5997490883
10.2765541077
10.5410690308
10.5108368397
10.5431129932
10.5026581287
10.5341448784
10.2971310616
10.5505888462
10.5415029526
10.4830780029
10.521643877
10.3508810997
10.5082509518
10.425055027
10.4983038902
10.2886281013
10.5178349018
10.5947549343
10.5349140167
10.5111720562
10.565623045
10.5601711273
10.5442659855
10.5919981003
10.5375199318
10.5141990185
10.2669260502
10.3089871407
10.2962880135
10.3403890133
10.5492608547
10.5410871506
10.5283799171
10.4954888821
10.5229890347
10.2851161957
10.5156128407
10.307913065
10.271597147
10.2955548763
10.2715761662
1.38270711899
1.28073906898
1.5233938694
1.29688215256
1.30843901634
1.27670001984
1.31331706047
1.34722399712
1.27280306816
1.28265690804
1.28197312355
1.29809689522
1.28100204468
1.31111216545
1.40308403969
1.29177093506
1.28095412254
1.29087901115
1.3269841671
1.29746794701
1.26583099365
1.31098890305
1.3454220295
1.28679084778
1.32076096535
1.31404399872
1.27970290184
1.3055138588
1.29803299904
1.30098104477
1.33877897263
1.31204605103
1.28011202812
1.30407094955
1.27873706818
1.28922820091
1.27745509148
1.28143715858
1.28852915764
1.43691802025
1.29001998901
1.29001092911
1.28472900391
1.29799985886
1.29154491425
1.30206108093
1.29297113419
1.31861615181
1.29173994064
1.26546287537
1.30594301224
1.27300786972
1.29577207565
1.28730797768
1.30625987053
1.26890087128
1.33348584175
1.28766202927
1.2904150486
1.29802799225
1.28664898872
1.2946460247
1.29592299461
1.37609100342
1.29510307312
1.28186607361
1.28554296494
1.27646303177
1.25635099411
1.30924487114
1.34256291389
1.33675003052
1.27246212959
1.29613089561
1.30349898338
1.29148578644
1.28197693825
1.28040790558
1.29756116867
1.27933382988
1.29810714722
1.27478194237
1.28800988197
1.2940568924
1.29565000534
1.27083110809
1.30953383446
1.2689781189
1.30915307999
1.29111599922
1.27710318565
1.28538608551
1.29077291489
1.38765788078
1.28866505623
1.293435812
1.28907895088
1.29341316223
1.2720041275
1.26695299149
1.36034202576
1.2728369236
1.27725410461
1.28352594376
1.30742406845
1.31237316132
1.31861519814
1.37158489227
1.30531001091
1.35289502144
1.27532887459
1.27072811127
1.30690002441
1.28976607323
1.32043409348
1.24727511406
1.2750248909
1.28008818626
1.27498102188
1.31660795212
1.29276299477
1.29188513756
1.35755395889
1.33619499207
1.30853295326
1.30472207069
1.27444911003
1.27705407143
1.30992603302
1.30073285103
1.42930698395
1.38133311272
1.28337693214
1.31379508972
1.29091000557
1.29468607903
1.2821969986
1.34930205345
1.46595311165
1.29828906059
1.29680490494
1.27598714828
1.30815315247
1.27006292343
1.3437640667
1.48385190964
1.28914499283
1.28400993347
1.27016687393
1.29657006264
1.4015750885
1.29724502563
1.28803801537
1.32661414146
1.31175994873
1.31788182259
1.28278613091
1.32082700729
1.29717516899
1.29179596901
1.31001806259
1.29826593399
1.28247499466
1.2925260067
1.28656697273
1.29946112633
1.36519002914
1.26985406876
1.28881001472
1.30255389214
1.57808995247
1.27635908127
1.28053689003
1.2815079689
1.29773020744
1.28837513924
1.27334499359
1.27927398682
1.32637000084
1.37537288666
1.29378294945
1.28696298599
1.34058213234
1.32727193832
1.35638403893
1.27385401726
1.42893004417
1.29726004601
1.30707192421
1.42225503922
1.28687500954
1.53995990753
1.29758906364
1.37734889984
1.35774302483
1.35453605652
1.54628896713
1.43525481224
1.31603384018
1.37455892563
1.2769908905
1.29491305351
1.28281092644
1.36481904984
1.29643082619
1.53804111481
1.47057104111
1.33018803596
1.53964495659
1.46918082237
1.29009509087
1.2761220932
1.30394697189
1.27394795418
1.26868009567
1.29697585106
1.34918785095
1.29231309891
1.35574579239
1.37354207039
1.32217502594
1.28644704819
1.30222010612
1.30427002907
1.28181195259
1.35227513313
1.27902388573
1.31428694725
1.28657817841
1.30006790161
1.29183506966
1.28890609741
1.2843940258
1.27716207504
1.27179098129
1.2623770237
1.29229092598
1.2948319912
1.27965688705
1.28159785271
1.2737429142
1.28662085533
1.32771587372
1.29287600517
1.27059817314
1.26787900925
1.28197908401
1.26803302765
1.29243993759
1.2913351059
1.27153086662
1.27456307411
1.28888702393
1.3547167778
1.30566000938
1.29924201965
1.27964186668
1.32849287987
1.26257610321
1.28838086128
1.2699379921
1.27464699745
1.26269102097
1.2808740139
1.2813680172
1.30290603638
1.29830312729
1.28873205185
1.29442214966
1.309664011
1.29911899567
1.30819392204
1.29807901382
1.27078604698
1.28320002556
1.28781700134
1.27815914154
1.28762388229
1.28780817986
1.28997206688
1.27700901031
1.2905819416
1.27543711662
1.27567696571
1.29572105408
1.29502511024
1.27682900429
1.28089308739
1.26543593407
1.28916192055
1.27747511864
1.27900290489
1.29850411415
1.29219293594
1.28706693649
1.30298709869
1.27508997917
1.30533003807
1.28081798553
1.27459812164
1.29031896591
1.28211402893
1.28823900223
1.26492190361
1.27468395233
1.28644919395
1.30623197556
1.28167200089
1.28148603439
1.26652598381
1.27051401138
1.28510212898
1.29957103729
1.28457403183
1.30624985695
1.27665901184
1.29468798637
1.27019810677
1.28127908707
1.33801603317
1.32825303078
1.30432486534
1.30302715302
1.30101490021
1.28434514999
1.29773306847
1.2694709301
1.27553606033
1.29573702812
1.29801797867
1.27277207375
1.28216791153
1.26607489586
1.26435303688
1.28116989136
1.32056808472
1.27314996719
1.29988789558
1.27064108849
1.28895902634
1.29238891602
1.30040001869
1.38868188858
1.29703307152
1.29424500465
1.29588389397
1.29809904099
1.27498006821
1.27348995209
1.47164487839
1.46456980705
1.47898387909
1.47321510315
1.51859712601
1.32069301605
1.41297507286
1.30973100662
1.30225396156
1.30407190323
1.30172586441
1.29592204094
1.27893996239
1.28291511536
1.27633786201
1.26366996765
1.30488801003
1.29524302483
1.28717303276
1.29218697548
1.35098695755
1.27389502525
1.28580594063
1.29606890678
1.27160000801
1.28823709488
1.2669069767
1.2684841156
1.26470112801
1.28009700775
1.28597211838
1.2846031189
1.27700805664
1.27828907967
1.27328896523
1.31576895714
1.29713487625
1.29436397552
1.28724312782
1.29348397255
1.30781292915
1.29832196236
1.27815103531
1.28258180618
1.28344202042
1.26651310921
1.28487300873
1.26342201233
1.34996604919
1.31504297256
1.28755784035
1.37794804573
1.29676914215
1.30010008812
1.31400108337
1.29672908783
1.30989408493
1.29884004593
1.27042293549
1.28225398064
1.26558613777
1.27409791946
1.30396199226
1.28510284424
1.29558205605
1.30288720131
1.27589511871
1.28153896332
1.26463389397
1.2946600914
1.28865599632
1.2920460701
1.27345490456
1.32394599915
1.29584288597
1.30421495438
1.31242704391
1.29113507271
1.28892207146
1.29539394379
1.28525996208
1.27128100395
1.28416585922
1.27835512161
1.27062892914
1.30905389786
1.29672384262
1.30502009392
1.29071307182
1.31107997894
1.29876303673
1.28236293793
1.29098987579
1.36869120598
1.27977395058
1.28705406189
1.28956103325
1.28590703011
1.29881000519
1.3275039196
1.26082897186
1.30565500259
1.26374316216
1.302079916
1.28181600571
1.29975104332
1.29851484299
1.2993490696
1.30953907967
1.2839641571
1.30059480667
1.2757999897
1.29747986794
1.28401708603
1.27735495567
1.27559995651
1.26755595207
1.266933918
1.28586983681
1.29434800148
1.38834500313
1.27141404152
1.2969429493
1.29831695557
1.32828402519
1.27927017212
1.26962018013
1.28764915466
1.27802586555
1.26759815216
1.27178311348
1.30615615845
1.30022716522
1.29219985008
1.28938579559
1.35187602043
1.33985090256
1.28293609619
1.29009199142
1.27598214149
1.30147409439
1.27912688255
1.28527092934
1.27062106133
1.31054282188
1.33364987373
1.30263900757
1.28716111183
1.2769510746
1.30088210106
1.28006601334
1.29214406013
1.30204510689
1.28591513634
1.29037284851
1.29923415184
1.28542399406
1.2874109745
1.29059100151
1.28128695488
1.29060602188
1.29412889481
1.2693901062
1.27125120163
1.27104783058
1.28010201454
1.29403305054
1.29275393486
1.27029013634
1.280616045
1.30812096596
1.28011012077
1.48620605469
1.26789188385
1.27110600471
1.30688118935
1.29265999794
1.29625701904
1.27604794502
1.29581308365
1.27427887917
1.30052399635
1.27655100822
1.29938483238
1.2642788887
1.27168512344
1.26733922958
1.28174209595
1.28295707703
1.31293010712
1.26846313477
1.27245402336
1.29511809349
1.29360604286
1.29226303101
1.28840279579
1.28150606155
1.29759693146
1.27317404747
1.3087720871
1.42892098427
1.27678799629
1.29122805595
1.27558493614
1.25907206535
1.28155708313
1.42842006683
1.5415019989
1.27548098564
1.27510881424
1.28339791298
1.28592205048
1.28919196129
1.28217291832
1.27276206017
1.27936601639
1.27848291397
1.27298998833
1.40576410294
1.29006886482
1.27780795097
1.27567911148
1.2732899189
1.27308487892
1.30255293846
1.2997879982
1.28084397316
1.26334500313
1.27366805077
1.28745079041
1.29337120056
1.28594398499
1.2834148407
1.29484987259
1.26398921013
1.28253889084
1.27565097809
1.30458807945
1.31382489204
1.28227090836
1.29341101646
1.27798509598
1.29303812981
1.28866910934
1.27634096146
1.28286409378
1.30343103409
1.30629897118
1.30452299118
1.27396321297
1.29079508781
1.29596304893
1.26866102219
1.27577495575
1.28033399582
1.27581000328
1.29487800598
1.28959083557
1.25832796097
1.26390314102
1.29581594467
1.31677889824
1.28511190414
1.27911686897
1.27434897423
1.30207514763
1.45747685432
1.47913789749
1.29559803009
1.38130903244
1.27360796928
1.28328204155
1.27883791924
1.30158209801
1.28275918961
1.30154085159
1.29007387161
1.35447597504
1.28810405731
1.27520513535
1.28037405014
1.29216504097
1.26997613907
1.28777599335
1.28001093864
1.29375219345
1.27592182159
1.27939510345
1.268887043
1.29921197891
1.29206109047
1.28356385231
1.2734811306
1.24990081787
1.26607203484
1.28819394112
1.30400705338
1.29806804657
1.29056406021
1.27999591827
1.26950192451
1.28286981583
1.27910900116
1.28795790672
1.27994513512
1.27888202667
1.2656519413
1.2796459198
1.28153800964
1.29077720642
1.28932499886
1.30479311943
1.35558199883
1.29680919647
1.30113697052
1.30315613747
1.29416894913
1.27160906792
1.33236479759
1.28842496872
1.27856397629
1.27737283707
1.33469200134
1.28475689888
1.2863919735
1.32476806641
1.27903699875
1.28231596947
1.28035402298
1.31709504128
1.48027515411
1.28530788422
1.26543617249
1.26048517227
1.29838609695
1.27604699135
1.30122900009
1.29540801048
1.27950692177
1.28975009918
1.28679490089
1.27033090591
1.28059506416
1.27611994743
1.29424405098
1.26587915421
1.27955102921
1.28750610352
1.2889509201
1.32196593285
1.29582500458
1.27991700172
1.27801680565
1.27120184898
1.27932786942
1.28225517273
1.27782487869
1.46991991997
1.27873086929
1.29087114334
1.27949595451
1.28082513809
1.27326488495
1.29279303551
1.25953412056
1.27215719223
1.27411079407
1.28567194939
1.39163780212
1.27723813057
1.37882900238
1.31158995628
1.2860519886
1.31789016724
1.28067588806
1.27963709831
1.31259202957
1.32859110832
1.2656750679
1.29649877548
1.29514288902
1.3117120266
1.2849111557
1.29769706726
1.27811789513
1.27623486519
1.31248497963
1.30654191971
1.29146385193
1.30366802216
1.28912997246
1.30541610718
1.29236292839
1.30105900764
1.27052402496
1.27984499931
1.32463598251
1.29611706734
1.28535914421
1.2758808136
1.27420783043
1.27108192444
1.26293802261
1.28565001488
1.29543280602
1.30419301987
1.28111600876
1.2783908844
1.27368783951
1.28538203239
1.27814793587
1.28801512718
1.31384801865
1.26570701599
1.31343603134
1.27829694748
1.30965805054
1.2939209938
1.2913839817
1.27337908745
1.37856292725
1.46592402458
1.35000514984
1.2971470356
1.28023195267
1.29639601707
1.26627087593
1.27742791176
1.30371117592
1.28899312019
1.30285000801
1.26522803307
1.35314798355
1.28813314438
1.2730410099
1.27828097343
1.26507902145
1.29123616219
1.28539896011
1.28417611122
1.26273488998
1.26553797722
1.26916599274
1.26716399193
1.28774285316
1.2725880146
1.27476406097
1.27144694328
1.2717590332
1.28402304649
1.29197001457
1.29925918579
1.53876280785
1.28092908859
1.26960706711
1.27753400803
1.28377485275
1.28204298019
1.29932498932
1.27898192406
1.26712799072
1.28132891655
1.28605103493
1.2999830246
1.32792806625
1.34501409531
1.44601011276
1.30585193634
1.29376196861
1.29197406769
1.27752900124
1.30084395409
1.30961203575
1.26699495316
1.30001401901
1.30304384232
1.26508116722
1.29202485085
1.32100105286
1.33895516396
1.29390621185
1.31002497673
1.29280400276
1.29641795158
1.3006939888
1.30678200722
1.32361888885
1.27252316475
1.27650117874
1.28837490082
1.28412699699
1.29658102989
1.28933596611
1.29529285431
1.27076601982
1.3382589817
1.31294298172
1.39200806618
1.31463599205
1.27077102661
1.2770781517
1.290143013
1.28995990753
1.28961110115
1.26955699921
1.29925704002
1.26888203621
1.2874879837
1.28115701675
1.26575994492
1.27016997337
1.27830815315
1.29355216026
1.29749798775
1.27429509163
1.28251409531
1.27389192581
1.2845749855
1.27897405624
1.28027009964
1.29603004456
1.28798413277
1.28021001816
1.26538085938
1.26705312729
1.27899384499
1.28700399399
1.26774597168
1.27242398262
1.27152109146
1.29421806335
1.28537511826
1.30377697945
1.27011680603
1.27513313293
1.30225300789
1.27168798447
1.29428195953
1.28175806999
1.30243706703
1.27790403366
1.2615249157
1.27219295502
1.27985501289
1.28837990761
1.29829001427
1.27585816383
1.27802491188
1.29383897781
1.3842279911
1.29987096786
1.29476809502
1.37089800835
1.27548313141
1.27492785454
1.28001213074
1.28072881699
1.28055405617
1.26328206062
1.28395915031
1.27282094955
1.28794813156
1.30842518806
1.27929997444
1.27640390396
1.26893806458
1.2903649807
1.28442597389
1.29888391495
1.31291794777
1.32912397385
1.32468509674
1.29911804199
1.31182098389
1.34689879417
1.30396294594
1.29941606522
1.26596808434
1.28379511833
1.29495596886
1.26659202576
1.26487898827
1.27236413956
1.27331280708
1.27552390099
1.28404593468
1.26996207237
1.28186511993
1.27399897575
1.28101491928
1.32476687431
1.29779005051
1.30676102638
1.31876516342
1.27901697159
1.29773211479
1.28375411034
1.29457879066
1.31411790848
1.29135894775
1.27776908875
1.28672409058
1.28813791275
1.30011296272
1.27210211754
1.28646087646
1.27842211723
1.44617509842
1.37583088875
1.30218482018
1.41089105606
1.36993384361
1.37059903145
1.45338106155
1.35974192619
1.43445205688
1.33999681473
1.28287982941
1.27184295654
1.28113698959
1.26478505135
1.27631402016
1.27692103386
1.28819203377
1.27531695366
1.4505469799
1.30082988739
1.30271983147
1.28887009621
1.27815103531
1.28831887245
1.2868680954
1.28079509735
1.2958920002
1.30079507828
1.28125977516
1.28718400002
1.30702400208
1.27840995789
1.2831158638
1.27187800407
1.29933595657
1.32474398613
1.28385710716
1.27589392662
1.28200292587
1.26498198509
1.29454898834
1.27764892578
1.28378200531
1.26752614975
