10.3110091686
7.96885299683
9.83105897903
9.13109493256
8.95652604103
9.03610396385
8.90344405174
9.67149782181
7.945333004
9.06751799583
8.49298787117
9.6966381073
9.52733898163
8.90369296074
9.53598213196
8.61173582077
7.98200011253
8.88780498505
10.2656550407
7.59172320366
7.71368908882
10.6357851028
8.69373202324
8.17247009277
9.29103302956
10.7750170231
11.6464679241
9.79732894897
8.80076098442
8.34005093575
8.79311704636
8.87205410004
8.55179715157
8.89024090767
8.45681905746
8.64236402512
9.51849007607
9.10633802414
9.70630002022
8.58154201508
8.73167204857
8.91777610779
7.82932400703
8.23606085777
9.52008008957
10.9051730633
10.7938411236
9.02604007721
10.3075659275
10.0881500244
8.9259428978
8.00937008858
9.7518260479
9.94437193871
9.36190509796
10.0347721577
8.41670107841
8.11050319672
8.81132102013
8.70000696182
8.12785506248
7.80330491066
8.23257112503
11.1401708126
10.1562597752
10.2980489731
9.89826202393
8.77564191818
9.44971489906
9.9215900898
10.2488269806
9.16467785835
9.6671090126
9.83235311508
7.98801589012
9.5833029747
11.6365060806
9.6863629818
10.2259399891
10.0353188515
8.78500080109
10.1760377884
9.12904405594
8.37045502663
8.2562930584
9.57996606827
9.82278394699
7.82444095612
7.69366884232
7.56416606903
8.56983804703
8.65199995041
9.76556611061
9.90910410881
9.85307788849
7.97649216652
8.93905687332
8.19436502457
10.4174239635
8.75222682953
8.62746405602
8.09395813942
8.2842540741
9.49364304543
8.83534193039
7.92305088043
9.9113509655
9.36792898178
9.41440200806
8.96081399918
8.00213599205
9.1168680191
9.26292514801
8.47011208534
7.67845106125
7.76867485046
9.02506685257
8.86962294579
10.072578907
9.29491186142
10.642070055
8.92992901802
8.03538799286
9.8378238678
7.5742828846
9.19702887535
8.36768293381
9.06063604355
8.61808896065
10.6673240662
9.29353880882
8.71039414406
8.50021696091
8.03459095955
9.3716750145
9.02725601196
8.50566792488
9.02047896385
8.4769051075
10.6509370804
11.1880571842
8.0950319767
8.78480005264
9.38347387314
9.4654519558
8.16323113441
9.28308200836
10.6291589737
9.1826031208
8.4367980957
9.01963591576
10.0243330002
10.2640509605
8.25584411621
8.99466013908
9.92091917992
8.76822280884
9.29490685463
9.75619602203
11.6932749748
9.45189189911
8.7392809391
9.18046402931
8.8525519371
8.95568919182
10.8642001152
8.95463585854
9.6410639286
9.77529501915
8.74456977844
10.438051939
7.8623521328
9.61571979523
10.0173809528
8.76426506042
9.21470808983
10.4242260456
10.6115260124
8.46126294136
8.33129405975
7.83824801445
9.99766492844
9.51725316048
10.5908830166
7.89922690392
12.5955331326
8.20486497879
7.90025401115
7.87100696564
10.0107707977
8.5926630497
9.19574403763
9.78067398071
10.1612679958
10.5091109276
9.19982004166
9.2411711216
8.57568502426
7.7256090641
8.75476503372
9.04409694672
8.30204796791
9.85971403122
8.81374883652
8.36341094971
8.78601503372
10.0596168041
10.4450120926
9.40595006943
8.97209787369
10.6443920135
9.02741909027
9.90688085556
9.42180395126
10.4243350029
9.94697499275
10.6339609623
9.01436018944
8.52346396446
8.00253796577
8.78650307655
9.78212881088
10.9406290054
9.00943303108
8.91458702087
9.29554700851
9.55525612831
8.51917815208
8.22918200493
9.07418084145
9.94197297096
8.9517660141
8.49432086945
9.10372304916
8.70006918907
9.31667685509
8.12312102318
8.40006494522
9.17302799225
9.59510207176
8.40801286697
8.15692186356
9.5798740387
9.41606807709
8.01988816261
9.35365891457
8.55032396317
9.81406903267
9.25456500053
8.31711506844
9.73212695122
8.82736587524
10.4513411522
9.69157195091
9.32826399803
9.26692509651
8.45384907722
9.05288910866
7.88587188721
7.38638615608
7.96842813492
8.91363787651
8.46781921387
9.48530507088
8.90516901016
7.96240401268
9.84560799599
8.86364078522
10.2765808105
8.98582196236
7.84512281418
8.3056230545
9.34788799286
8.54482603073
8.58495783806
9.3177280426
9.02645802498
8.97376394272
9.36266899109
10.0404908657
9.99623203278
8.87966513634
8.50823903084
8.59989285469
10.31935215
9.66046714783
8.88340401649
8.39721918106
8.97603106499
9.39836716652
8.17890405655
8.47427487373
9.82898402214
8.24101901054
9.09046602249
10.6996741295
9.3350918293
8.4826259613
9.58184099197
8.40031194687
8.18294405937
9.45528888702
9.13056397438
8.02192997932
9.0602850914
7.56133794785
9.58965611458
10.2776970863
8.03497099876
8.23912906647
8.72282886505
7.39248609543
8.42760896683
9.23942303658
8.93738794327
8.21274900436
7.52990889549
7.42034292221
8.47722506523
9.30774593353
9.34251213074
8.40050005913
9.37193512917
8.25585794449
7.75538992882
7.89604210854
8.37347102165
7.48074698448
8.75586509705
7.95503902435
7.49295020103
7.81518292427
9.39599895477
8.54517102242
7.15041899681
9.94485616684
8.30844402313
7.75034379959
7.68197607994
8.00044107437
8.28919792175
9.65182805061
7.5853729248
7.26131796837
7.98432397842
8.01548600197
6.93054008484
8.34967589378
7.52452111244
9.81777715683
7.15803194046
7.65850615501
7.3892929554
9.62943005562
8.73800301552
8.60370516777
7.61214900017
11.5763669014
8.57915711403
9.18499612808
8.1126999855
9.3840200901
9.72812390327
8.47863101959
6.79198098183
9.66863894463
8.74921011925
10.4480919838
7.9430270195
8.10654711723
10.3929190636
7.94601583481
9.03639411926
9.279763937
10.2569420338
10.5697681904
9.43891191483
7.37275505066
8.33665919304
8.85617780685
9.75641918182
8.97417998314
9.83157420158
9.54369401932
8.98439979553
11.2028160095
11.465252161
12.5157880783
9.0959379673
7.8496799469
8.8949649334
7.91089487076
7.07403588295
9.6961081028
8.95235204697
9.87662601471
7.95048689842
7.69749593735
11.0348730087
8.12190914154
10.2202410698
8.47799301147
8.52722191811
7.94360804558
8.23095393181
7.66388607025
9.61159992218
8.75580191612
7.3987159729
8.06921100616
10.9701900482
7.67936897278
8.2860019207
9.31624603271
10.1273429394
8.25912308693
7.3917350769
8.4847381115
8.7401239872
7.03283905983
7.19342303276
7.39823102951
9.15010786057
8.85814523697
7.38951396942
10.5103728771
10.4262740612
8.53190398216
7.64227700233
7.73359894753
7.14518785477
7.94474411011
7.33577799797
8.68197107315
7.50919222832
8.04458594322
9.21442914009
8.00711989403
11.116134882
7.86726689339
8.46071100235
8.52505397797
7.63756990433
8.43260097504
8.91748690605
10.9843809605
9.58072400093
7.78213381767
9.28496098518
10.3827259541
8.18054986
9.47458791733
7.38012909889
7.80317187309
10.392059803
8.15439796448
8.72229504585
9.12303495407
7.57261395454
11.0914101601
8.45386099815
10.2808680534
7.94312119484
7.73986506462
8.23528194427
8.93115210533
7.55792808533
8.94910597801
7.97448611259
7.53889584541
8.47938585281
7.54182696342
7.94413805008
7.93580698967
7.75897407532
8.2715549469
9.44606685638
8.06358909607
9.06181502342
8.69307994843
7.8945069313
9.34667992592
9.19961500168
7.12949705124
8.18223905563
8.20491480827
9.48761820793
8.28741288185
9.03065991402
8.82897496223
11.2192687988
7.82958889008
8.11461901665
10.5523059368
7.98594713211
7.85197401047
8.37465000153
9.32249999046
7.4441318512
7.67513394356
7.53716206551
7.44731903076
8.74389004707
7.9435839653
9.71377706528
7.27836990356
7.39947199821
10.378827095
8.94397711754
9.67815685272
7.75270199776
11.0587599277
10.2228610516
9.03893017769
7.36504006386
8.01903295517
7.28550195694
8.11734318733
7.595744133
7.52960395813
13.107945919
11.5759398937
9.39993214607
7.53558921814
9.44506812096
7.10676503181
8.71485304832
7.44489598274
8.70104503632
8.84692621231
7.07514715195
7.88102293015
8.02849197388
9.73316884041
8.54034996033
8.59755921364
9.19014310837
8.27044892311
8.48700499535
9.52328395844
8.54822492599
8.91963911057
7.41587305069
7.58057618141
7.24081110954
7.84393000603
8.64770102501
9.24739789963
9.40308094025
8.96406793594
9.05923700333
9.26972794533
8.13891601562
8.45585680008
8.85065078735
7.9823179245
8.81910300255
7.86946797371
9.07685494423
9.61991095543
8.11548995972
7.77501797676
10.6259799004
7.63326001167
8.78933596611
9.18427395821
7.63583517075
9.97494006157
7.40221190453
9.86197304726
9.08754110336
8.27565908432
8.69438695908
8.21922683716
8.59326720238
10.7032029629
11.1545569897
9.37396407127
7.2905960083
10.854473114
9.14937901497
9.26678085327
7.88892006874
8.48076510429
7.90246605873
7.15022921562
8.92709803581
9.30437302589
9.05846595764
10.0441339016
12.3034119606
7.4872469902
8.34762716293
10.6916120052
8.28304195404
8.94178795815
8.85505008698
8.26005792618
7.77829694748
7.43796896935
9.80874180794
8.64294886589
8.2712199688
7.56013989449
8.07812714577
7.02414107323
8.49740815163
9.76658296585
9.92704415321
7.38317894936
6.99028110504
7.40779495239
7.42298197746
9.07612204552
7.78690195084
7.61966085434
7.1531920433
7.46775794029
9.43806886673
7.69959497452
10.3606300354
8.00427079201
7.60416483879
11.6846499443
9.05945205688
12.279364109
8.50197100639
9.37688493729
8.15465497971
7.84663009644
8.165817976
8.69719004631
7.41086506844
11.3101229668
8.32595992088
9.11358594894
10.5275650024
8.06670379639
8.59796214104
11.7992708683
7.44860696793
7.91697907448
7.80306601524
7.89882087708
11.1368279457
7.62504506111
7.99728083611
7.9264550209
7.72244310379
8.19588208199
9.77003002167
8.95569109917
7.57941007614
9.49626016617
8.02425599098
7.98947000504
8.31330013275
9.35495996475
9.64928102493
8.50582408905
7.59483098984
10.1466510296
9.82560896873
8.98374199867
8.70176911354
12.9314751625
9.29324603081
8.51293110847
8.88528108597
8.17733311653
10.6094498634
10.7081110477
9.37280917168
9.06570506096
10.2598390579
9.67765188217
8.40467214584
7.6710691452
9.86023688316
10.8952019215
7.8884139061
8.36683702469
8.28340983391
7.97801589966
9.24884295464
9.9864449501
8.59439706802
7.86068797112
12.0110161304
7.17902708054
9.70629787445
8.96804308891
9.28388595581
10.2664110661
8.22876119614
9.12728595734
8.13005590439
7.98728013039
7.49760508537
8.01010918617
9.29641389847
9.29152393341
7.8083319664
9.54527997971
9.32197499275
8.71928596497
7.82500290871
9.22420597076
8.13042402267
8.30111193657
8.65530204773
10.0150880814
8.19223594666
9.17627692223
7.42074012756
8.95109701157
10.7898020744
7.86842298508
7.50802302361
8.06506800652
7.53999996185
7.76074695587
8.07245111465
7.77819895744
7.44694805145
8.44366979599
9.26868510246
7.36781191826
10.7315478325
8.9125328064
7.55833792686
8.48545598984
9.01690888405
10.1082031727
11.9228339195
8.07947587967
9.91966414452
9.24371695518
8.15691494942
7.77862501144
8.011729002
8.81222391129
9.0718870163
7.59481906891
7.02054095268
7.65019702911
9.75740718842
7.91797494888
8.71835708618
8.59076094627
8.02660512924
9.16606807709
7.75412797928
10.5563590527
8.07826805115
9.31019711494
7.82240700722
10.440297842
9.5127120018
7.51136493683
7.37346601486
8.51710987091
9.19263696671
8.00594782829
8.09484291077
7.51093912125
11.5960540771
7.84564113617
8.47014808655
9.43879008293
8.58091497421
9.50691008568
7.6931271553
7.96909809113
7.39652299881
7.67764210701
9.4132630825
10.2571871281
8.34902596474
7.85726284981
11.0046460629
8.60898804665
9.94605898857
7.36100411415
8.43743109703
8.80776500702
7.70369100571
9.67818307877
10.0221838951
9.65596008301
11.7866840363
10.7925989628
9.3736178875
7.83715105057
9.11341404915
8.45941901207
7.30328679085
8.37957692146
10.9370760918
7.3852519989
9.56822490692
8.15942406654
10.0389480591
9.83730196953
8.62356090546
9.81114602089
8.45718312263
11.4077329636
9.10084295273
8.73457312584
9.28291702271
9.12286305428
9.17623114586
7.70994305611
7.40929102898
9.64316415787
9.60327291489
8.39351797104
8.10135388374
7.25316882133
7.7787270546
10.9009931087
7.85032200813
7.27206110954
7.53201198578
9.10393595695
8.02257800102
7.321600914
7.36128520966
8.20789003372
7.60286307335
7.40528082848
7.25945711136
7.36805605888
8.59879684448
7.43150210381
7.45811200142
8.60103392601
7.41124892235
7.06244492531
8.36173200607
7.91688108444
7.48360419273
6.86453604698
7.69494509697
8.83015990257
11.2211530209
8.52747297287
7.89240503311
7.18672585487
7.29807686806
7.9793920517
6.9677298069
7.60301685333
10.7882900238
7.94950604439
7.35503816605
7.58309793472
8.4459540844
7.98235702515
7.25306606293
7.11635684967
7.45041894913
7.19245696068
8.62332701683
7.69791913033
7.29280090332
7.13334488869
7.85122895241
7.8234539032
8.41166591644
7.74427008629
7.81080102921
8.29781508446
6.76522803307
7.34672808647
7.03931307793
7.19492006302
6.89898109436
7.70832395554
7.64281582832
8.46348500252
9.18146800995
8.41972112656
6.81797194481
7.14084005356
7.21428799629
6.56731009483
6.58763313293
7.86270689964
6.82845592499
8.3970849514
7.04241704941
6.71310114861
6.65724110603
6.61703705788
6.53633785248
6.58158111572
6.62802910805
6.60247302055
6.67227602005
6.55551290512
6.5192899704
6.41822099686
5.0964179039
5.44935417175
5.2340118885
4.54747819901
6.33889508247
3.98345589638
6.36809396744
5.70564389229
6.29699397087
5.69137692451
6.58434915543
6.51504802704
4.97501301765
4.5201048851
4.48107290268
4.45260190964
6.43845391273
5.31049203873
6.0643491745
6.10732507706
5.90211510658
5.60976314545
5.783244133
6.28423404694
6.46218705177
6.50396895409
6.45566797256
6.52433204651
6.07160282135
6.56407594681
5.78742098808
6.3512969017
6.47994208336
6.28445100784
5.95300602913
6.52190589905
6.53204298019
6.604418993
6.65474295616
6.53978395462
4.4969329834
4.43757104874
4.75324201584
5.94423604012
4.65969800949
5.20836091042
6.17663383484
5.50579690933
6.27448010445
4.9266808033
4.02882814407
3.85047888756
4.95500707626
3.85965704918
4.48306179047
5.74781012535
3.82337999344
3.94682002068
3.89876008034
4.53144812584
4.35066604614
5.11688399315
4.82246208191
6.04747605324
4.16054487228
4.48706793785
5.23157906532
3.80770087242
3.94179797173
4.40267109871
4.75777792931
3.87560987473
4.4782910347
5.02676510811
5.43275594711
4.35382008553
3.88387203217
3.96802902222
4.21165680885
4.60901284218
4.66607785225
4.13717198372
4.97082805634
3.90510201454
4.49476504326
5.32964992523
4.88225913048
3.88366985321
4.40728878975
3.92528486252
4.52684688568
3.92645001411
3.82414507866
3.90685319901
3.84935212135
3.92389988899
