10.5934720039
10.5023789406
10.6090641022
10.3733670712
10.5462360382
10.5197792053
10.5575261116
10.5629439354
10.5635631084
10.5536270142
10.3428361416
10.4872450829
10.2968361378
10.5655920506
10.3066170216
10.3081700802
10.6323881149
10.2866511345
10.6445200443
10.5187129974
10.5301520824
10.5236489773
10.5378110409
10.5410120487
10.554361105
10.5184519291
10.56822896
10.5904281139
10.5525419712
10.6233608723
10.4706120491
10.5414330959
10.632529974
10.3080420494
10.3118021488
10.3927881718
10.3100910187
10.6226649284
10.3404531479
10.3285551071
10.6473171711
10.5360219479
10.5566749573
10.5148649216
10.4968800545
10.5990459919
10.4541780949
10.468791008
10.546890974
10.3158919811
10.5866699219
10.6142771244
10.4704799652
10.3033800125
10.6162800789
10.6065218449
10.5770459175
10.5587301254
10.5446269512
10.4160339832
10.3022170067
10.5787649155
10.3986690044
10.5875020027
10.6048259735
10.6656498909
10.624712944
10.3283708096
10.3439559937
10.6076040268
10.279489994
10.60658288
10.4490771294
10.4251480103
10.4628510475
10.606441021
10.6181769371
10.5883538723
10.3589529991
10.32701087
10.6752140522
10.3256728649
10.628538847
10.3957848549
10.3267519474
10.4331781864
10.3187739849
10.5095608234
10.4808418751
10.4630401134
10.5780379772
10.6099851131
10.6760778427
10.608850956
10.4086880684
10.7044219971
10.5951499939
10.641988039
10.647217989
10.4212310314
10.602301836
10.6908900738
10.5494451523
10.6035737991
10.5686280727
10.4772601128
10.5518300533
10.4287619591
10.477948904
10.5954549313
10.6122319698
10.3874571323
10.6133630276
10.2812838554
10.6448569298
10.6023950577
10.6515882015
10.3304450512
10.608424902
10.3427519798
10.3083000183
10.5588560104
10.5388081074
10.6342878342
10.6082289219
10.612842083
10.311259985
10.5584821701
10.548995018
10.6160140038
10.5828659534
10.6081330776
10.3372249603
10.5174841881
10.3444778919
10.2884550095
10.3269050121
10.5806510448
10.5548000336
10.4327449799
10.3357918262
10.3391239643
10.5624859333
10.320389986
10.3188009262
10.6243009567
10.6301231384
10.3285579681
10.4464662075
10.3410298824
10.5888869762
10.3091599941
10.5512049198
10.5355730057
10.4611082077
10.3372449875
10.4308171272
10.6589319706
10.5993390083
10.6313970089
10.5099599361
10.5327439308
10.5997931957
10.4155108929
10.4352638721
10.2973651886
10.3599619865
10.3134870529
10.3609428406
10.6373238564
10.6351280212
10.5823729038
10.2977128029
10.5633409023
10.5473530293
10.592895031
10.5753080845
10.3304629326
10.5723562241
10.6424570084
10.3256340027
10.3221509457
10.6196899414
10.679956913
10.3167479038
10.5963819027
10.6395101547
10.4587271214
10.5640881062
10.3087999821
10.3219261169
10.3007910252
10.6633489132
10.3563570976
10.5373921394
10.6321189404
10.5586209297
10.5578448772
10.6345510483
10.60247612
10.5011620522
10.5865559578
10.3261880875
10.3208129406
10.5466418266
10.5115339756
10.3553760052
10.318447113
10.4013640881
10.6656551361
10.6057810783
10.6082980633
10.6100871563
10.5993561745
10.6629152298
10.5686490536
10.5737891197
10.6348521709
10.5836758614
10.6086900234
10.5666160583
10.5902490616
10.5570340157
10.5953848362
10.5865371227
10.4167220592
10.2992348671
10.3107011318
10.6399598122
10.3978350163
10.3504121304
10.3325538635
10.4794671535
10.321336031
10.3043580055
10.3568639755
10.5945808887
10.5649869442
10.3258049488
10.6234130859
10.5694577694
10.6177270412
10.6575658321
10.3409368992
10.2796111107
10.628567934
10.6204710007
10.3214068413
10.3216500282
10.4951519966
10.3143389225
10.4167029858
10.5899298191
10.5307018757
10.5480098724
10.57000494
10.5437469482
10.5970687866
10.5581290722
10.603402853
10.2968878746
10.3049230576
10.4440798759
10.376393795
10.5559520721
10.6485669613
10.3651201725
10.328676939
10.6451070309
10.6264870167
10.3254020214
10.4802651405
10.6047379971
10.2979681492
10.5940918922
10.5712811947
10.3504588604
10.5787279606
10.3100881577
10.4514539242
10.4182319641
10.3441469669
10.5875799656
10.606844902
10.572206974
10.6439139843
10.3054680824
10.417429924
10.5661129951
10.6435759068
10.5811779499
10.3268358707
10.5974030495
10.5930991173
10.615511179
10.3316671848
10.3067691326
10.6182868481
10.601154089
10.5878279209
10.569411993
10.5884780884
10.5912070274
10.6346490383
10.6375420094
10.3234488964
10.6202030182
10.6474370956
10.4761559963
10.63083601
10.4345929623
10.6253199577
10.5405189991
10.6020588875
10.5794169903
10.621981144
10.3250610828
10.5694179535
10.6128439903
10.5466940403
10.6106817722
10.405039072
10.5934109688
10.417085886
10.5656900406
10.6158108711
10.5782999992
10.5711889267
10.595774889
10.3125529289
10.4248421192
10.6016631126
10.3343429565
10.5833120346
10.5956587791
10.6603808403
10.3138878345
10.3175261021
10.3308238983
10.4281790257
10.3694410324
10.3223891258
10.3424520493
10.4656062126
10.2959709167
10.6229970455
10.5731928349
10.6521878242
10.6218798161
10.6247348785
10.3395149708
10.3789150715
10.5994651318
10.55915308
10.6430318356
10.3080620766
10.592648983
10.4374489784
10.6798961163
10.4946980476
10.484470129
10.6660029888
10.492743969
10.5045759678
10.6123371124
10.5407710075
10.3031101227
10.4001510143
10.4511160851
10.5541961193
10.6380398273
10.3060889244
10.640789032
10.605973959
10.3572909832
10.3855721951
10.5584819317
10.6182670593
10.6198971272
10.291121006
10.4065771103
10.2940189838
10.3302569389
10.3362350464
10.6040410995
10.3136861324
10.3221039772
10.3425819874
10.3901278973
10.5603580475
10.5984899998
10.2924079895
10.2978298664
10.6110169888
10.5285191536
10.5527620316
10.6665639877
10.4930679798
10.6043770313
10.6191260815
10.6686789989
10.5711789131
10.5120761395
10.3051021099
10.5445249081
10.3593609333
10.334059
10.3340549469
10.5714449883
10.6872749329
10.6539869308
10.5685019493
10.6071090698
10.6284799576
10.6042490005
10.5984449387
10.6503670216
10.5658268929
10.312016964
10.3133850098
10.3189909458
10.5145630836
10.4398441315
10.577203989
10.4816310406
10.5224540234
10.4018630981
10.3240890503
10.6338591576
10.6663389206
10.3475408554
10.3072211742
10.2970211506
10.5763938427
10.5898339748
10.3022999763
10.3289110661
10.3535728455
10.5781371593
10.3093791008
10.3650429249
10.3337781429
10.6072001457
10.6537811756
10.5958449841
10.300552845
10.3335638046
10.3114178181
10.3136520386
10.3371670246
10.3149731159
10.5834009647
10.6152310371
10.3142931461
10.6235070229
10.6025750637
10.5334391594
10.6196789742
10.5817019939
10.3210368156
10.3285529613
10.4625179768
10.4818890095
10.3477640152
10.615226984
10.6584880352
10.6085300446
10.5709481239
10.6248641014
10.5935208797
10.5720760822
10.5109839439
10.5911459923
10.4267570972
10.5993731022
10.3748559952
10.4883351326
10.4076170921
10.425547123
10.3485689163
10.3311450481
10.5065231323
10.3084959984
10.4115729332
10.4842970371
10.6199550629
10.3664400578
10.3290472031
10.3629288673
10.6229979992
10.3660931587
10.5836861134
10.4887471199
10.5462968349
10.3563320637
10.3512978554
10.5967769623
10.3880388737
10.5995910168
10.4433178902
10.3420081139
10.4893908501
10.4207007885
10.4756250381
10.6527459621
10.6363201141
10.4167978764
10.5068609715
10.6490690708
10.6670060158
10.5859429836
10.6479849815
10.6508529186
10.6055438519
10.5869398117
10.4911408424
10.4756309986
10.599861145
10.6144242287
10.5531139374
10.5933229923
10.5840170383
10.5904510021
10.6121549606
10.5844008923
10.5891208649
10.5862848759
10.6963658333
10.6238188744
10.3214290142
10.3107941151
10.3332731724
10.6803030968
10.3174860477
10.5895419121
10.6125180721
10.5829920769
10.611330986
10.5303390026
10.6256139278
10.4208619595
10.5947840214
10.6196269989
10.6502959728
10.388215065
10.3946340084
10.6359629631
10.6554460526
10.6456639767
10.5962240696
10.6286759377
10.3223979473
10.5581419468
10.3222010136
10.5184161663
10.6678829193
10.5978770256
10.6620388031
10.6487591267
10.4290938377
10.4146931171
10.6458849907
10.5582458973
10.6277139187
10.6417541504
10.5703589916
10.5767941475
10.736552
10.6050930023
10.6363642216
10.6561090946
10.551748991
10.5786559582
10.3002290726
10.5811619759
10.626969099
10.6756460667
10.5573091507
10.6616230011
10.5947518349
10.6137571335
10.3328549862
10.3382730484
10.3026101589
10.3297181129
10.3137161732
10.3260211945
10.3191518784
10.5967738628
10.6507878304
10.6117408276
10.5874218941
10.4339780807
10.522342205
10.5855090618
10.6367990971
10.5949151516
10.5994710922
10.5089371204
10.647865057
10.581815958
10.5633511543
10.4727730751
10.4027090073
10.5976271629
10.6784071922
10.6073069572
10.6477649212
10.6092641354
10.6595790386
10.4433529377
10.3213288784
10.5533850193
10.6515481472
10.6037418842
10.3382811546
10.3717038631
10.4016811848
10.3319299221
10.6364619732
10.6011109352
10.6678659916
10.3906559944
10.5429809093
10.3917708397
10.6037621498
10.6055510044
10.6694431305
10.53166008
10.737954855
10.3804171085
10.6360640526
10.6600568295
10.3493719101
10.3682160378
10.688325882
10.3324248791
10.685956955
10.6330609322
10.5203869343
10.4001810551
10.499915123
10.7334699631
10.6685519218
10.6213991642
10.666754961
10.5773239136
10.5741410255
10.4019770622
10.3245668411
10.334307909
10.3052151203
10.6133778095
10.6685400009
10.4202930927
10.6077399254
10.6638381481
10.331553936
10.3915760517
10.3570311069
10.5977909565
10.572261095
10.3221318722
10.3224830627
10.3178479671
10.4258849621
10.5910010338
10.3960299492
10.5249700546
10.6125519276
10.5586929321
10.7230660915
10.3704609871
10.5649261475
10.3417470455
10.6461648941
10.3684031963
10.5506939888
10.358520031
10.6855409145
10.633409977
10.5346040726
10.6018261909
10.3552370071
10.5682928562
10.6771669388
10.5889458656
10.4260280132
10.5847728252
10.561439991
10.5792608261
10.6270260811
10.6485481262
10.4986031055
10.309294939
10.5047709942
10.5659081936
10.3258378506
10.557461977
10.5693547726
10.668143034
10.5657310486
10.6407790184
10.3161520958
10.6690349579
10.6601159573
10.3203217983
10.6877131462
10.5219089985
10.6025829315
10.5882909298
10.6244769096
10.5561318398
10.4325320721
10.5630309582
10.6166000366
10.3095450401
10.5703089237
10.6459479332
10.6427628994
10.5842649937
10.655905962
10.6147799492
10.6285259724
10.5945699215
10.6814949512
10.5461461544
10.4198601246
10.616836071
10.595566988
10.6531660557
10.5968019962
10.6755468845
10.5520157814
10.7403640747
10.5663478374
10.6156311035
10.6155598164
10.6335117817
10.5046482086
10.555546999
10.5254371166
10.614221096
10.6058781147
10.6660661697
10.4079930782
10.4665019512
10.5711019039
10.6454091072
10.5543971062
10.3362560272
10.3345758915
10.4047989845
10.3274838924
10.3084189892
10.3323981762
10.6339740753
10.3728981018
10.3263819218
10.5506711006
10.3986830711
10.6035900116
10.5955967903
10.7031219006
10.5872209072
10.6112699509
10.5761389732
10.6303420067
10.4533951283
10.3244400024
10.5775649548
10.3151531219
10.7049908638
10.3107140064
10.6228878498
10.6014289856
10.6004970074
10.5533630848
10.3320031166
10.3284401894
10.3025300503
10.4620378017
10.4264130592
10.5938670635
10.3125090599
10.6192529202
10.5869781971
10.4731497765
10.3209700584
10.6662421227
10.5911040306
10.6433470249
10.5036480427
10.6112520695
10.6248729229
10.5613181591
10.6367809772
10.6197619438
10.3273119926
10.3057658672
10.6028850079
10.6295180321
10.3363790512
10.5840101242
10.5344619751
10.6357491016
10.5827920437
10.6032640934
10.2912688255
10.6730151176
10.6168370247
10.6152949333
10.300121069
10.3042690754
10.6104240417
10.4649398327
10.5730288029
10.5481779575
10.5383529663
10.496186018
10.6860198975
10.6099541187
10.5427379608
10.3985950947
10.4359338284
10.3375380039
10.4094591141
10.6856601238
10.3238530159
10.5985069275
10.6123352051
10.3213310242
10.6415140629
10.541506052
10.5927939415
10.5422949791
10.6082270145
10.3129630089
10.5238919258
10.5986001492
10.6164748669
10.3156270981
10.6057171822
10.5448548794
10.6129479408
10.5560619831
10.3186581135
10.3085319996
10.3261399269
10.606662035
10.6296370029
10.3993098736
10.4998259544
10.320130825
10.4510149956
10.5974161625
10.5781359673
10.5447030067
10.6254649162
10.5368840694
10.5729520321
10.3310928345
10.59958601
10.3115651608
10.4034118652
10.4746170044
10.5877029896
10.4600429535
10.5967979431
10.6178500652
10.3209888935
10.3443009853
10.3007521629
10.2949671745
10.3452460766
10.5692908764
10.6442961693
10.5495028496
10.3514318466
10.5870108604
10.5406579971
10.6839749813
10.5669648647
10.3560860157
10.6129088402
10.4316999912
10.6180479527
10.7305660248
10.4664058685
10.3455779552
10.3934350014
10.6208319664
10.6752531528
10.3080170155
10.4261820316
10.3497128487
10.6013960838
10.325879097
10.3389680386
10.665019989
10.3375020027
10.5799779892
10.6180188656
10.6633121967
10.5829179287
10.5634219646
10.6163430214
10.6624310017
10.5891108513
10.582916975
10.6434869766
10.6565067768
10.6251699924
10.6743850708
10.6088941097
10.3352930546
10.6123049259
10.6295309067
10.3345890045
10.3088290691
10.3488080502
10.3163170815
10.382185936
10.3363940716
10.3787181377
10.6351799965
10.5964770317
10.6041488647
10.5444970131
10.6116900444
10.6646680832
10.567923069
10.5639791489
10.6445732117
10.5800821781
10.6049919128
10.6157879829
10.5710978508
10.6168019772
10.3333499432
10.5475840569
10.6118400097
10.5869948864
10.560008049
10.6243238449
10.5848040581
10.3087100983
10.6055550575
10.3250279427
10.710021019
10.633710146
10.482211113
10.3160960674
10.305948019
10.294121027
10.3290829659
10.3192420006
10.3531558514
10.3028531075
10.4839389324
10.5141508579
10.3161001205
10.5998668671
10.6270420551
10.6176760197
10.6389009953
10.3296928406
10.6413021088
10.5839960575
10.6121120453
10.3937129974
10.5964369774
10.3262951374
10.5885741711
10.5739250183
10.6196570396
10.3949148655
10.6015198231
10.5350949764
10.6902840137
10.4277248383
10.410326004
10.7581691742
10.6136209965
10.6107769012
10.6126158237
10.6172168255
10.3376979828
10.3266608715
10.3567662239
10.3186001778
10.2724649906
10.3196871281
10.3200719357
10.3324131966
10.2771539688
10.2879037857
10.2940430641
10.3018529415
10.3076760769
1.28237700462
1.34018111229
1.38208413124
1.28731489182
1.3182349205
1.38104200363
1.32203793526
1.35470199585
1.30596995354
1.31954717636
1.35949492455
1.32673692703
1.37273383141
1.28572106361
1.30124902725
1.30840396881
1.28284311295
1.27765798569
1.29198408127
1.28794312477
1.31124997139
1.3092520237
1.28859591484
1.27771377563
1.29030585289
1.30217599869
1.31644392014
1.34984207153
1.30986309052
1.30920600891
1.31027293205
1.28533911705
1.31370306015
1.30068683624
1.32846999168
1.30410194397
1.33129501343
1.26126909256
1.27684307098
1.32035183907
1.32987308502
1.32073688507
1.30719304085
1.28836393356
1.28761696815
1.2982981205
1.29249000549
1.29934406281
1.29783296585
1.28733801842
1.3283970356
1.30428004265
1.30918884277
1.28388285637
1.30621290207
1.30658578873
1.31905794144
1.28198599815
1.27386307716
1.3089401722
1.32914090157
1.30575203896
1.30685806274
1.29837679863
1.30752897263
1.27068209648
1.2818710804
1.29532003403
1.28765392303
1.33694505692
1.3446149826
1.35915994644
1.33537793159
1.29908585548
1.32830309868
1.33744692802
1.31973910332
1.30580306053
1.3421318531
1.32396602631
1.30205988884
1.31610798836
1.30298304558
1.32673788071
1.29571390152
1.33136105537
1.31343817711
1.32933497429
1.28639388084
1.26764082909
1.29304599762
1.29796099663
1.32902884483
1.30601000786
1.29618096352
1.29826903343
1.32432317734
1.31955909729
1.38343191147
1.38160705566
1.37028121948
1.35406589508
1.43693494797
1.32530498505
1.37140798569
1.28877401352
1.29130196571
1.3610970974
1.32329392433
1.40289998055
1.41122102737
1.3393599987
1.33293604851
1.31101512909
1.38011097908
1.37393808365
1.35515594482
1.33163499832
1.38335609436
1.40976810455
1.32662606239
1.32543611526
1.35965800285
1.3522670269
1.41378307343
1.34382486343
1.40737390518
1.4039978981
1.3643181324
1.34238314629
1.37265396118
1.38831686974
1.3771238327
1.38051009178
1.34596395493
1.38610816002
1.36342310905
1.34201693535
1.37908411026
1.33113503456
1.40251398087
1.37550806999
1.4103910923
1.34340000153
1.51856589317
1.55200791359
1.38393688202
1.44113016129
1.3342590332
1.38345193863
1.35428786278
1.34182596207
1.3483979702
1.40104198456
1.34464597702
1.39112401009
1.30244994164
1.35418915749
1.30152106285
1.29553985596
1.29721093178
1.36656403542
1.30639600754
1.29142594337
1.31822395325
1.29374790192
1.32871484756
1.41486787796
1.32326292992
1.31152415276
1.35042405128
1.30235123634
1.3419110775
1.37368202209
1.302298069
1.31739187241
1.33124089241
1.29633712769
1.32322382927
1.34863996506
1.43481206894
1.36740207672
1.358730793
1.32561993599
1.3003180027
1.31104493141
1.35498785973
1.34377908707
1.33362793922
1.35058116913
1.33437490463
1.32342505455
1.33616900444
1.31524896622
1.31663608551
1.29977107048
1.30436015129
1.27666401863
1.28155684471
1.33913588524
1.36596798897
1.30004096031
1.28928112984
1.31144380569
1.32829785347
1.3464140892
1.30572295189
1.32224202156
1.34795880318
1.34031200409
1.31407189369
1.31885385513
1.40331411362
1.36008095741
1.36169195175
1.39584708214
1.37816786766
1.35123682022
1.35553383827
1.35502290726
1.36428284645
1.39217400551
1.30875015259
1.3824338913
1.41164016724
1.41020894051
1.38319301605
1.37960290909
1.37158894539
1.41341805458
1.35258102417
1.34318685532
1.34856796265
1.32187795639
1.29733800888
1.37248802185
1.31622004509
1.30416107178
1.35345315933
1.34488582611
1.33028292656
1.38188791275
1.42709708214
1.34594297409
1.33332800865
1.2925028801
1.29591393471
1.40465307236
1.36963391304
1.40272307396
1.34005093575
1.32802510262
1.32979416847
1.29872202873
1.3092110157
1.39216589928
1.40371108055
1.31983613968
1.35119795799
1.42700600624
1.33437299728
1.29333209991
1.37625288963
1.27495789528
1.2937669754
1.30261993408
1.43788599968
1.29455494881
1.33591508865
1.34994792938
1.3414709568
1.30701804161
1.30414104462
1.34239411354
1.33206510544
1.35223984718
1.32411003113
1.28331303596
1.27386021614
1.30449795723
1.29847097397
1.29584717751
1.2905189991
1.32483005524
1.30076503754
1.33682894707
1.33578205109
1.34988880157
1.34196615219
1.31590104103
1.33037805557
1.37228298187
1.38887476921
1.33960604668
1.30444812775
1.350025177
1.31031990051
1.34846997261
1.38188195229
1.34275197983
1.47956609726
1.37932682037
1.34038805962
1.33192205429
1.32072496414
1.29639387131
1.35010385513
1.29373884201
1.35863614082
1.3533141613
1.34584403038
1.41024398804
1.36316609383
1.36091995239
1.38563585281
1.47593808174
1.31888604164
1.36577701569
1.41694092751
1.3483080864
1.31553196907
1.32167601585
1.34765505791
1.30964398384
1.2984058857
1.34803700447
1.38760900497
1.33424496651
1.33405780792
1.36140418053
1.33468294144
1.34317708015
1.32332611084
1.41659593582
1.33914995193
1.29653096199
1.31455993652
1.30618691444
1.40077495575
1.3053047657
1.34754705429
1.41271114349
1.31694507599
1.40330886841
1.33373093605
1.33319497108
1.36615204811
1.37521886826
1.37212920189
1.36651992798
1.39286398888
1.38055205345
1.36500716209
1.32175302505
1.38718605042
1.36804389954
1.33958292007
1.34137201309
1.35542917252
1.3475048542
1.36313700676
1.30511307716
1.31807589531
1.3901720047
1.34598517418
1.37165498734
1.37403798103
1.34620499611
1.37553596497
1.34618997574
1.31832909584
1.41233491898
1.4107401371
1.36207485199
1.35323286057
1.36851286888
1.32765698433
1.33720302582
1.3935508728
1.36180710793
1.31535792351
1.28913211823
1.33193016052
1.36458587646
1.3522310257
1.33316993713
1.30573582649
1.36498713493
1.37976789474
1.2917740345
1.55862402916
1.30231404305
1.3140771389
1.32941293716
1.30713009834
1.3222990036
1.30935096741
1.36490607262
1.29495882988
1.32409501076
1.32935810089
1.30426502228
1.32364606857
1.38080620766
1.42258691788
1.40839099884
1.37788105011
1.42941498756
1.37759900093
1.34441995621
1.36971092224
1.41343808174
1.36299490929
1.34494018555
1.40344882011
1.31701898575
1.33901309967
1.33162212372
1.36638498306
1.39064908028
1.3163318634
1.31973695755
1.32982516289
1.33308696747
1.37717413902
1.3389840126
1.34468698502
1.36623382568
1.33689498901
1.30597877502
1.37491297722
1.31011199951
1.31864285469
1.29546689987
1.31328606606
1.28873085976
1.29521107674
1.34606385231
1.35285592079
1.34466195107
1.35405492783
1.44760107994
1.37303090096
1.33573484421
1.33479404449
1.3492770195
1.33789205551
1.3420419693
1.33208394051
1.30975413322
1.30947208405
1.30266404152
1.28754091263
1.3452038765
1.34572911263
1.32445406914
1.32177901268
1.29964494705
1.30138397217
1.27918505669
1.29789590836
1.31027793884
1.28122401237
1.28133702278
1.28184485435
1.29542589188
1.33524799347
1.32254910469
1.3441491127
1.33452892303
1.33838295937
1.3060259819
1.28088307381
1.33530712128
1.30906891823
1.32113409042
1.31442213058
1.33624315262
1.3382589817
1.32899880409
1.33597016335
1.32079195976
1.34631299973
1.31914997101
1.33589816093
1.43480086327
1.6112101078
1.54189896584
1.35358810425
1.32994318008
1.32916092873
1.40858101845
1.33907318115
1.31214189529
1.32259988785
1.30417203903
1.34155702591
1.33134293556
1.34770512581
1.32676291466
1.32129001617
1.32316184044
1.32722091675
1.28146719933
1.30889606476
1.35419797897
1.39546298981
1.33054208755
1.32678890228
1.33295488358
1.30775809288
1.31905007362
1.32127904892
1.31651902199
1.32944607735
1.30220603943
1.28408002853
1.29173898697
1.30868983269
1.28952383995
1.29990696907
1.31314897537
1.30645608902
1.29535102844
1.30336904526
1.32464313507
1.2924220562
1.32362794876
1.34044599533
1.32493591309
1.33079695702
1.333329916
1.3367869854
1.35175395012
1.33391308784
1.33566308022
1.30928397179
1.30524897575
1.31201100349
1.29254508018
1.31927585602
1.32757997513
1.41658997536
1.31468987465
1.31727099419
1.30036997795
1.3069319725
1.31352615356
1.28642916679
1.30774784088
1.31465697289
1.33668494225
1.29159808159
1.31433320045
1.32170820236
1.28238391876
1.33335494995
1.31294608116
1.32185292244
1.33326601982
1.35790300369
1.32091498375
1.27125597
1.33775520325
1.34259390831
1.29230904579
1.29522895813
1.31551599503
1.34586000443
1.36340999603
1.3394548893
1.38799190521
1.36420917511
1.3840970993
1.29291892052
1.30673098564
1.31004619598
1.32313704491
1.33695602417
1.31482100487
1.34703016281
1.32793712616
1.31920790672
1.30448698997
1.28661799431
1.35302400589
1.33979892731
1.32745599747
1.29841303825
1.3094189167
1.3212211132
1.32723212242
1.27561998367
1.30653500557
1.34284687042
1.34621620178
1.44540500641
1.32834386826
1.35486006737
1.33982992172
1.31280303001
1.31719899178
1.30177998543
1.28362798691
1.32259297371
1.33503508568
1.30411601067
1.33947491646
1.33388400078
1.29843688011
1.28776693344
1.27290010452
1.33373808861
1.29047703743
1.3122010231
1.29701185226
1.29911184311
1.30139088631
1.34273791313
1.34166693687
1.29424715042
1.33324217796
1.33961987495
1.3188970089
1.287981987
1.36172485352
1.31146407127
1.34250617027
1.30607008934
1.31690502167
1.30582094193
1.2840089798
1.32090091705
1.31233501434
1.29651212692
1.35546398163
1.32294797897
1.29376506805
1.31825304031
1.31136202812
1.34674501419
1.41688394547
1.3169298172
1.3196439743
1.33686208725
1.33282113075
1.31646299362
1.32998514175
1.31373214722
1.33731889725
1.31785798073
1.31823992729
1.32197117805
1.36185717583
1.29145097733
1.34395599365
1.32967090607
1.32773399353
1.31434106827
1.34629297256
1.35268306732
1.32293796539
1.307254076
1.33518385887
1.34863090515
1.28650712967
1.3203830719
1.30812907219
1.31290006638
1.30205798149
1.30827498436
1.31902503967
1.33501410484
1.33128809929
1.33034396172
1.34038186073
1.34088897705
1.31381297112
1.46644902229
1.31489992142
1.32508015633
1.29601097107
1.30798506737
1.29890012741
1.3222489357
1.31479597092
1.32245588303
1.49788188934
1.29946017265
1.34683084488
1.29418087006
1.31213617325
1.30429387093
1.33267593384
1.30879592896
1.29877781868
1.30790495872
1.30240702629
1.32500290871
1.31157112122
1.35391497612
1.38456320763
1.34116482735
1.33605384827
1.32778692245
1.3632080555
1.35485816002
1.31632804871
1.29368591309
1.3173520565
1.30627393723
1.33112311363
1.28866004944
1.32870197296
1.27072691917
1.29448485374
1.27271008492
1.33376312256
1.3339779377
1.33791804314
1.33353996277
1.39788603783
1.36879611015
1.35954093933
1.30949497223
1.31904506683
1.33188390732
1.33614587784
1.3103530407
1.30732607841
1.34108686447
1.3035030365
1.31362485886
1.35118198395
1.33440303802
1.31332397461
1.3247218132
1.32719111443
1.29254603386
1.33642101288
1.30517292023
1.29920101166
1.32282614708
1.30192708969
1.33434987068
1.35396504402
1.33292889595
1.35142207146
1.30897712708
1.35220098495
1.32770109177
1.32960796356
1.30944800377
1.32735300064
1.32194805145
1.35839700699
1.31896209717
1.31931400299
1.30692505836
1.3281121254
1.33427405357
1.32543301582
1.32612204552
1.32491612434
1.35085606575
1.3263938427
1.31264901161
1.3103120327
1.39153313637
1.32688593864
1.35553789139
1.30082798004
1.32245516777
1.29986000061
1.29569292068
1.33417010307
1.36247396469
1.34669804573
1.32880401611
1.33514094353
1.42517209053
1.31513214111
1.32735180855
1.30912518501
1.29926896095
1.30807209015
1.28843688965
1.3221180439
1.30920696259
1.30295920372
1.28797197342
1.36491298676
1.30192804337
1.36050701141
1.34815597534
1.36152696609
1.28652906418
1.30070495605
1.28359794617
1.32809615135
1.31127810478
1.49397921562
1.29870700836
1.30633807182
1.31319713593
1.2877099514
1.33186292648
1.34895205498
1.3574090004
1.31293296814
1.28270792961
1.35131812096
1.31242609024
1.32965993881
1.34799098969
1.30990791321
1.32990908623
1.31879782677
1.32435894012
1.3401658535
1.32547402382
1.30800199509
1.3946659565
1.53207993507
1.30937099457
1.32416009903
1.31762719154
1.30689311028
1.34363698959
1.30945301056
1.32216501236
1.34356093407
1.35044908524
1.31861519814
1.32334280014
1.37490487099
1.37176203728
1.32718300819
1.29325294495
1.29743885994
1.29428195953
1.31619882584
1.30777597427
1.33229398727
1.36371994019
1.30979585648
1.30729413033
1.30965590477
1.28970503807
1.34092283249
1.29621696472
1.30497312546
1.34420919418
1.36066484451
1.41799998283
1.34477496147
1.3376250267
1.32142496109
1.28748393059
1.33874607086
1.29300403595
1.31664180756
1.30147099495
1.28574299812
1.33904600143
1.33457589149
1.41573095322
1.42173099518
1.36951208115
1.34140110016
1.3199930191
1.31547498703
1.31497097015
1.46798086166
1.33143401146
1.3451499939
1.3557369709
1.33611893654
1.28798604012
1.29250907898
1.39315795898
1.35307693481
1.335242033
1.29589700699
1.41036605835
1.4065182209
1.33955097198
1.3287460804
1.29383015633
1.2917098999
1.29969906807
1.34465289116
1.28876399994
1.32524609566
1.32776808739
1.33968997002
1.28200387955
1.32098197937
1.28472208977
1.33432507515
1.32892298698
1.32156205177
1.34319400787
1.30128717422
1.29698896408
1.31533384323
1.28939509392
1.27734899521
1.36721491814
1.37143301964
1.33650016785
1.31620693207
1.28029322624
1.31696796417
1.34203886986
1.31881403923
1.33437490463
1.37966108322
1.38526391983
1.29971194267
1.30966997147
1.35782790184
1.34682583809
1.31986498833
1.29941296577
1.32770800591
1.35257005692
1.30287981033
1.3451769352
1.31854081154
1.31390595436
1.32584214211
1.33343696594
1.40296506882
1.33020305634
1.34744381905
1.30432295799
1.31012105942
1.33131599426
1.31087088585
1.35050082207
1.37056803703
1.31109595299
1.32903981209
1.31589198112
1.3261218071
1.31158494949
1.29110908508
1.31327390671
1.35780191422
1.2945330143
1.31668591499
1.31688094139
1.30224609375
1.31345510483
1.3039150238
1.30338001251
1.31488895416
1.3397500515
1.33419895172
1.28942298889
1.29983997345
1.34432411194
1.33782196045
1.34974193573
1.32184791565
1.40276384354
1.4127509594
1.33494615555
1.3171339035
1.34177708626
1.3169260025
1.37553095818
1.35392594337
1.34005880356
1.39060997963
1.4042339325
1.44998598099
1.37186098099
1.35855102539
1.38417291641
1.39590787888
1.30662584305
1.31138396263
1.29154109955
1.37829899788
1.3629860878
1.29746389389
1.36327290535
1.39126110077
1.29804992676
1.40605187416
1.39320397377
1.33103895187
1.37129998207
1.38359904289
1.38443207741
1.32575893402
1.31044197083
1.29307889938
