10.291036129
10.2627470493
10.2710678577
10.3352570534
10.5748870373
10.5364429951
10.2715330124
10.4733450413
10.4699890614
10.5392808914
10.561273098
10.4978499413
10.2813270092
10.3289768696
10.5681068897
10.4418730736
10.4272551537
10.3463208675
10.5145468712
10.5091891289
10.5070669651
10.5672850609
10.4198060036
10.4164459705
10.4990429878
10.3554489613
10.483039856
10.509346962
10.3063819408
10.5150988102
10.4565808773
10.3118460178
10.3017389774
10.381510973
10.4031851292
10.6006350517
10.5495989323
10.3159198761
10.2686350346
10.3557629585
10.4185628891
10.5750100613
10.556994915
10.3945121765
10.5648739338
10.5378851891
10.5520510674
10.5271151066
10.3159861565
10.3326630592
10.5294880867
10.4679279327
10.305809021
10.5038001537
10.5215120316
10.3181729317
10.2958269119
10.2774240971
10.5115330219
10.5131220818
10.5595149994
10.3028609753
10.5753550529
10.5603210926
10.4628210068
10.511177063
10.4904370308
10.2931499481
10.6451458931
10.5014688969
10.5422921181
10.5820260048
10.275056839
10.5559818745
10.5174319744
10.585654974
10.4968080521
10.5299139023
10.573225975
10.3005831242
10.3142700195
10.5341448784
10.4541430473
10.5511980057
10.4796202183
10.5649588108
10.5780169964
10.5684399605
10.5277211666
10.3216431141
10.3539090157
10.531471014
10.5406749249
10.2821400166
10.4038450718
10.3476729393
10.3089931011
10.5824861526
10.5066478252
10.5958120823
10.5406727791
10.5908532143
10.279392004
10.5034770966
10.4403641224
10.295124054
10.2954809666
10.2811460495
10.2906999588
10.5622189045
10.3969681263
10.5547261238
10.5238790512
10.4196600914
10.56975317
10.5449440479
10.5364499092
10.3228909969
10.4065480232
10.5411498547
10.5680999756
10.5392878056
10.3311080933
10.6112430096
10.5871210098
10.5455110073
10.5046560764
10.5501708984
10.4102540016
10.5344171524
10.3307290077
10.5546751022
10.5770921707
10.4089970589
10.588807106
10.5629348755
10.5277562141
10.4858980179
10.5773568153
10.6240880489
10.3105690479
10.3119530678
10.3337891102
10.4737329483
10.3294389248
10.4603230953
10.5227479935
10.6105051041
10.5876271725
10.5558059216
10.5575659275
10.5328490734
10.6045041084
10.6446008682
10.597648859
10.5406160355
10.2791838646
10.325273037
10.2973639965
10.5768659115
10.346175909
10.4135270119
10.5360510349
10.4644711018
10.3826620579
10.5944361687
10.3742480278
10.4815051556
10.5158319473
10.606965065
10.5331718922
10.550014019
10.2955918312
10.3508648872
10.2918219566
10.5219359398
10.546738863
10.5542349815
10.5615150928
10.598197937
10.5858440399
10.5607500076
10.5974059105
10.5604140759
10.3600780964
10.5477998257
10.4610929489
10.5474939346
10.6063361168
10.2949419022
10.3091659546
10.5358099937
10.5653910637
10.5253851414
10.5890460014
10.3148329258
10.4394059181
10.2716779709
10.3139789104
10.4684350491
10.370705843
10.5487210751
10.5871818066
10.2911770344
10.2701160908
10.5711100101
10.5427320004
10.2731590271
10.5339050293
10.5400960445
10.5524961948
10.5703639984
10.2947738171
10.5128080845
10.5328040123
10.2905809879
10.2817468643
10.2753679752
10.2791619301
10.3049998283
10.4232130051
10.4127838612
10.5314810276
10.2780990601
10.2718579769
10.5841648579
10.5494010448
10.535378933
10.5534260273
10.5260820389
10.5230879784
10.423115015
10.588062048
10.6066439152
10.4795408249
10.5773179531
10.4134249687
10.538022995
10.491163969
10.5426900387
10.4174377918
10.6153719425
10.5123310089
10.5334300995
10.2895350456
10.3637619019
10.3023149967
10.5455789566
10.5582919121
10.5964889526
10.5712521076
10.6074240208
10.5471830368
10.5487859249
10.5405099392
10.4336190224
10.3080849648
10.5998709202
10.6258180141
10.5786280632
10.5412938595
10.5398030281
10.6332168579
10.3274450302
10.50821805
10.3001768589
10.3039438725
10.3268988132
10.4609789848
10.5687730312
10.3109629154
10.2867109776
10.2910997868
10.3011958599
10.3041939735
10.2828021049
10.5382909775
10.5346910954
10.3772571087
10.3317890167
10.5523509979
10.4614889622
10.3280200958
10.5498239994
10.5487399101
10.5476658344
10.5838251114
10.5017609596
10.6162390709
10.5713591576
10.5448818207
10.3672299385
10.6779670715
10.2767062187
10.4376661777
10.3222990036
10.5798749924
10.5867140293
10.3555641174
10.5558638573
10.536757946
10.5824770927
10.4613990784
10.4512650967
10.6170139313
10.4193589687
10.512321949
10.363006115
10.6172020435
10.284512043
10.5597529411
10.6031391621
10.5505321026
10.5944230556
10.5803399086
10.603012085
10.3057720661
10.4272441864
10.2885711193
10.5488789082
10.5708370209
10.5636301041
10.4373428822
10.2741749287
10.5838358402
10.5602550507
10.3539881706
10.586783886
10.3249790668
10.5514960289
10.5788869858
10.4189910889
10.3018138409
10.2863090038
10.5444049835
10.5586149693
10.5401189327
10.3714339733
10.5364580154
10.5476458073
10.5558979511
10.5507519245
10.5252139568
10.3243210316
10.5687389374
10.5901050568
10.4835979939
10.5372450352
10.2819781303
10.5717358589
10.464356184
10.5044398308
10.3999700546
10.5415921211
10.3208210468
10.5826559067
10.5199549198
10.4816141129
10.583425045
10.3598968983
10.5391750336
10.5331861973
10.2935760021
10.309224844
10.2690701485
10.2684590816
10.3267660141
10.395318985
10.530397892
10.5938360691
10.5442240238
10.5742821693
10.5279269218
10.5775198936
10.54545784
10.3047850132
10.3545339108
10.3432328701
10.5303809643
10.4434571266
10.3060119152
10.5278251171
10.5741069317
10.4247331619
10.2850511074
10.5310490131
10.4371199608
10.5720498562
10.5655379295
10.3365609646
10.3090879917
10.5581979752
10.5384719372
10.3556888103
10.5226421356
10.2880949974
10.6003129482
10.427631855
10.3522241116
10.3415021896
10.5412499905
10.3780329227
10.5666880608
10.2905440331
10.5697171688
10.5590639114
10.6107590199
10.6046469212
10.3771848679
10.3061170578
10.2935769558
10.4495179653
10.3044581413
10.4015579224
10.2940020561
10.2897870541
10.3762300014
10.2863409519
10.2895190716
10.3600289822
10.5612299442
10.5206699371
10.5996849537
10.6375119686
10.5820040703
10.5847599506
10.5760080814
10.4237020016
10.5289170742
10.4466099739
10.5090911388
10.595291853
10.5590391159
10.5300049782
10.6377439499
10.5774641037
10.5560638905
10.3535268307
10.5800511837
10.3072619438
10.5459890366
10.4149339199
10.5245871544
10.5677509308
10.5655648708
10.5431480408
10.5595068932
10.3878130913
10.5208349228
10.5864109993
10.5471670628
10.3929510117
10.3076229095
10.305202961
10.303622961
10.2903380394
10.3095040321
10.5890481472
10.2960510254
10.2746429443
10.3111598492
10.3611500263
10.5692260265
10.5731859207
10.4061801434
10.5254149437
10.5454130173
10.606913805
10.5445969105
10.5567691326
10.3045039177
10.5166978836
10.2930519581
10.6066930294
10.5509238243
10.5704650879
10.5185678005
10.5811929703
10.5714869499
10.5902760029
10.3703389168
10.5803039074
10.5536081791
10.5131828785
10.2988080978
10.5307290554
10.5607578754
10.3763921261
10.4522249699
10.4649159908
10.5596590042
10.4946489334
10.3058409691
10.4172148705
10.3158211708
10.5375258923
10.5169539452
10.4382588863
10.562484026
10.5855278969
10.4456939697
10.611271143
10.6176800728
10.4096119404
10.5695209503
10.5772209167
10.5403959751
10.4290561676
10.5763418674
10.3433640003
10.580466032
10.5593881607
10.5635788441
10.563477993
10.4192681313
10.4243788719
10.3238551617
10.3002970219
10.3562698364
10.5518729687
10.5566189289
10.5788440704
10.3304271698
10.3096399307
10.3184919357
10.3563568592
10.3207478523
10.3408911228
10.3044438362
10.3123600483
10.425383091
10.35176301
10.5422081947
10.4670748711
10.5214428902
10.5531949997
10.6376218796
10.5504090786
10.5352461338
10.5918889046
10.5563399792
10.5820310116
10.5013520718
10.3433279991
10.3671240807
10.3264889717
10.3791348934
10.5046670437
10.6231169701
10.3584229946
10.3369698524
10.3496370316
10.3336138725
10.3218429089
10.5088381767
10.3316130638
10.554502964
10.5614168644
10.3110620975
10.402230978
10.3876268864
10.577395916
10.567494154
10.5702719688
10.5680038929
10.5938749313
10.496393919
10.4823908806
10.3983640671
10.5057132244
10.3489458561
10.3153660297
10.2864089012
10.29545784
10.324873209
10.5821380615
10.4110169411
10.5346989632
10.395606041
10.3043348789
10.5424032211
10.573084116
10.5524539948
10.529435873
10.2921299934
10.5325419903
10.5619881153
10.604416132
10.3008470535
10.5611650944
10.5626900196
10.5529711246
10.6123919487
10.633825779
10.594686985
10.6296720505
10.5719339848
10.4346239567
10.5710070133
10.5929939747
10.6135230064
10.6179180145
10.3924489021
10.2745139599
10.288408041
10.3440668583
10.5553839207
10.5827078819
10.3565709591
10.5638809204
10.5307748318
10.5796720982
10.3728768826
10.3658089638
10.2842400074
10.3355150223
10.6093549728
10.6088528633
10.3123869896
10.2763779163
10.5736320019
10.5557370186
10.5491549969
10.5260438919
10.6564490795
10.321313858
10.5517649651
10.575455904
10.5860538483
10.5871040821
10.4069540501
10.574657917
10.3127608299
10.5193579197
10.3776211739
10.6123569012
10.3122560978
10.4861838818
10.5494468212
10.5889480114
10.5645999908
10.5403881073
10.6418058872
10.5997488499
10.3312358856
10.4355158806
10.2964138985
10.3433330059
10.4414241314
10.3069450855
10.2852442265
10.3609368801
10.6265389919
10.5565907955
10.5954840183
10.5422899723
10.5594599247
10.4726991653
10.6225090027
10.5435049534
10.4499111176
10.3252239227
10.3438968658
10.5826280117
10.4132950306
10.5964710712
10.2980070114
10.4925670624
10.3982751369
10.4991219044
10.353894949
10.6011219025
10.3854880333
10.5475959778
10.5229129791
10.3636159897
10.5987288952
10.5102770329
10.5921568871
10.5404758453
10.571420908
10.5934419632
10.568901062
10.2946529388
10.6234710217
10.3495571613
10.5015239716
10.319794178
10.3043940067
10.5473361015
10.636179924
10.5622010231
10.5056209564
10.2855949402
10.5275239944
10.4960179329
10.3127031326
10.5348489285
10.3260831833
10.2910740376
10.3367431164
10.3093249798
10.3523700237
10.2965149879
10.2869000435
10.3089301586
10.3042230606
10.3157310486
10.3004460335
10.3185520172
10.3328969479
10.4387159348
10.2981910706
10.3890280724
10.2729811668
10.2826888561
10.3277649879
10.3265469074
10.5689589977
10.3260521889
10.5704119205
10.5759119987
10.5707712173
10.5738501549
10.5990898609
10.5474181175
10.5125060081
10.39447999
10.4254438877
10.5912258625
10.4852190018
10.6240100861
10.2996590137
10.6130199432
10.5894520283
10.5622298717
10.6213459969
10.5610539913
10.4891979694
10.5550689697
10.5373530388
10.3393878937
10.5830869675
10.5827009678
10.2954289913
10.3100180626
10.6011989117
10.5449569225
10.5882270336
10.6243100166
10.4593098164
10.5886590481
10.5970668793
10.5664019585
10.5094110966
10.3480818272
10.3477978706
10.5974411964
10.5697469711
10.4383089542
10.5793681145
10.4411890507
10.5179269314
10.6014411449
10.3006579876
10.5401899815
10.5099477768
10.4882409573
10.4381270409
10.5935649872
10.6242139339
10.2858929634
10.6649730206
10.5779540539
10.6370768547
10.537127018
10.5445330143
10.6237969398
10.567013979
10.5612831116
10.3818750381
10.4375061989
10.498707056
10.44713521
10.5697622299
10.5729279518
10.5063998699
10.657807827
10.5891928673
10.5417478085
10.6166009903
10.3215901852
10.5743288994
10.5380451679
10.3739309311
10.4612729549
10.577340126
10.4635691643
10.5355269909
10.6081259251
10.5184071064
10.5289897919
10.3075208664
10.5342190266
10.5699629784
10.2602870464
10.5098800659
10.3944320679
10.5340530872
10.5483210087
10.3492040634
10.291741848
10.2849330902
10.5475990772
10.5493631363
10.5651319027
10.5726041794
10.5037279129
10.5374541283
10.3552620411
10.5629489422
10.611148119
10.5886271
10.2887289524
10.3083281517
10.4691681862
10.5377550125
10.5295619965
10.3325829506
10.6026861668
10.3091850281
10.2866029739
10.6097788811
10.5474019051
10.6242241859
10.2776768208
10.2962229252
10.2974059582
10.5542068481
10.5418081284
10.380202055
10.2791080475
10.6048269272
10.3172991276
10.5961959362
10.4441280365
10.5634791851
10.3838400841
10.2719261646
10.4446611404
10.294383049
10.2909650803
10.2869138718
10.3972940445
10.595870018
10.5459809303
10.6138851643
10.2997550964
10.2890269756
10.5727491379
10.3048660755
10.2634289265
10.2855768204
10.5279150009
10.5957770348
10.5675680637
10.6152739525
10.411700964
10.3323400021
10.2911131382
10.6187980175
10.2900259495
10.5612339973
10.5984120369
10.6242170334
10.3172781467
10.5305690765
10.3771109581
10.5702049732
10.5374631882
10.5684349537
10.5374529362
10.276736021
10.2903659344
10.5606539249
10.5542628765
10.5740840435
10.5889148712
10.5681450367
10.5748019218
10.601318121
10.5810990334
10.5985531807
10.6140840054
10.6030080318
10.3916540146
10.3123650551
10.28688097
10.3013949394
10.5060548782
10.5650360584
10.5537219048
10.5695090294
10.3980407715
10.2919721603
10.3503649235
10.5272400379
10.5915009975
10.5768969059
10.5075211525
10.2763381004
10.291918993
10.3465158939
10.453163147
10.5079669952
10.2921280861
10.2968478203
10.5215370655
10.5447630882
10.5925190449
10.510488987
10.5819170475
10.5490400791
10.6140909195
10.5035159588
10.5768830776
10.5932919979
10.5575869083
10.6354789734
10.5296289921
10.5876500607
10.2778680325
10.5440778732
10.3206391335
10.2785949707
10.5602769852
10.6549429893
10.5421190262
10.3068158627
10.5699779987
10.5990059376
10.2939190865
10.2851412296
10.5611250401
10.5702359676
10.521463871
10.5536470413
10.3522210121
10.6223270893
10.2982661724
10.4504201412
10.2845032215
10.6075749397
10.5740339756
10.5815811157
10.5846140385
10.5662050247
10.4496259689
10.5859889984
10.5954401493
10.544246912
10.5663020611
10.5434288979
10.5771429539
10.5076570511
10.3066909313
10.5498979092
10.535048008
10.583204031
10.5474112034
10.6161961555
10.2920668125
10.3897640705
10.596547842
10.5530750751
10.4537081718
10.6204478741
10.2886030674
10.5256130695
10.5794029236
10.5303769112
10.5805089474
10.4572649002
10.2777841091
10.4592959881
10.5267651081
10.5300900936
10.5495541096
10.3001041412
10.2891838551
10.6555399895
10.3225910664
10.2867069244
10.3119721413
10.2816939354
10.2924520969
10.2696490288
10.2599811554
10.2646949291
10.2724599838
1.28993701935
1.31346678734
1.28917503357
1.35115695
1.35046195984
1.30250000954
1.28666710854
1.30844807625
1.32332611084
1.30895805359
1.29371809959
1.29937195778
1.30685091019
1.29153108597
1.28746294975
1.28889298439
1.27103996277
1.294921875
1.31220579147
1.30290198326
1.28802895546
1.27064919472
1.27758598328
1.29567289352
1.2994799614
1.34230113029
1.3044989109
1.27356696129
1.29835796356
1.30063796043
1.31936693192
1.2987549305
1.2760989666
1.3267428875
1.29284310341
1.30303883553
1.30262994766
1.29261898994
1.30825304985
1.28641915321
1.3004488945
1.29983496666
1.32029891014
1.31106591225
1.2876098156
1.29392790794
1.2954518795
1.339427948
1.32612800598
1.31333088875
1.28800797462
1.30364990234
1.34854102135
1.29431509972
1.28207707405
1.33281803131
1.54960608482
1.25805687904
1.60139799118
1.58816099167
1.29835414886
1.29390096664
1.30974507332
1.31121492386
1.2892370224
1.31766295433
1.29759192467
1.30612897873
1.30801010132
1.29321098328
1.31241488457
1.29706907272
1.27495217323
1.29658699036
1.34522891045
1.3040599823
1.30084681511
1.30270504951
1.31979489326
1.31622195244
1.29829001427
1.27588701248
1.30095005035
1.2805249691
1.29073286057
1.30149698257
1.28974103928
1.30379915237
1.27228116989
1.29494786263
1.2887878418
1.28567504883
1.28851389885
1.28407406807
1.29189896584
1.3818860054
1.33287215233
1.26039290428
1.26846218109
1.30454897881
1.30452299118
1.29597091675
1.2937681675
1.36008501053
1.3644080162
1.36192297935
1.35267305374
1.40471506119
1.29193305969
1.3365790844
1.37032413483
1.43812513351
1.31050300598
1.30434393883
1.29088902473
1.29847383499
1.28200984001
1.29917693138
1.3125910759
1.27890110016
1.26961994171
1.31823396683
1.2963540554
1.29576301575
1.29623699188
1.31919598579
1.2906088829
1.2993710041
1.32567405701
1.30651307106
1.30990600586
1.31568908691
1.2744011879
1.28293180466
1.30321502686
1.36184692383
1.29450488091
1.30908203125
1.32614994049
1.29706692696
1.29202079773
1.32522201538
1.3142209053
1.29841518402
1.27290487289
1.31610107422
1.29328608513
1.31211686134
1.34873199463
1.30921196938
1.31697392464
1.29544520378
1.29965090752
1.29171085358
1.29967403412
1.2992041111
1.30833101273
1.32016301155
1.30147910118
1.28405690193
1.28766489029
1.27439880371
1.29914903641
1.29415202141
1.28590703011
1.29819297791
1.29390001297
1.30464696884
1.29934692383
1.29914402962
1.32276296616
1.28619909286
1.2844581604
1.2803170681
1.29718708992
1.30101895332
1.31814908981
1.26837205887
1.29231905937
1.2946100235
1.30188679695
1.28246212006
1.29644703865
1.28023791313
1.32753920555
1.28337693214
1.29993319511
1.29180216789
1.30029296875
1.27641391754
1.26969480515
1.27940893173
1.29236698151
1.28095078468
1.53485012054
1.2912709713
1.27955198288
1.28783011436
1.32082509995
1.31471800804
1.32454800606
1.29017591476
1.27948379517
1.30508708954
1.31246876717
1.31356787682
1.30137181282
1.28926801682
1.29541182518
1.2912299633
1.2773168087
1.29280591011
1.40373301506
1.29371905327
1.27130508423
1.2957379818
1.29059696198
1.31347584724
1.32738995552
1.29776382446
1.28219795227
1.26655101776
1.28043603897
1.32659912109
1.2980389595
1.30093097687
1.284044981
1.31943392754
1.31343102455
1.28903508186
1.2972111702
1.29102396965
1.31429791451
1.29831314087
1.27880096436
1.30807113647
1.30472612381
1.31281280518
1.31666207314
1.274132967
1.2832300663
1.33077907562
1.28388094902
1.3045759201
1.29774022102
1.28988981247
1.2939260006
1.28983187675
1.49465894699
1.59446501732
1.57627916336
1.54371500015
1.37075090408
1.30894112587
1.30700993538
1.60528516769
1.28724193573
1.3161649704
1.29940104485
1.28582286835
1.27295899391
1.31080079079
1.29254198074
1.31746196747
1.29616189003
1.30678415298
1.34805798531
1.4221830368
1.31732010841
1.40036606789
1.32007598877
1.29603791237
1.29410195351
1.36848497391
1.34283018112
1.30952596664
1.40644598007
1.33754277229
1.3611240387
1.34044981003
1.32552695274
1.29531812668
1.30685305595
1.31601810455
1.40726399422
1.30643105507
1.26592612267
1.27940011024
1.28149294853
1.30007100105
1.32460808754
1.3193230629
1.33393478394
1.35037994385
1.46149682999
1.30259895325
1.28228402138
1.45132303238
1.34443497658
1.32182383537
1.33983302116
1.34110403061
1.30585885048
1.29637002945
1.30316996574
1.30580019951
1.27380204201
1.28342986107
1.28340005875
1.38660001755
1.38787698746
1.30269193649
1.32046580315
1.28996491432
1.33741497993
1.30551099777
1.31420993805
1.31072092056
1.43944001198
1.29089903831
1.29189801216
1.30594706535
1.29729914665
1.35553097725
1.29530382156
1.27269887924
1.30196094513
1.26719784737
1.29779410362
1.33188581467
1.31935310364
1.28736686707
1.30533599854
1.31885790825
1.30487704277
1.28494882584
1.28599500656
1.32969498634
1.29074382782
1.28650712967
1.2848470211
1.30386209488
1.35842609406
1.28010082245
1.3201789856
1.31078195572
1.28156518936
1.35333609581
1.30900096893
1.28174519539
1.30015587807
1.32454490662
1.28478693962
1.35200285912
1.37566494942
1.27502989769
1.29804205894
1.32653999329
1.32795405388
1.29460120201
1.32226800919
1.31799292564
1.31320595741
1.30085110664
1.28351593018
1.30213999748
1.31565403938
1.28063392639
1.32613301277
1.36591792107
1.31739401817
1.27872085571
1.29272198677
1.28288602829
1.31854391098
1.28231191635
1.30613899231
1.27982807159
1.29869890213
1.28524112701
1.28766989708
1.28432202339
1.29966306686
1.27559614182
1.27248001099
1.33049583435
1.28660488129
1.31931209564
1.30765795708
1.30256295204
1.32850003242
1.32633805275
1.31509518623
1.32258987427
1.29442286491
1.3053689003
1.30769109726
1.3074889183
1.29073405266
1.27074599266
1.28201985359
1.30189800262
1.30371499062
1.31185603142
1.29289102554
1.27149009705
1.28341794014
1.32077598572
1.30964303017
1.30616092682
1.32614207268
1.28710603714
1.28931188583
1.2731730938
1.29903793335
1.31111383438
1.28917098045
1.30339097977
1.28413796425
1.29124808311
1.28343081474
1.30423998833
1.30366706848
1.29245615005
1.27528095245
1.38706684113
1.30696392059
1.29870581627
1.30371689796
1.29661798477
1.30728197098
1.26877689362
1.29281711578
1.30653595924
1.32036805153
1.28670787811
1.28436899185
1.27569699287
1.27564692497
1.37937402725
1.31213402748
1.30114483833
1.30218219757
1.31297302246
1.30236792564
1.31209421158
1.29445099831
1.30926895142
1.3065431118
1.27924489975
1.30152106285
1.3028190136
1.28946495056
1.29834890366
1.28855800629
1.29488182068
1.26781487465
1.31981897354
1.27669596672
1.31979894638
1.28720402718
1.28793716431
1.26636481285
1.311439991
1.28876113892
1.31200385094
1.30340385437
1.31058382988
1.27768182755
1.27255415916
1.29055213928
1.28604698181
1.3364880085
1.2793879509
1.28452110291
1.27629804611
1.2939260006
1.32555890083
1.30065989494
1.28597807884
1.29307508469
1.31071090698
1.28170919418
1.29266905785
1.29369187355
1.28062796593
1.30126404762
1.28956794739
1.29213190079
1.29591202736
1.30642485619
1.42816305161
1.30162382126
1.29765105247
1.31743597984
1.27725291252
1.28028392792
1.32109880447
1.29765701294
1.29610514641
1.34102988243
1.29981899261
1.29648709297
1.30058217049
1.30782699585
1.30980801582
1.2853808403
1.28721499443
1.28673219681
1.30440187454
1.30089497566
1.28697109222
1.31153202057
1.28535699844
1.31201291084
1.31595087051
1.29099106789
1.30726695061
1.30196499825
1.31765604019
1.3123459816
1.28633499146
1.31063604355
1.31239199638
1.39351296425
1.30536293983
1.30434513092
1.32188510895
1.31328010559
1.29320502281
1.2996609211
1.29506897926
1.30342888832
1.3219537735
1.31077098846
1.28828191757
1.28851890564
1.28044199944
1.30208992958
1.31661915779
1.27290391922
1.29686999321
1.31685304642
1.33996200562
1.27524995804
1.32153487206
1.3191921711
1.27597880363
1.31965899467
1.50030088425
1.33153796196
1.31111907959
1.28028082848
1.30562496185
1.30386805534
1.30300688744
1.32760882378
1.31298613548
1.34926605225
1.2907371521
1.29345011711
1.27676105499
1.29765105247
1.35257387161
1.29625511169
1.28950214386
1.51422095299
1.54249119759
1.30389809608
1.29810118675
1.315513134
1.45114588737
1.34175086021
1.31051111221
1.37885308266
1.3633351326
1.29306101799
1.35224294662
1.31716895103
1.3576259613
1.33618187904
1.35257911682
1.33211898804
1.3125
1.31265902519
1.30744695663
1.34435582161
1.3167591095
1.29184699059
1.4070019722
1.28907299042
1.29126620293
1.29257583618
1.29628992081
1.30152416229
1.41085290909
1.3182721138
1.33216810226
1.28428006172
1.27177095413
1.26816606522
1.2864511013
1.31517696381
1.28625202179
1.32240319252
1.33982896805
1.32549786568
1.31883502007
1.42598390579
1.32747817039
1.30500388145
1.28836202621
1.30452919006
1.28379917145
1.32742905617
1.40613603592
1.31241989136
1.32166719437
1.32161617279
1.28941202164
1.32686495781
1.30639910698
1.37926411629
1.36872506142
1.35098791122
1.33130002022
1.33221507072
1.30715489388
1.30230784416
1.33117103577
1.32437396049
1.30035805702
1.28009605408
1.29122209549
1.41992497444
1.3281788826
1.3232820034
1.32665300369
1.28101611137
1.28615498543
1.33020591736
1.52066302299
1.33193397522
1.27639484406
1.28382301331
1.28741312027
1.33102297783
1.31982803345
1.31428909302
1.30523490906
1.30920100212
1.30936098099
1.30973482132
1.31657099724
1.3581571579
1.38104009628
1.33758401871
1.30584597588
1.31414413452
1.30858182907
1.30113196373
1.31812810898
1.28618001938
1.27457094193
1.28875184059
1.3180038929
1.29966807365
1.31509590149
1.30125689507
1.32277393341
1.299295187
1.29393100739
1.47837305069
1.29233908653
1.28531384468
1.34708619118
1.3212389946
1.29001784325
1.29041981697
1.2966709137
1.32334899902
1.28770208359
1.2959420681
1.27786302567
1.30749702454
1.30931997299
1.31406998634
1.30102801323
1.30896782875
1.31856608391
1.3215341568
1.30117702484
1.30874705315
1.31407189369
1.32715392113
1.36449217796
1.30165195465
1.30980801582
1.29116392136
1.29571390152
1.30112600327
1.30065798759
1.29610610008
1.30037093163
1.32803893089
1.29865598679
1.30551791191
1.30578804016
1.34671497345
1.29093694687
1.30926084518
1.31481719017
1.30720305443
1.29510998726
1.27829098701
1.30954694748
1.30542111397
1.30800509453
1.31153702736
1.44583892822
1.29838585854
1.27247190475
1.28840994835
1.28506684303
1.27954292297
1.28589677811
1.29988002777
1.28620004654
1.30535697937
1.31606602669
1.3067510128
1.2980530262
1.29300999641
1.29616189003
1.3075530529
1.29826378822
1.29839897156
1.33414888382
1.3340280056
1.27323293686
1.35633301735
1.33932209015
1.36501717567
1.3228969574
1.3425719738
1.29658317566
1.30140185356
1.51801109314
1.28626608849
1.31725502014
1.29246401787
1.28781509399
1.30897808075
1.32926702499
1.34153795242
1.4619178772
1.41074800491
1.39699816704
1.29497218132
1.34132504463
1.29107499123
1.34389901161
1.30556797981
1.51369714737
1.39554405212
1.31354999542
1.27680921555
1.31038784981
1.36080384254
1.35982203484
1.321611166
1.31140518188
1.29945111275
1.32231688499
1.40525007248
1.28761601448
1.2957239151
1.26792693138
1.3755261898
1.28837513924
1.46462702751
1.32038784027
1.35260295868
1.31149196625
1.38160991669
1.36772704124
1.31091499329
1.38298487663
1.3109228611
1.30363512039
1.27935695648
1.32570505142
1.31398200989
1.28610682487
1.35936903954
1.39121699333
1.50333595276
1.34518194199
1.32306599617
1.31561493874
1.5226020813
1.39204120636
1.34226894379
1.29163193703
1.31997799873
1.3218100071
1.27867412567
1.32392692566
1.36180496216
1.30261516571
1.3569381237
1.30537581444
1.33815693855
1.32425189018
1.35042095184
1.32259678841
1.32227802277
1.39574980736
1.31214499474
1.30400300026
1.28161811829
1.30376887321
1.32002687454
1.31449699402
1.32996702194
1.2988448143
1.29562592506
1.30686998367
1.29036617279
1.32572507858
1.33794593811
1.30054497719
1.29215979576
1.46516609192
1.49525713921
1.28451013565
1.29409980774
1.29578399658
1.30501413345
1.31416606903
1.36848282814
1.54279208183
1.29591298103
1.27811789513
1.30834794044
1.28763794899
1.29570913315
1.37846899033
1.30902099609
1.31428289413
1.28564405441
1.31194806099
1.29352593422
1.29531097412
1.29111409187
1.32342886925
1.31303715706
1.30122995377
1.28475809097
1.29919314384
1.28999996185
1.31448483467
1.29907298088
1.31632399559
1.2905189991
1.30086183548
1.27374601364
1.30203199387
1.33901286125
1.3784430027
1.47536706924
1.36026906967
1.36724591255
1.30063199997
1.31207108498
1.31774115562
1.3295609951
1.29647612572
1.41384792328
1.35899305344
1.29679298401
1.42831492424
1.27495789528
1.30657196045
1.32840800285
1.29952716827
1.27786612511
1.2988679409
1.3004629612
1.29229998589
1.27368283272
1.32069993019
1.29150795937
1.28411912918
1.3000869751
1.27430200577
1.29283595085
1.30635905266
1.32252192497
1.28934812546
1.28248119354
1.32740616798
1.36761498451
1.29052495956
1.2846159935
1.28876519203
1.28257608414
1.29013395309
1.27255702019
1.29842019081
1.34956002235
1.29677581787
1.32939600945
1.28770804405
1.28993082047
1.30641293526
1.30463814735
1.29126405716
1.29541897774
1.3036839962
1.30579710007
1.29912900925
1.28011393547
1.28349494934
1.30187797546
1.31219601631
1.30162811279
1.51217412949
1.35900402069
1.33189296722
1.33732485771
1.34498596191
1.32314991951
1.34403610229
1.29872512817
1.32177710533
1.30459690094
1.278444767
1.28428983688
1.31893801689
1.29468202591
1.27914118767
1.30046010017
1.26901292801
1.28389883041
1.28337597847
1.29603409767
1.30835700035
1.31905603409
1.28219985962
1.26727700233
1.29481816292
1.28072214127
1.31682300568
1.30202198029
1.28199696541
1.29536795616
1.29449510574
1.39339590073
1.42673015594
1.29542398453
1.33501791954
1.34510087967
1.29531407356
1.32441902161
1.31676292419
1.30571007729
1.30383896828
1.28428912163
1.27817296982
1.28053402901
1.29690814018
1.32208895683
1.37059903145
1.29227805138
1.30169391632
1.2885890007
1.31174612045
1.54414105415
1.30885982513
1.2822868824
1.33183789253
1.2764339447
1.29549384117
1.29916501045
1.29148101807
1.28232288361
1.27500104904
1.30771303177
1.30642318726
1.34615421295
1.29619121552
1.29135799408
1.30530500412
1.29584097862
1.32819509506
1.31312608719
1.33123111725
1.29808402061
1.30038380623
