7.80172801018
10.7126131058
8.50524091721
8.24134397507
8.94002604485
9.49990415573
8.91431999207
8.69739103317
9.32097601891
7.76733398438
8.44211697578
8.9798169136
9.66054701805
7.54242181778
8.09629893303
9.67336392403
8.89482092857
10.2830550671
11.3424470425
8.39874505997
8.71360707283
7.39331889153
8.34933209419
8.51591587067
7.97418904305
9.79460120201
8.36997795105
9.88683700562
7.72002100945
8.08898711205
8.73083901405
9.08174705505
8.08059382439
8.9863960743
8.7614159584
8.51552081108
8.45292019844
8.77814698219
8.90354418755
8.48100590706
8.93466997147
8.50526595116
9.29311490059
9.4454741478
8.84916687012
10.6890420914
8.55752110481
8.78668189049
8.17082905769
9.04565596581
8.66500782967
10.6507179737
8.31427907944
8.58405303955
8.61541509628
9.48965287209
10.1181440353
8.31441688538
9.44577097893
9.28374290466
9.28248286247
9.85411596298
10.0570268631
11.8855719566
8.67849516869
8.92286801338
9.43839502335
8.80888485909
9.00024104118
11.3011908531
9.6585111618
8.4082608223
8.48793792725
8.69756984711
9.17006993294
8.4914431572
9.51060199738
7.80600309372
8.02781009674
9.44830584526
9.44281387329
8.74124789238
8.51767015457
8.22456598282
8.58581709862
8.82197594643
8.79333090782
9.31293702126
8.19041991234
9.41458201408
9.64818000793
10.7545850277
9.77723288536
8.87940812111
8.06757807732
8.96435785294
7.5978000164
7.65513205528
7.79992890358
8.35855603218
9.62340092659
10.3247058392
9.39985799789
10.2177100182
10.6801850796
8.65937209129
8.16589903831
8.96882009506
7.84881591797
8.79685807228
8.90262103081
9.29946613312
10.0975718498
9.19974303246
11.6905338764
7.33552312851
9.4648938179
7.99118304253
10.7878718376
8.48129200935
9.19300198555
11.0627040863
8.41324901581
8.95910692215
8.94187998772
7.66300392151
10.1346049309
8.25329208374
7.12813901901
10.0873930454
7.49927806854
7.83794999123
7.92512989044
7.69359898567
8.5489089489
8.3217549324
9.19718408585
8.69867706299
9.26489019394
8.12957906723
10.0633029938
10.1369130611
8.42041683197
10.3066079617
10.2688541412
8.75502681732
8.89163208008
8.22257900238
7.446007967
9.66200709343
10.0577440262
9.03792285919
9.1721701622
8.83603286743
8.55098009109
8.71354389191
8.35566687584
7.82730793953
8.60770606995
8.22044420242
8.55801987648
8.28135490417
9.0718228817
7.68661808968
8.05010700226
10.68957901
8.40290999413
10.4779169559
8.04471111298
10.5716149807
8.37941813469
9.41874694824
10.1921439171
9.86520218849
8.96065711975
8.6491560936
9.5763528347
8.44017910957
7.70479011536
9.92377495766
9.47944903374
8.97627806664
9.74984192848
9.45782184601
10.2422158718
7.82551193237
8.50207090378
9.57560801506
9.29388785362
8.45621085167
7.40753483772
9.69644093513
9.02812099457
8.8048479557
9.56787800789
9.89978814125
8.7612888813
9.31858110428
8.18548703194
7.53938102722
8.4722340107
10.8160760403
8.15935301781
9.76112818718
7.32278299332
7.81278991699
8.16277003288
8.13106107712
7.91002893448
8.73610806465
8.15241599083
8.26405215263
8.83684897423
8.9608669281
8.71329903603
10.797535181
10.8581700325
9.44438695908
9.33017992973
8.54537391663
10.6394641399
8.91248512268
8.60267496109
9.31072306633
8.17984604836
9.09906601906
8.75416183472
9.74970602989
9.99302315712
10.7707731724
8.87641906738
8.99784493446
9.02720999718
10.3495149612
8.9405169487
8.19572305679
8.85409498215
9.12529587746
9.71524691582
9.55282402039
9.03197908401
9.28339600563
7.41059494019
9.73738598824
8.45751094818
7.77643609047
9.53762388229
8.17602705956
8.24769496918
11.2711420059
7.72229504585
8.82616186142
7.86359500885
9.43877887726
9.11184406281
9.04760408401
8.14264202118
9.90534996986
7.93894410133
8.42099380493
8.88066601753
8.5059800148
9.39012885094
8.99508404732
9.70099401474
7.886302948
10.9484438896
11.0839970112
8.16784596443
10.1477491856
8.65333390236
7.77817988396
9.51874709129
9.71007990837
10.2532570362
8.32581305504
8.96588587761
8.01938295364
8.88619995117
7.83548402786
7.58834505081
8.95239806175
8.51094818115
8.13374900818
9.62164282799
9.56634092331
9.7823278904
8.00320100784
10.8606469631
9.1013879776
8.28927302361
9.02550697327
9.79523777962
7.88044309616
8.08354902267
8.60063505173
11.0231671333
8.63597106934
10.4054000378
9.67294216156
8.6809360981
8.34083008766
8.19347882271
10.0077469349
7.79256892204
11.7108249664
10.2503809929
11.640707016
7.28166985512
8.08656096458
10.2173979282
9.24368405342
11.6583669186
11.1844689846
10.3955569267
9.93741989136
7.95957016945
8.20199584961
8.16188502312
8.97665596008
10.3476228714
9.22015690804
8.44321608543
8.8354871273
8.88881397247
9.65170001984
9.4533469677
8.89399290085
10.5580699444
10.3541388512
9.02952814102
8.4798719883
8.63765501976
9.82610702515
9.93747186661
9.71149802208
10.0452840328
9.20670199394
10.2128329277
9.98013997078
10.0668509007
9.3624920845
9.76030397415
10.6116011143
8.40347409248
7.98142004013
7.85316300392
9.78021097183
9.27264618874
8.91984510422
9.7429921627
10.0753691196
9.17349386215
9.33080792427
8.93045282364
8.15962505341
9.14944887161
11.3723008633
9.42428207397
9.04723000526
9.42659592628
8.91709494591
9.4415781498
9.36428499222
8.73612308502
9.45311594009
11.0499689579
8.43066215515
8.94818806648
9.11065101624
9.65512609482
10.0911939144
11.3003721237
9.73039507866
9.16742706299
9.74663209915
10.6017889977
9.14871883392
9.62638783455
9.02364802361
10.436248064
8.9058470726
9.31386613846
9.88328003883
11.8763430119
8.65417313576
10.466935873
8.7949078083
10.4914388657
10.7185389996
9.36987400055
9.78521800041
10.9265189171
10.3370778561
10.0415129662
9.51395511627
8.2528989315
8.8014819622
9.79382491112
8.86050796509
9.27325081825
8.53788113594
10.4706389904
8.65907502174
9.48772501945
7.9217300415
9.42908811569
8.74501299858
12.8015060425
9.61148405075
8.42724204063
8.610268116
9.41010093689
10.9547510147
8.70612692833
8.09162211418
9.0148229599
9.4370470047
9.12872195244
7.86379504204
8.48858499527
8.15061402321
8.80802297592
10.8971750736
9.53221917152
10.0032770634
9.82644176483
9.40664720535
8.56125593185
8.54412794113
9.32099795341
8.48188304901
9.07299590111
8.90998315811
9.26820492744
8.7635781765
9.55877590179
9.74145317078
9.73578882217
8.03017807007
8.87767720222
11.4598670006
9.47948503494
9.34105396271
11.1763780117
8.8585319519
9.39765787125
7.89084100723
7.69710087776
10.0594000816
7.78046584129
7.63309693336
9.02889895439
9.66725492477
7.95231699944
9.60198307037
8.61206579208
9.39345598221
9.48955106735
8.61437106133
10.3713819981
7.99288511276
9.58532309532
9.64568805695
8.17536497116
8.11131095886
10.6611890793
8.63857793808
9.72774791718
10.6272509098
9.11721587181
7.99483203888
10.2400720119
7.94877195358
9.09145092964
9.17442893982
11.5062179565
9.4330971241
9.87862110138
8.78785395622
8.33256602287
10.011341095
9.08956289291
10.2222671509
10.4186120033
8.14122486115
10.2265598774
8.70058679581
9.22929096222
8.26801586151
9.16276407242
12.3847129345
9.12372016907
9.76131486893
8.72043204308
9.42310214043
9.85922193527
9.90111994743
7.79940199852
9.3558819294
8.61169600487
11.1143450737
8.24286293983
10.202226162
8.65243387222
10.3667891026
9.17958402634
11.664757967
9.05181407928
8.27844285965
9.03595089912
8.78143215179
10.2593901157
8.65322089195
9.2427740097
9.03433704376
9.49779582024
8.31682300568
10.0214841366
7.74030613899
9.66723895073
8.43012690544
10.9014549255
10.8896260262
10.8898239136
8.24769306183
10.8151271343
8.55350184441
10.7871630192
7.78675889969
9.27925014496
8.32094812393
10.3665680885
12.8477649689
9.10798311234
8.76310896873
9.90992379189
8.2134950161
10.6526298523
9.08211398125
9.58480715752
9.93343400955
8.88337397575
10.1819791794
8.31830406189
8.77326798439
8.03453803062
10.8567550182
9.67800807953
7.69822597504
8.37819099426
10.5810930729
8.20976495743
8.73096704483
9.31769895554
8.40475702286
8.85942792892
8.93544888496
7.61063694954
8.72560501099
10.4173769951
8.37772393227
9.39513611794
8.51717209816
11.4995439053
8.44567322731
8.35950994492
9.24842309952
8.39271593094
9.09364485741
10.9254510403
7.59596896172
7.80256700516
7.88967299461
9.15717792511
8.0143198967
8.93879103661
8.89511990547
11.0941491127
9.55479216576
9.07592582703
10.2083098888
9.17280983925
8.56970191002
7.32251191139
8.26465916634
7.87981796265
9.51579117775
8.50790810585
8.4472489357
9.58010911942
9.3755030632
10.2645099163
7.68298101425
8.37275409698
8.70983791351
8.27410387993
9.88367700577
9.02402901649
10.2957439423
8.83187198639
8.23845720291
9.78071498871
8.08360600471
8.65618991852
8.15247988701
8.1074719429
7.91259503365
8.88486599922
8.83898186684
11.5136818886
8.2527358532
8.9235701561
8.09507608414
9.0581381321
9.86542797089
8.62019300461
9.25177097321
9.3126308918
8.50468182564
8.97963905334
7.93913412094
8.11937212944
8.60875201225
9.74833083153
7.79207992554
9.87837195396
10.1552639008
8.43858790398
10.187789917
10.6800820827
8.72836112976
11.5203049183
10.5835430622
7.977861166
9.97420191765
10.2014410496
9.08220815659
8.82394504547
8.88003110886
9.36003088951
9.10504388809
7.78364014626
8.89372396469
10.3996870518
8.40841698647
8.52979397774
8.63422012329
9.89096903801
8.58438396454
9.91957497597
9.20509696007
9.50671100616
9.69956493378
8.2268140316
8.36660003662
7.6817111969
9.81322097778
9.22050309181
10.7389919758
9.93549084663
11.0461390018
8.47783589363
8.73769783974
8.44795799255
9.55269312859
10.1572780609
9.15322613716
9.21333789825
9.04511189461
9.1119890213
8.50398612022
8.203592062
9.33710098267
9.27960896492
11.2526659966
9.08711791039
8.4288289547
9.79774403572
9.32518911362
7.90242791176
9.65575003624
10.0397219658
8.89944505692
10.9674091339
8.08554792404
8.85835504532
8.9642829895
8.58000993729
10.0508139133
8.05274701118
9.08223485947
8.01837205887
9.62187290192
8.97258496284
8.44376993179
9.0301618576
10.0266530514
10.0645310879
9.06685709953
7.99456095695
8.5103521347
11.1651580334
7.91197896004
9.39388799667
9.68008804321
8.37102484703
8.41868305206
9.59806203842
9.59556889534
10.0806109905
8.12341880798
9.95732593536
8.04510998726
9.25769090652
9.43088698387
9.11264491081
7.68234586716
8.84994006157
8.51970887184
9.06818294525
8.8183619976
8.03990793228
8.95254516602
9.89637804031
8.6991610527
7.5216460228
8.20589804649
9.73128199577
10.5186319351
8.48283290863
8.54687905312
8.79227805138
8.39693498611
9.59579110146
8.22378182411
8.30753803253
8.25146007538
9.53347706795
7.6868019104
10.1439509392
8.43058180809
9.10746693611
9.55811810493
8.18482708931
8.09507989883
8.38995599747
10.9395279884
11.6622328758
8.61737203598
8.42680907249
8.2597630024
9.39178109169
8.20439004898
8.35166287422
11.2292120457
9.32701897621
9.4367878437
9.75479507446
7.17335009575
10.3803749084
9.28076195717
10.7906570435
7.62482595444
7.951638937
7.59262394905
8.8276488781
8.8448870182
9.04458189011
9.02874112129
11.7682688236
9.29920506477
9.12788581848
8.90792489052
8.32373285294
7.49924206734
10.085586071
9.04264593124
9.02406907082
8.72482895851
9.77470707893
10.1797659397
7.78809118271
7.73564696312
8.76596713066
8.90819716454
7.49390697479
7.68187904358
8.10236907005
8.08355712891
8.30458593369
7.54264187813
8.99452114105
8.53883814812
8.15353798866
8.62784290314
8.67068791389
8.93728399277
8.76780891418
8.67922496796
10.4196281433
9.4778778553
9.26610398293
9.33426809311
10.9370269775
7.94140815735
10.0294458866
8.9658331871
9.27523207664
9.22148394585
9.01293802261
8.24506807327
9.60739588737
9.18859386444
11.0520720482
8.03511595726
9.04217386246
9.5860979557
9.14043307304
10.3236749172
8.62424516678
8.62664604187
9.25890302658
8.18544507027
8.81288194656
8.25362801552
9.00100684166
9.87220907211
9.283659935
9.03154802322
8.88910388947
9.63217878342
9.10980987549
9.50566792488
9.34951996803
8.80115008354
9.36149191856
8.18769598007
10.2043139935
9.25026202202
9.9945731163
12.1747100353
8.38448095322
12.2314169407
9.61585211754
8.50835609436
8.71345114708
9.52488303185
7.47321820259
11.3201038837
10.032886982
8.46266293526
9.94593000412
11.3392410278
9.02003598213
8.22756505013
9.25239801407
10.1823890209
9.23685002327
7.63305187225
8.65064811707
8.72745609283
8.36762595177
7.81596517563
10.5973460674
8.4903819561
8.99586796761
7.99401211739
8.42221212387
9.37886810303
8.77309393883
8.20288586617
7.94354701042
8.66386890411
9.38270401955
8.06983089447
9.76063489914
10.3464119434
9.8728158474
8.44893479347
8.3231010437
9.78269505501
9.17473101616
10.0294737816
7.96709108353
8.39015412331
7.86791491508
8.22099018097
9.93788909912
8.71379089355
8.33967709541
10.325535059
11.0595738888
9.94779515266
8.88196110725
10.0886337757
9.54635596275
9.13366103172
8.21709704399
9.71056294441
10.5554468632
8.57199120522
9.89995718002
9.16833782196
9.67702507973
10.9306249619
8.88989305496
8.1270570755
9.4859828949
8.29884600639
9.83341097832
9.44015312195
9.4019639492
9.60779905319
8.83565807343
8.14737296104
7.92095804214
9.03568601608
9.45528292656
8.51287388802
9.69815301895
9.58873200417
8.76978898048
7.7997379303
8.37364315987
9.71989297867
8.50864720345
8.74490404129
8.02781391144
9.96810913086
10.6707649231
10.4946920872
8.43700909615
9.71951794624
9.35212993622
8.64438700676
10.2946288586
8.53244495392
9.58345508575
9.51145792007
8.3364109993
8.9721660614
8.49131894112
9.57691192627
10.3763208389
9.32165622711
9.21620416641
8.32696700096
8.44828104973
7.88658213615
10.7408850193
7.78685307503
8.90568113327
10.6702799797
9.97682595253
8.01195716858
9.1875770092
9.84215497971
11.2964849472
10.6127870083
8.61773610115
7.95074295998
9.17311096191
10.6225059032
9.91536402702
10.192440033
9.81537699699
9.55413103104
11.4121780396
9.60234999657
10.9855370522
9.27158308029
8.42862486839
9.88239693642
10.8618960381
8.17927408218
9.50315403938
8.43483805656
7.79061293602
10.0602800846
8.22410488129
10.4075758457
8.67779994011
7.5832388401
11.0506739616
9.44767999649
10.9278469086
9.69945383072
8.70878791809
8.75974202156
9.94901895523
8.79361009598
8.52180719376
8.7502720356
8.43269300461
8.88757514954
8.59639191628
8.79605412483
10.5643179417
10.5229310989
