11.1635098457
11.2709269524
11.2847001553
11.3038461208
10.9966199398
11.2799210548
11.307092905
11.2062308788
10.6788368225
11.3217618465
11.2852869034
11.2650687695
11.2610969543
11.2651548386
11.3093361855
10.8796319962
11.3458468914
10.9483361244
11.0581469536
11.2881979942
11.3093209267
11.2599887848
11.2477278709
11.217389822
11.0725529194
10.9059178829
11.0240058899
11.0579681396
11.4043121338
11.3399248123
10.6949169636
11.2793040276
11.3488759995
11.1535708904
10.9788630009
10.7166230679
11.2918660641
11.3924388885
11.0714628696
11.3170828819
11.3331708908
10.9691019058
11.3129150867
11.149091959
10.6854879856
11.3592569828
11.2896659374
11.2795829773
11.3590769768
11.3475618362
11.1016778946
11.2696518898
10.7028589249
10.6793878078
10.9809551239
11.0372750759
11.3189880848
10.9848880768
11.2896389961
11.3331990242
11.3108708858
11.2451298237
11.0559411049
11.2596139908
11.3607108593
11.2976200581
11.2863368988
11.2901940346
11.3459610939
11.1143009663
11.3471019268
11.3212440014
11.4176900387
10.8003680706
11.3033268452
11.013887167
11.0411791801
11.3341948986
11.338903904
11.0434958935
11.2110071182
11.3233318329
11.3844900131
11.0845890045
10.8738090992
11.0471551418
10.7152152061
11.2949428558
11.2156639099
10.8213450909
11.3046500683
10.9324159622
10.7794229984
10.7399590015
10.7187280655
11.2849378586
11.3580670357
11.1214199066
11.1259849072
11.0793919563
10.9566819668
10.8430969715
11.3503370285
11.3653609753
11.3679561615
11.3557879925
11.322414875
11.8570799828
11.7150650024
11.8855578899
12.018116951
11.9819030762
11.7767999172
12.2193908691
12.4637978077
12.1576991081
11.8548099995
12.3245301247
12.7685358524
11.819437027
12.3923819065
11.7990961075
12.5677888393
12.2111291885
12.5150530338
12.6295540333
11.6650140285
12.0629429817
12.2010941505
12.6019849777
12.8881869316
11.9141910076
12.3890790939
12.1072490215
11.8607048988
12.1798608303
12.2432310581
12.6281058788
11.7766129971
12.8096401691
12.0270860195
12.8957519531
12.4684720039
12.778482914
11.6555788517
12.5062949657
12.9065318108
12.4062108994
11.9422519207
12.0528028011
11.78414011
12.0843529701
12.3736889362
12.2998538017
11.7617018223
12.1802790165
12.5135521889
12.1052927971
11.7067639828
11.901455164
12.018597126
12.0990378857
11.9794631004
12.1727981567
11.6258900166
12.1092619896
12.4761230946
12.1097300053
11.8756799698
12.4941439629
11.6694238186
11.5897870064
12.0966041088
12.1982998848
11.8472979069
11.6280319691
11.6030921936
12.4179019928
12.1627948284
11.8091218472
11.9358730316
12.4817121029
11.7058238983
12.3592150211
11.8125150204
11.9717240334
11.7933518887
11.6920049191
12.3947861195
11.5540480614
12.7799799442
12.0902740955
11.9976990223
12.1989929676
12.368240118
11.6280899048
12.6913249493
11.7779550552
11.9851789474
11.9620018005
12.0191640854
11.6617109776
12.0850000381
11.7147681713
12.1188240051
11.7636470795
11.6713619232
12.8327379227
12.9488751888
12.2682271004
11.70276618
12.1139469147
12.6870799065
12.6354382038
11.9391260147
12.2080659866
11.9795920849
12.3247821331
11.7038800716
11.712033987
12.416041851
12.6758561134
11.8854489326
12.1622338295
12.3525261879
11.7365858555
12.0785479546
12.5359928608
11.8782260418
11.7278490067
11.5549969673
13.1356759071
12.1975870132
11.9422869682
11.6926381588
12.5525350571
11.9456000328
12.4840381145
12.2169399261
12.6493039131
11.7516160011
11.7020301819
11.7595920563
12.1031332016
12.2728309631
12.213214159
12.524107933
12.8353981972
11.8680701256
12.3466291428
11.6568958759
12.1688308716
12.351706028
11.8429510593
11.8724191189
11.8914330006
11.9173119068
11.6842288971
11.9144849777
11.7614719868
11.8732321262
11.7240250111
11.9593799114
12.0203258991
11.8107149601
11.5508379936
11.5332131386
11.6276390553
12.0017569065
12.3871359825
11.4212629795
11.4275381565
11.9326958656
11.5430488586
11.7547590733
11.6852648258
11.819519043
11.7926399708
11.6995999813
11.5056059361
11.8346371651
11.4507040977
11.3405268192
11.5483751297
12.5784990788
11.7194371223
11.6095080376
11.4470820427
11.5843031406
11.5516140461
11.3419699669
11.8382570744
11.3319549561
11.3768241405
11.3184621334
12.3065228462
11.42689991
11.3803970814
11.3357748985
11.3803758621
11.5718400478
11.3002040386
11.4806520939
11.3650910854
11.3143839836
11.2026948929
11.0980000496
11.1769390106
10.7851970196
11.2552318573
1.34059691429
11.3270549774
11.279132843
11.2157540321
11.4231879711
11.1592028141
11.0722830296
11.3050630093
11.3655860424
11.0092539787
11.3346159458
11.2903249264
11.2691040039
11.1286418438
11.3271331787
11.2549111843
11.3454990387
11.0628399849
11.3126981258
11.1885950565
11.1315290928
11.3531200886
11.2821509838
11.3455181122
11.2556529045
11.3062868118
11.3853940964
11.3164350986
11.3586339951
11.3496541977
11.336247921
11.320704937
11.3005530834
11.3594620228
11.3309090137
11.3229818344
11.4272119999
11.3314919472
11.611189127
11.4650020599
11.3844969273
11.3909659386
11.5951330662
11.5691552162
11.4689610004
11.8972539902
11.8555250168
11.747975111
11.6016430855
11.599727869
13.0962958336
12.1237869263
11.7854409218
12.0753610134
12.0713169575
11.9879798889
12.1563711166
11.4728019238
11.6840598583
13.0945079327
11.9656159878
12.4151880741
11.8914320469
12.1211950779
12.1884000301
11.9210658073
12.1641659737
12.5291421413
12.2618989944
12.3397269249
12.014882803
11.8110461235
12.6980550289
12.4603788853
12.2367680073
11.7213129997
12.4237520695
12.3105661869
12.1448638439
12.3035199642
11.7292659283
11.9113690853
12.3386468887
12.5399470329
11.7937681675
12.439250946
12.8982379436
11.6463570595
11.5502769947
12.1011271477
11.7302050591
11.9888288975
11.5713641644
12.1121249199
11.987651825
12.6160030365
12.2764949799
11.7642390728
12.7826199532
12.1875121593
11.7163760662
11.6574499607
11.793637991
12.9511470795
11.6371910572
11.5883760452
12.0833590031
11.5508408546
12.0092079639
11.8358609676
12.7779211998
11.6116387844
11.938338995
11.8449580669
11.6645901203
11.3765540123
11.340968132
10.95809412
11.1355051994
11.3019430637
11.335078001
11.2561450005
11.3351681232
11.2850627899
11.3896751404
10.942440033
11.2962620258
10.6852807999
11.3103530407
11.3544809818
11.3158199787
10.678027153
10.6888229847
11.3562159538
11.3127388954
11.343444109
11.3191649914
10.7605240345
11.2587049007
11.3511347771
10.7144038677
10.6661989689
10.7056460381
10.8898561001
11.3333399296
10.9324781895
11.2901351452
10.9182829857
11.2081959248
11.3768410683
10.742511034
11.3362960815
10.8010418415
11.2503581047
11.3250968456
11.3020730019
11.2433459759
11.4242620468
11.2429890633
11.4047310352
11.3512887955
10.9034597874
11.3001589775
10.734582901
11.3265359402
11.3221678734
11.2161419392
10.9982879162
11.2893500328
11.2700850964
10.8917839527
10.7109677792
10.8049619198
11.0341970921
11.1232421398
10.8301210403
11.351485014
11.2946221828
10.7090399265
10.7315380573
10.6751749516
11.2774031162
11.1542410851
11.3051187992
10.7173290253
11.3154039383
11.296282053
10.7149128914
11.3053967953
11.3541619778
10.6922638416
10.6947460175
10.7311871052
10.7865569592
10.8169429302
10.712433815
11.3443090916
11.1754720211
11.2176148891
11.2945611477
11.2910380363
10.7118370533
11.346460104
11.3185319901
11.3796041012
11.3230321407
10.7173948288
11.3644740582
11.3172819614
11.2711770535
11.3135130405
11.3444521427
11.3281621933
11.3022320271
10.918143034
11.0443389416
11.296118021
11.4043939114
10.7404439449
10.9014708996
11.0600190163
11.3419969082
11.1972649097
10.9345891476
10.9777040482
10.8678581715
11.0630328655
10.7223100662
11.2746059895
10.7335281372
10.7007789612
10.8946750164
10.6839790344
11.3408918381
10.6699869633
10.8875939846
10.6737020016
10.6944839954
10.6897408962
10.6775259972
10.6878299713
10.7021720409
10.6764030457
11.3198978901
10.6661629677
10.6925940514
10.6820487976
10.7591328621
11.3388240337
11.2667639256
11.3395559788
10.6589391232
10.7914631367
11.2989170551
11.3208599091
11.3022360802
10.6726460457
11.1989490986
10.7451438904
11.3192410469
10.7894160748
11.3350100517
10.6684401035
11.3155710697
11.3336749077
11.2963790894
11.3231191635
11.2955169678
11.3267591
11.3174371719
11.2940728664
10.955370903
11.3369679451
11.2994241714
11.2052369118
11.3371760845
11.1012909412
11.3426139355
11.3037199974
11.3182837963
11.3158349991
10.6803498268
10.7041790485
10.6982288361
10.6834630966
10.6898880005
11.0601711273
10.686234951
10.9096500874
11.3049278259
10.6967630386
11.3322999477
10.6756460667
11.3533318043
11.3138461113
11.2863759995
11.3598430157
11.1510601044
11.3326261044
11.2702150345
11.2669758797
11.3475370407
11.0713779926
11.3526909351
11.2095661163
11.1703810692
11.3265440464
10.6860640049
11.3303921223
11.297287941
11.2771070004
11.3296301365
11.2743518353
11.1355268955
11.2927498817
11.3218998909
11.245857954
11.2871789932
11.0047500134
11.2576298714
11.3292210102
11.0059859753
10.7745668888
10.7072439194
10.6991128922
11.2860479355
10.6957371235
11.1314911842
10.6722099781
11.388163805
11.3230988979
10.6900911331
11.3002331257
11.323786974
11.2768578529
11.3226230145
11.2956831455
10.6819381714
10.7045249939
10.6733019352
10.6939461231
10.8210601807
10.6792171001
10.6896841526
11.35491395
10.9437930584
10.7023870945
11.3356120586
11.2916557789
11.3552339077
10.6852121353
10.6941318512
10.7083230019
10.6852018833
10.7269630432
10.6693499088
10.7048268318
11.2912690639
10.6857049465
10.8868410587
11.3356108665
10.684538126
10.6817400455
10.7259581089
10.7054741383
11.3511090279
11.4283981323
11.2606461048
11.3330109119
11.3696730137
11.3049948215
11.3045599461
11.3369989395
11.3233280182
11.4607429504
11.2925920486
10.6970760822
11.3290410042
11.2956860065
11.3256390095
11.0269019604
11.334553957
11.3301918507
10.7001049519
10.7017269135
11.4062581062
11.3425519466
11.2788038254
11.3067259789
11.300098896
11.3252699375
11.3366398811
10.770498991
11.292304039
10.8366570473
11.2804148197
11.2874298096
10.9165081978
11.3560581207
11.2927339077
11.3243999481
10.7050540447
11.3026239872
11.3575060368
11.3108141422
11.2394459248
11.3435518742
10.6685922146
11.3977510929
11.3272089958
11.2944488525
11.2942311764
11.3468859196
11.4377820492
11.2810730934
11.0216360092
10.8650290966
10.8497231007
11.3453440666
11.3017640114
11.3228321075
11.3777329922
11.3356020451
10.6819012165
10.967664957
10.6918628216
11.2758750916
11.0854229927
10.8416011333
11.338310957
10.7072601318
10.8592939377
11.3436820507
11.3237369061
11.2373769283
11.2160840034
11.3494918346
10.680836916
11.316275835
11.3415892124
10.6815907955
10.7043251991
11.3437957764
10.6838591099
11.3523631096
11.2279241085
11.379668951
11.2994220257
11.3184490204
11.2877299786
11.3418929577
11.2824351788
10.6963751316
11.3590300083
11.3257620335
11.2852520943
11.1078968048
10.7075929642
11.3309419155
10.6802868843
10.980148077
11.2929241657
10.7025389671
11.1014680862
11.3353450298
10.7489049435
11.4438860416
11.3113818169
10.9909920692
11.3222539425
11.3466968536
11.3490459919
10.7505090237
10.666613102
10.6828680038
11.3209321499
11.2868390083
11.3370831013
11.2985088825
11.3036050797
11.3424518108
10.6736860275
10.6850588322
11.3000109196
10.6780469418
11.323278904
11.3525788784
11.0907149315
11.276031971
10.7022960186
11.2900559902
11.3141760826
10.6960160732
10.7589468956
11.2133791447
11.338436842
11.3318181038
11.3030319214
11.336619854
11.3060588837
11.3335487843
11.301954031
11.2981481552
10.7040858269
10.6792919636
11.0843920708
11.1952359676
10.7154970169
11.4298808575
10.6840631962
10.6746270657
11.0562632084
11.4436519146
11.2913589478
10.987473011
10.699559927
11.3354299068
11.1073391438
11.0511522293
11.2279551029
10.7632510662
10.682322979
10.8268339634
11.3912620544
11.1554028988
11.2253918648
10.8328509331
10.7641961575
11.3566129208
11.3019449711
10.9216399193
11.3399610519
11.292001009
10.9284489155
10.8057889938
10.7047040462
11.2967250347
10.7257099152
10.6912748814
11.3455450535
10.7264039516
11.2980968952
11.3323180676
11.3572020531
11.3541128635
11.290820837
11.250770092
11.030230999
10.8895189762
10.7334640026
11.0750648975
11.3253800869
10.6747641563
10.7015318871
11.3029448986
10.7153799534
10.7207269669
10.7020628452
11.3060910702
10.7589809895
11.2745490074
11.3513388634
11.3011140823
11.3385128975
11.3872361183
11.3118860722
10.877065897
11.3182520866
11.335133791
11.0683619976
11.2939391136
11.3756959438
11.3508379459
11.2846858501
11.4058589935
10.7548930645
11.3417580128
11.2712929249
11.3380069733
11.3021469116
11.0169949532
11.3132698536
11.3306820393
10.6941111088
11.3248109818
11.3294210434
10.7963860035
11.3437569141
11.2866110802
10.6748929024
10.7018840313
10.7087237835
11.3828220367
10.8532519341
11.4330940247
11.2869520187
10.7100760937
11.3422160149
11.1297519207
11.2793178558
11.399862051
10.6990971565
10.7008399963
11.0342171192
11.3399598598
10.7327518463
10.8670120239
11.2898979187
10.6978850365
10.6900341511
10.7128100395
11.3402631283
10.741038084
10.6923220158
10.6814479828
10.6926269531
10.8899898529
11.2870960236
11.3375198841
11.4504709244
11.0398240089
10.6668791771
10.7117679119
10.6757872105
10.6740219593
11.2499709129
11.3093180656
11.4047119617
10.676651001
10.7633960247
10.6671490669
10.6682069302
10.8093841076
11.3383409977
10.6958019733
11.427341938
11.2647562027
11.3785459995
10.7050058842
11.1306219101
10.7002000809
10.9158570766
10.7278268337
10.8107340336
10.7136149406
10.7146458626
11.2815949917
11.2783699036
10.7081398964
11.2989661694
10.6887738705
11.3325719833
10.7006239891
10.6713700294
10.7526190281
10.6622040272
10.9315881729
10.6856868267
10.711908102
10.7345831394
11.0251438618
10.7248079777
10.7126629353
10.7208499908
11.2787029743
11.326862812
10.8679230213
10.680685997
10.6711988449
10.6951799393
10.6979789734
10.6833670139
10.6635439396
10.6992380619
10.702119112
10.6809098721
10.6968970299
10.6320559978
10.6867189407
10.6168220043
10.6235601902
10.6276948452
10.6263129711
10.6279270649
10.6190638542
10.6305830479
10.6121029854
10.6259241104
10.6246480942
10.6248869896
