10.6032149792
10.593611002
10.6015999317
10.6014909744
10.5953519344
10.6026859283
10.5970859528
10.5968909264
10.5961389542
10.5999701023
10.5946619511
10.6211280823
10.6190359592
10.6590588093
10.6294980049
10.6546049118
10.7636179924
10.6371338367
10.7117350101
10.629627943
10.6533679962
11.0064821243
10.847784996
10.7629859447
10.719575882
10.778211832
10.7474379539
10.6496968269
10.6979470253
10.6698260307
10.6902239323
10.6660549641
10.9028511047
11.2290649414
11.2622270584
10.9351570606
10.6381959915
10.6368169785
11.2496590614
10.9146471024
11.2484250069
11.0652399063
11.1540567875
11.2159519196
10.6801819801
10.7271318436
10.6637470722
11.2978730202
11.2716310024
11.2695698738
11.2038249969
11.1801481247
10.755012989
11.2913720608
11.1694691181
11.2317700386
10.6819219589
11.2722668648
11.3016331196
11.0270519257
11.2417039871
10.7089011669
10.9994189739
10.8761179447
11.2881288528
10.6806230545
11.2346711159
11.3098809719
11.3041789532
11.138972044
10.9628720284
11.2782120705
11.1197419167
11.2805929184
11.2143659592
11.2530670166
10.8995411396
11.2333509922
10.8632719517
10.7460241318
11.2429909706
10.8711550236
11.0109348297
11.2927119732
10.6755371094
10.8079910278
11.2322518826
10.7658090591
11.3094508648
10.9282240868
11.2456860542
11.268871069
11.2720439434
10.7136590481
10.9972579479
11.0433909893
11.3129351139
11.3258519173
11.2656450272
10.7146408558
11.2537820339
10.7838041782
11.3069069386
11.270731926
11.2451188564
11.1890330315
10.8772740364
10.6698801517
11.3213071823
11.3059401512
11.0763118267
11.2508850098
11.0204129219
11.0547308922
11.2627711296
10.7426419258
11.2340700626
11.0220689774
11.2804610729
11.0741250515
11.2596480846
11.3095479012
11.30311203
11.2608249187
11.2883958817
11.4607200623
12.9416658878
11.6112520695
12.2575628757
11.8672149181
11.9555478096
12.1903579235
12.1383020878
12.2883598804
11.6007449627
11.6377160549
11.8538861275
12.0964961052
11.7335247993
11.5885410309
11.584017992
11.9125828743
12.4215991497
12.4610979557
12.105825901
12.0496768951
11.7327170372
11.9000620842
12.2234179974
11.9030928612
11.5403261185
11.7615358829
11.5110778809
11.6309478283
12.2319619656
11.8598518372
11.8068881035
11.9312801361
11.718681097
11.946988821
11.8317828178
11.6563229561
12.0023190975
11.8023440838
12.901966095
11.6475350857
11.4959831238
11.7280240059
12.3621928692
12.1104490757
11.8359320164
12.0395050049
11.55042696
11.941092968
11.5822470188
12.5102398396
12.4663171768
11.9322280884
11.9271140099
12.7103469372
11.5067329407
12.1941370964
12.3865149021
12.2726860046
12.77272892
12.3973360062
11.7772920132
11.8198781013
12.0967788696
12.4515500069
12.0730979443
11.8760781288
11.7832539082
12.4728918076
12.227230072
11.9286530018
12.9108622074
11.9561650753
12.1467940807
11.7180609703
12.3213698864
11.8168671131
12.3883531094
11.6868770123
12.096362114
11.5929610729
12.5998859406
11.8004360199
11.5259311199
12.0589249134
11.6544370651
11.6407799721
13.0139009953
11.6881799698
11.5355899334
12.0044062138
11.7467069626
11.7136790752
11.9490971565
12.1679971218
11.4975619316
11.7788729668
11.8047149181
11.6536490917
11.6519489288
12.097645998
11.6300981045
12.667662859
12.2418489456
11.5931620598
12.3287980556
12.7091090679
12.269382
11.6786141396
12.4114170074
11.4102358818
12.6497271061
12.60176301
11.4649939537
11.4237148762
12.2553861141
12.7139770985
12.3926548958
11.4045000076
12.0338039398
11.6607718468
11.5863690376
12.4689218998
12.1537489891
11.7335560322
12.4857339859
12.3385951519
11.8000569344
11.7539801598
12.6474509239
12.3103170395
11.7062020302
11.7086479664
12.4167439938
11.7241199017
11.969545126
11.9781339169
11.7864749432
11.756152153
12.1405391693
11.4393179417
11.6850597858
11.8963561058
12.8778390884
11.7183430195
12.0018029213
12.1463940144
11.753469944
12.7079799175
12.1919429302
12.2334268093
12.1101949215
11.7626190186
12.8202400208
12.8530731201
11.8878087997
11.6885960102
11.3674380779
11.8891570568
11.5220088959
12.5952310562
11.444010973
11.574395895
12.8877959251
11.6969988346
12.0308389664
11.4800682068
11.8948500156
11.8169682026
11.5818629265
11.6914739609
11.6895589828
11.9676029682
11.9571540356
12.7490599155
12.2542879581
11.6681210995
11.51039505
11.5365359783
11.3493227959
11.454846859
11.4495069981
11.5446100235
11.5792570114
11.5333621502
11.3382308483
11.6105270386
11.5255148411
11.2878861427
11.3060419559
11.3918848038
11.3681569099
11.2944619656
11.2648642063
11.3599998951
11.3055558205
11.2710590363
11.3460578918
11.3571369648
11.3101568222
11.2361600399
10.9684960842
11.0166170597
10.8812937737
11.3221998215
10.6710760593
11.2565560341
10.7030651569
11.2392721176
11.1088159084
11.3727550507
11.3198361397
11.2357840538
11.1869142056
10.8869459629
11.2512500286
10.9083080292
11.3202970028
10.7551379204
11.3236942291
10.9253389835
11.1438980103
11.2333369255
11.3032889366
11.2492368221
11.2978239059
11.3048341274
10.9691271782
10.7094120979
11.196862936
10.9899590015
11.3161048889
11.2822232246
11.3052768707
11.2991731167
11.311122179
11.2547659874
11.2277750969
11.3526940346
11.3255240917
11.2261779308
11.4233088493
11.3308029175
11.5622339249
11.4431979656
11.5700659752
11.4854960442
11.8113520145
11.7976520061
11.3917031288
12.707116127
11.7134621143
11.753357172
11.4851989746
12.3180937767
12.5581429005
12.3334639072
11.9959349632
12.0514400005
12.391422987
12.3942308426
12.0865390301
12.0282421112
11.9258589745
12.1085278988
11.775288105
11.4840018749
12.4475400448
12.3873610497
11.7909810543
11.6536109447
12.0642139912
12.1382579803
11.8659830093
11.8727250099
12.1335670948
12.0747430325
12.2185621262
11.9684598446
12.6912350655
12.4520559311
12.2632780075
11.9550631046
12.3526051044
11.7748708725
11.8149020672
11.921544075
12.2760000229
12.1649730206
12.4326190948
11.9782528877
11.8356990814
12.1184420586
12.4553070068
11.705575943
12.2171769142
11.9007940292
11.6738989353
11.7398300171
12.2954809666
12.7429208755
11.9614319801
12.3639469147
11.3690388203
11.6241118908
12.4871301651
11.7326312065
12.4065830708
11.4148349762
11.3063030243
11.5638740063
12.6249871254
11.8332371712
11.6958990097
12.1382501125
11.7158489227
11.974091053
11.3953399658
11.7994439602
11.8115561008
11.3434891701
11.302670002
11.2456800938
10.9731528759
11.2474009991
11.2537221909
11.2836380005
11.2285788059
11.1567578316
11.3520109653
10.7736001015
10.715788126
10.6843879223
10.6714479923
10.7151110172
10.7014200687
10.7518081665
11.2963881493
10.8785219193
10.677036047
10.6882300377
10.6479170322
10.9547548294
10.84227705
11.2558779716
10.7542779446
11.3094801903
11.1042809486
11.2862839699
10.9517710209
10.8498039246
10.8793442249
11.2020959854
11.123816967
11.3079528809
10.9947760105
11.2838652134
11.2324879169
10.9441120625
11.2437670231
11.2855489254
10.8118097782
11.1651308537
10.763655901
10.7857539654
10.8301429749
10.7221021652
10.700813055
10.7808260918
11.2630729675
10.6553080082
10.683506012
11.1308088303
10.8431088924
11.2414019108
11.2423830032
11.0928111076
11.2911951542
11.2479360104
0.878087043762
10.7673778534
11.2827718258
11.2475640774
11.2210478783
11.2442348003
11.257846117
11.2294111252
10.9367699623
11.3009951115
11.2260420322
11.2789819241
11.2432529926
11.2529790401
11.0308420658
11.2379710674
11.2768089771
11.2273550034
11.3863070011
11.1988990307
11.2754659653
11.2505018711
11.2919800282
11.178591013
11.2419059277
11.3471798897
11.3075671196
11.310767889
11.049998045
10.752229929
10.8264398575
11.2619299889
10.9358501434
10.761505127
10.8869111538
11.3033311367
11.3061709404
11.226514101
11.1327059269
11.2969539165
11.191947937
11.0998778343
10.9974849224
11.2442140579
11.2748808861
11.2705368996
11.3000209332
11.1699371338
11.1220870018
10.6909661293
10.7944891453
11.293325901
11.2312979698
11.2764968872
10.7138860226
11.1434428692
11.3540871143
11.233438015
10.873488903
10.6798951626
10.6542420387
11.2900559902
11.2355279922
10.6757111549
11.2490549088
11.2534940243
11.2834370136
11.112226963
11.281072855
11.2438628674
10.8133070469
10.6326489449
10.6733050346
11.2746880054
11.252366066
11.2887911797
10.6461689472
10.6569519043
11.0081791878
11.1734080315
10.6723241806
10.6482079029
10.672478199
10.6482169628
11.2418060303
10.6815550327
11.230782032
10.6437780857
11.2573430538
11.1571400166
10.6675901413
10.6700730324
10.6782011986
10.9996340275
11.2683069706
10.6670670509
11.2358288765
10.6703121662
11.2328400612
11.2898409367
11.1140198708
10.6717038155
10.6517500877
10.9914238453
11.2854950428
11.2410931587
10.7305819988
11.2761340141
11.2293548584
11.2650880814
11.2462589741
11.2916982174
11.2542569637
10.7702310085
11.2740750313
11.2365729809
11.2835440636
11.2729809284
11.2413680553
11.170609951
11.2506248951
10.6695480347
10.6630730629
10.6894500256
10.6777532101
10.8734431267
11.236025095
11.2954039574
11.2451879978
10.6503930092
11.2534308434
11.2399480343
11.2870109081
10.650591135
11.2224149704
10.937953949
11.2368600368
11.256551981
11.276515007
11.2460179329
11.2714979649
11.2350242138
11.2778270245
10.6625778675
11.2258839607
1.41180515289
10.7575109005
11.0732238293
10.6662261486
11.2721297741
11.2394118309
11.2927019596
11.0796589851
11.2850649357
11.2703897953
10.6461749077
10.67760396
11.3703298569
10.667014122
11.2366859913
10.9807620049
11.2451210022
11.2519350052
11.2822840214
11.1872880459
11.2987649441
11.2407979965
11.2666108608
11.288957119
11.2310500145
10.6640620232
10.6607511044
10.6533508301
10.8637781143
11.2435479164
10.6457910538
11.2830131054
10.6419718266
10.6622228622
11.1034247875
11.2546100616
11.2818579674
11.3888199329
11.2789740562
10.6493659019
11.2626869678
10.8088669777
11.2531011105
10.7004780769
11.2868430614
11.229391098
11.3526301384
11.2591409683
10.6750621796
10.7265958786
10.660284996
10.7403039932
10.6549329758
10.6572329998
10.6706478596
10.6481740475
10.719438076
10.6463780403
10.7004921436
10.6645569801
10.8473801613
11.2372090816
11.2932448387
10.6574230194
11.2201099396
11.0801579952
10.8754777908
11.2453830242
11.2939388752
11.0350699425
11.2258441448
11.2789700031
11.2674019337
11.252851963
11.1629319191
11.2315540314
11.0579280853
11.2579889297
11.291862011
10.995595932
10.8555738926
10.7088959217
11.288642168
11.2402710915
11.2813818455
11.2513082027
11.2548670769
10.6711659431
11.2440807819
11.3022789955
11.2540578842
11.2599058151
11.3450410366
11.2782030106
11.2360758781
11.2959029675
11.2652668953
11.3933720589
11.2527048588
11.2781119347
11.2260529995
11.268501997
11.2798428535
11.2435920238
10.6698420048
10.6685621738
11.2785210609
11.2156691551
10.7786490917
10.6530179977
10.6476130486
10.6811990738
10.8125679493
11.2227950096
10.6737470627
11.0557858944
11.0830011368
11.2736990452
11.2046818733
11.3393437862
10.9040110111
11.2669789791
11.2451689243
11.285449028
11.2372140884
11.2790892124
10.6544599533
11.2357289791
10.6775159836
11.2996718884
10.6886951923
11.2506811619
11.2968740463
11.2367999554
11.2864940166
10.6731009483
11.2422270775
11.2886250019
11.2790410519
10.6588189602
10.6493411064
10.6723389626
10.7078649998
11.2888300419
11.3783831596
11.2374761105
11.3043138981
10.9133019447
11.2366328239
11.2010860443
11.3868968487
11.245196104
11.001278162
11.2520518303
10.8553030491
11.2763640881
11.4125978947
11.2757439613
11.2362320423
11.3011028767
10.6454129219
10.8207588196
11.2822818756
11.2531020641
11.287689209
10.7922370434
10.6497290134
11.1522579193
11.1611728668
10.6732218266
11.1289629936
10.7481660843
10.6471879482
11.263215065
11.2909121513
11.2368919849
11.2715129852
11.4010810852
10.8025588989
10.644974947
10.6754040718
10.6608841419
10.6508450508
11.2096371651
10.6456949711
10.6518039703
11.2899580002
11.2527570724
11.2864310741
11.1085450649
11.2809197903
11.2452218533
11.2901751995
11.2857241631
10.9119420052
11.2099030018
11.2834289074
11.2782149315
11.2276229858
10.6527998447
11.0935828686
11.2796208858
11.2390768528
11.2723088264
11.0610659122
10.6804189682
11.2424650192
10.8707649708
10.6499760151
11.0865080357
11.2201530933
11.2555379868
10.8658349514
11.2866539955
11.2343969345
11.2797181606
10.9364459515
11.2508070469
11.3370330334
11.2834448814
11.2441561222
11.3682830334
11.2342839241
10.6741280556
10.6766190529
11.263231039
10.6481230259
10.6674799919
10.6754219532
10.6742391586
10.6504149437
11.2732160091
11.0578389168
11.3723130226
10.9012899399
11.2790780067
11.2507641315
10.6536509991
10.6810719967
10.6467039585
10.7291810513
10.6464080811
10.6728360653
11.2816910744
10.6727209091
11.2415101528
11.2808778286
11.2604339123
10.7233278751
10.6473891735
11.2700140476
11.0717930794
10.7206859589
10.6477839947
10.9586980343
11.2858810425
11.288932085
11.2397310734
10.9337720871
10.8765530586
11.307997942
11.2350599766
10.9646451473
10.6599879265
11.2537958622
10.7008988857
11.2943198681
10.925301075
11.2381000519
11.0798411369
11.2441778183
11.2855148315
11.2628040314
11.1681199074
11.279749155
10.7287750244
11.2554419041
10.7354028225
11.2513120174
11.3324022293
11.2903649807
10.7023561001
11.2297401428
11.3425860405
11.2881190777
11.283905983
11.2603669167
11.2509901524
11.2737159729
11.2431280613
11.3328130245
11.2725570202
11.2881650925
11.2263000011
11.2809989452
11.2225658894
11.3258171082
11.270430088
10.6649518013
11.2624080181
11.2777240276
11.0439660549
11.2246370316
11.3046040535
11.2560539246
11.2047200203
10.8588240147
11.197644949
11.2463018894
11.287446022
10.6466321945
11.3852140903
11.240062952
11.2788748741
11.229585886
11.2790679932
11.0676100254
10.7823109627
10.6395449638
10.7080988884
10.6421458721
10.7719600201
10.8271319866
11.0109579563
10.9148321152
10.6430578232
10.7233579159
10.6901788712
10.667468071
11.2064459324
11.1835529804
11.0928778648
11.2745218277
10.7420158386
11.2251749039
10.669770956
10.6679458618
11.1829550266
10.9892539978
11.0216929913
11.2852461338
10.9780049324
10.6477181911
11.1763250828
10.724875927
10.6940028667
10.661867857
10.6422379017
10.63748312
10.7177920341
10.7252728939
