10.5932991505
10.5850460529
10.5851500034
10.5851738453
10.5843639374
10.5852539539
10.5850431919
10.5866479874
10.5843119621
10.5801439285
10.5826361179
10.5859627724
10.5858359337
10.5856339931
10.5855400562
10.5855669975
10.5846829414
10.5834460258
10.5843231678
10.5843698978
10.5860819817
10.5878019333
10.5805521011
10.5855948925
10.5864489079
10.5846970081
10.5877830982
10.5820689201
10.5850870609
10.5876688957
10.5847611427
10.5821800232
10.5866348743
10.587539196
10.5886971951
10.5885410309
10.6538860798
10.5894401073
10.5890197754
10.6240799427
10.6024270058
10.5902910233
10.5864028931
10.5841209888
10.5872590542
10.5920920372
10.5959129333
10.704636097
10.6242051125
10.6360149384
11.1335289478
10.8128092289
11.2094080448
11.1804249287
11.2285559177
11.3045661449
11.2208452225
10.6441152096
11.2091758251
11.1922872066
11.1963970661
11.1972279549
11.2467360497
11.2234499454
11.2362139225
10.6954340935
11.1801900864
10.828453064
11.0834410191
11.2214288712
11.2123739719
11.1355650425
11.2318339348
10.9012908936
10.6580340862
11.119218111
10.762460947
10.6868548393
11.2107048035
11.3529939651
10.7468121052
11.2351047993
10.7164778709
10.9463629723
10.6326329708
10.6747589111
10.6923770905
10.6480050087
10.9495460987
11.0259280205
10.8787109852
11.2984390259
10.7417559624
11.3223798275
11.1655158997
11.2305719852
10.7665410042
10.9806609154
10.6595389843
11.2801940441
11.1932528019
11.3242888451
11.3344609737
10.7999689579
10.8415980339
11.2435719967
11.2705700397
11.2306900024
11.2698571682
10.6424980164
10.6500170231
11.2768938541
11.224517107
10.6825611591
11.0475649834
11.222979784
11.1872069836
10.6375150681
10.6555578709
10.6683599949
10.711632967
10.6858458519
10.8647949696
10.7564258575
10.963534832
10.7660069466
11.3739879131
11.1742060184
10.9699258804
11.1253180504
10.8538520336
11.2386159897
10.8998010159
10.9635629654
11.2290291786
10.6619808674
11.2568018436
11.2396099567
11.3028619289
11.1933069229
11.2372090816
10.9416980743
11.3019258976
11.2440879345
11.2149729729
10.7163889408
10.9879832268
10.9068291187
11.0033288002
11.2400770187
11.2782721519
11.232063055
10.9998261929
11.2346558571
11.3384618759
11.2798659801
11.2681291103
11.1300010681
11.3695948124
11.3207080364
11.4482028484
11.4042160511
11.5632719994
11.3690099716
12.2725598812
12.1024899483
11.8979420662
11.708794117
11.8911418915
12.0103459358
12.1465148926
11.9936180115
11.4377951622
12.1253712177
12.4640610218
11.446089983
11.9602751732
12.3784101009
12.1794099808
11.7491381168
11.82751894
11.7828111649
12.774533987
12.114454031
12.1450440884
12.2232460976
11.6722211838
12.7464489937
11.7127621174
12.0889108181
12.6313199997
11.8563468456
11.7340769768
12.0369708538
11.6643249989
12.6979398727
11.9029080868
11.549341917
11.7085449696
12.348429203
11.9337978363
11.9054880142
11.9462149143
11.7629299164
11.6539070606
11.6194639206
11.8487350941
11.5334610939
11.665569067
12.5025210381
11.9071838856
11.6613528728
11.6064898968
12.6646380424
12.9821720123
11.6678431034
11.6176440716
11.6475560665
11.8802051544
12.0791170597
12.2107858658
11.7978041172
11.6867849827
12.356292963
12.0065851212
12.0343880653
12.9178218842
12.7397150993
12.0400719643
12.0240681171
12.0383458138
11.723361969
12.0973320007
11.71083498
12.2624819279
12.5606751442
12.0380170345
12.8987989426
12.5478878021
11.6159129143
11.8504188061
11.6359369755
12.3072440624
11.6345589161
11.547137022
11.6844379902
12.4634830952
11.630177021
11.831690073
11.6334559917
12.2818078995
11.8059778214
12.6786489487
12.4406530857
12.1836769581
11.5430080891
11.3851420879
11.9557290077
11.9881639481
11.9348750114
12.7439229488
11.9160621166
12.2534248829
11.7031059265
11.5238640308
12.3446750641
12.4652438164
11.658703804
11.6992168427
13.0083520412
11.7023429871
12.0878109932
12.3202409744
11.9478280544
11.3044381142
12.6096229553
12.325617075
12.3396160603
11.8004069328
11.5997281075
11.5369610786
12.6371750832
11.9366419315
12.7021369934
12.9563109875
11.447024107
11.7209329605
12.4663000107
11.7535338402
11.7281310558
12.0042519569
11.934166193
11.5813271999
11.7992329597
11.9610641003
12.3477971554
12.0356550217
12.7163200378
12.3437831402
11.7098350525
11.7814230919
12.4741699696
11.6149630547
12.0625739098
11.7115490437
12.0945520401
11.5847558975
12.0802459717
12.7247540951
11.6242420673
11.7183470726
11.7520239353
12.0928449631
11.8091788292
11.8018009663
11.7157478333
11.6471090317
12.3028068542
11.8051948547
11.974766016
12.0848522186
11.4413149357
11.8833200932
12.2412741184
12.1475610733
11.7838959694
11.8146140575
11.7217769623
12.087348938
11.5326099396
11.4971530437
11.9058489799
11.3803842068
11.6969621181
11.8038220406
11.6372199059
11.4727640152
11.3739280701
11.3684408665
11.4241900444
11.4002528191
11.5793478489
11.3511688709
11.4401829243
11.5273449421
11.434705019
11.3621439934
12.4549770355
11.2986810207
11.3155548573
11.2752869129
11.2971820831
11.2854950428
11.2305669785
11.3510110378
11.4198989868
11.2591688633
11.4702250957
11.3457410336
11.2593920231
11.2516751289
10.75781703
10.7426769733
11.3257639408
10.7238259315
10.8831291199
10.6781418324
10.8067748547
10.6593739986
11.1796278954
11.2748110294
11.2605230808
10.7181360722
11.3182280064
11.2602360249
11.244246006
11.1880800724
11.0798840523
11.0530650616
11.0708110332
10.7574720383
11.0004248619
10.6353747845
10.7140200138
11.2552928925
10.7850170135
10.7175598145
11.2961418629
11.1539371014
11.2914049625
11.246765852
11.2924740314
11.277641058
11.254625082
11.2677879333
11.2590379715
11.2827320099
11.210162878
11.2596039772
11.3026900291
11.2693269253
11.3541240692
11.2545659542
11.4929859638
11.7317669392
11.247243166
11.449352026
11.6477608681
11.8013238907
11.7752959728
11.7182970047
12.3411719799
11.9899978638
11.7881879807
12.8927760124
11.5058939457
11.8836078644
12.1092398167
11.7803111076
11.7340390682
12.1772041321
11.9565970898
12.9663250446
11.7939071655
11.9447360039
11.7500939369
12.1044390202
11.7083828449
12.9903039932
12.1853578091
11.8281540871
12.4055089951
12.6735150814
11.7171411514
12.5818459988
12.0516171455
11.7983360291
11.7301449776
11.8510951996
12.539607048
12.220126152
11.8469898701
11.8982260227
12.2383022308
12.4329559803
12.1374061108
11.7080411911
12.2059960365
12.1602590084
12.343282938
12.1354470253
11.9525389671
12.3326129913
12.1700570583
12.1048018932
12.348815918
11.942882061
12.1838800907
11.8000400066
12.0439369678
11.9830520153
11.5795731544
11.768723011
12.2877049446
11.751294136
11.5650930405
11.6912219524
11.8496248722
12.1431379318
11.6748578548
11.5153279305
12.2034780979
12.65634799
11.628579855
12.5237147808
11.658012867
11.6999931335
11.9081280231
11.7434418201
11.4316160679
11.2447891235
11.293640852
11.2489769459
11.2572250366
11.2757210732
10.6421182156
11.2389140129
11.2250189781
10.6431109905
10.6504261494
11.1215729713
10.8751399517
11.0840120316
11.2842581272
11.2600028515
11.2857348919
10.7881171703
10.7385339737
11.1282391548
11.2593748569
10.6649889946
11.241890192
10.655798912
10.6903848648
11.2346899509
11.2292029858
11.2751460075
11.222905159
11.2587618828
10.63586092
11.2838301659
10.9595148563
10.9407219887
10.7966661453
10.6753511429
11.2516100407
11.2025358677
10.919896841
11.0585839748
10.638422966
11.2505111694
11.2636940479
11.2468149662
11.3363790512
11.2546610832
11.1989750862
11.2299599648
11.2845189571
10.9899921417
10.6862421036
11.2510359287
11.2975428104
10.8459458351
11.253510952
11.2448399067
11.2502689362
10.7399909496
11.1537261009
11.2458560467
11.2551078796
11.2333350182
11.2898910046
11.1400408745
11.2707509995
10.9014110565
11.1815190315
10.6608130932
10.6587870121
10.6583940983
10.6639950275
10.6712241173
10.6403090954
10.6666231155
11.2445170879
11.2675149441
11.2694740295
11.3205111027
11.2959039211
11.2613198757
11.2557799816
10.9072880745
10.8103590012
10.7636659145
10.7600448132
10.6933979988
10.7267520428
10.690557003
10.8711590767
11.3271040916
11.3050680161
10.7453448772
11.1929249763
10.8697659969
11.2502520084
11.2543318272
11.2548770905
11.2053198814
10.7813310623
11.2613990307
11.3072609901
11.2587850094
11.0857739449
11.2183771133
11.3037261963
10.919768095
10.7149810791
11.085766077
11.2627689838
11.2414999008
11.3427629471
11.286976099
11.2400379181
11.2985351086
11.2594130039
11.1749820709
10.6585309505
11.2012479305
10.9806067944
11.287017107
11.2714629173
10.865899086
10.8042168617
11.2703888416
11.2320251465
11.1835050583
10.8142929077
11.2310249805
11.2421400547
10.6612799168
11.2336189747
11.3367950916
11.2811541557
11.2286980152
10.9351961613
11.2705459595
10.6305968761
10.6253869534
10.6820399761
10.6604640484
11.2142529488
11.2447822094
11.2619109154
10.6436920166
11.2786240578
11.2600159645
11.2648079395
11.2357821465
10.6591899395
11.2392759323
11.2298500538
11.0966529846
11.2236459255
11.280069828
11.2418708801
11.2287049294
11.2717108727
11.230369091
11.3247618675
10.6597189903
11.2659890652
10.9268610477
11.2429380417
11.2317948341
11.2294099331
10.6592299938
11.2311830521
11.2507169247
11.2464981079
11.2258069515
11.2712888718
11.2322890759
11.2552070618
11.2496170998
11.2371969223
11.2790958881
11.2229189873
10.6549479961
10.6560199261
10.6380000114
10.6652719975
11.2556500435
11.2258968353
10.6614840031
10.6398329735
10.6399168968
10.6651978493
11.2136540413
11.2194161415
10.6580491066
10.6336269379
10.667304039
10.6617050171
10.6402039528
10.6688530445
11.2809929848
10.6532139778
11.2281999588
11.22813797
11.2273471355
10.8671917915
11.2335450649
11.2732629776
11.2426588535
11.1969881058
10.6619489193
11.0677709579
10.6464178562
10.6609110832
10.6370470524
10.6436600685
11.2819991112
11.226722002
11.2685530186
11.0760710239
10.6360960007
11.2775399685
11.2773780823
11.2179219723
10.6330208778
10.6578748226
10.6435000896
11.2291789055
10.6650249958
11.2210261822
11.1244199276
10.8162760735
11.2243509293
11.2482120991
11.2193460464
11.2616040707
11.2538180351
11.1935918331
11.2751560211
11.2156229019
11.2648100853
11.239689827
11.2129611969
11.2760691643
10.6320199966
10.6524910927
10.9390718937
10.66147089
10.7185587883
11.2277760506
10.663061142
11.3797848225
11.2405910492
10.6395208836
10.6642839909
10.6609330177
11.2653210163
11.2351379395
11.3398919106
10.6590809822
11.3036561012
11.2096719742
11.2329070568
11.2760670185
10.7116701603
11.2511589527
11.3688819408
11.2343540192
11.2665190697
11.2184801102
10.6375691891
11.2809810638
11.2223138809
10.9417741299
10.8318068981
11.2331180573
11.1702980995
10.7159750462
11.252764225
11.2265210152
11.2622439861
11.230312109
10.9982478619
11.2643010616
11.3882579803
10.9162170887
11.2647571564
11.2483150959
11.2367238998
11.2731878757
11.2761850357
10.6353149414
10.6524009705
10.6826138496
10.6350190639
10.6457359791
10.6598341465
10.6402590275
10.6467320919
10.6674389839
10.7776420116
10.653455019
10.6389129162
11.2824561596
11.2223920822
11.2514529228
11.3260838985
11.26552701
11.2416760921
10.8297719955
11.2587890625
10.6361179352
11.2834820747
11.3908061981
11.239043951
11.243144989
11.2796020508
11.230219841
11.0103898048
11.1561808586
11.2261600494
10.6617720127
11.2180330753
10.6555848122
11.2696349621
11.2173249722
11.2639458179
10.8762431145
10.8117530346
11.224104166
11.2621309757
11.2259008884
11.2512180805
11.269644022
11.2215480804
11.2501661777
11.2364969254
11.0105259418
11.3283278942
11.2686970234
10.8821339607
10.6617350578
10.6666200161
11.2283799648
11.2620940208
11.2283849716
11.3619761467
11.2350111008
11.2735438347
10.6358168125
10.6540009975
10.6835968494
10.6603281498
10.7799999714
11.2707910538
11.2242848873
11.2731480598
10.6349790096
11.2271800041
10.6891069412
10.6624178886
10.6928210258
11.0435469151
10.7173979282
10.6442098618
11.3804659843
11.2267370224
11.2725548744
10.9101769924
11.2384319305
11.2595949173
11.2247200012
10.6863260269
10.9880151749
11.2321150303
11.281676054
11.2355439663
11.2933599949
11.3396451473
11.2769761086
11.2231750488
11.282212019
11.2315459251
11.0465669632
11.239413023
11.224971056
11.3287098408
10.6638131142
11.2616209984
11.2112767696
11.2643299103
11.2302820683
11.2756419182
10.8343770504
11.2294049263
11.2846770287
10.638974905
10.6616070271
10.6822919846
10.6607980728
11.2521460056
10.7128021717
10.6353399754
10.6534888744
10.6572301388
11.3627889156
10.6371121407
11.2419788837
11.2731580734
11.2614750862
11.22447896
11.2715609074
11.2218780518
11.3678779602
10.7572729588
11.2904469967
10.7191641331
11.2789309025
11.2280349731
10.8757810593
11.38022995
10.6543161869
10.6328248978
10.6556918621
10.6987500191
10.6485848427
10.6686069965
10.7439398766
10.6638600826
10.6403348446
11.3517360687
11.2275421619
11.271094799
11.2819771767
10.7633459568
11.2491500378
11.2820031643
11.2844052315
11.2266249657
11.0381948948
11.2237510681
11.2253899574
11.3220319748
11.2604501247
10.8092131615
10.9332461357
11.268969059
11.216490984
11.2736780643
11.289304018
11.1759850979
11.2289910316
11.2986369133
11.2513079643
11.2261049747
11.2377212048
10.6609241962
10.6567690372
11.2095758915
10.6401371956
11.2594208717
11.2738571167
10.8309428692
11.2272379398
11.2056729794
11.2613458633
11.2180349827
10.9712600708
10.638682127
10.6623170376
10.9710121155
10.7606289387
10.6676280499
10.717746973
10.6603140831
10.6474339962
11.2637619972
11.2486388683
10.9828770161
11.2675988674
11.2311050892
11.2734839916
10.6577279568
11.2335479259
11.3461229801
11.2720310688
10.872574091
10.6601090431
11.2755870819
11.2213299274
10.6581728458
10.6617970467
11.2839870453
11.3860740662
11.2354848385
11.2349891663
10.8718030453
11.2162230015
11.2702279091
11.2995090485
11.2561860085
11.2309598923
11.2644948959
11.2219240665
10.7943971157
11.3195118904
11.2831258774
11.2215511799
11.2873358727
11.2643129826
10.8051888943
11.28906703
10.7148251534
10.6477019787
11.2306082249
11.2808020115
11.2186059952
11.2543330193
10.6669979095
11.2299129963
10.6903779507
11.2458100319
10.6585569382
10.6481080055
10.6649110317
10.6603360176
