11.2221980095
11.1968278885
11.1424980164
11.2647850513
11.1857919693
10.97687006
10.7256469727
11.2921071053
11.400534153
11.2659699917
11.3055551052
11.1711001396
11.3208620548
11.1768329144
11.2896559238
11.3154759407
11.2622511387
11.2893810272
11.2996590137
10.6485080719
10.9468040466
11.1449689865
11.2481827736
11.3885011673
11.3336279392
11.2719259262
11.3473169804
10.6765589714
11.3158199787
11.4401140213
11.1115739346
11.2946689129
11.0680191517
11.3202958107
11.0133500099
11.3835818768
11.3462100029
11.2992188931
10.9243171215
11.07899189
11.4247229099
11.3385219574
11.1626911163
10.7390780449
10.704720974
11.1498680115
11.0910661221
11.2579698563
10.6950039864
10.7109968662
10.7795600891
10.73960495
10.9343919754
10.7576620579
10.7021942139
10.9118421078
11.3336248398
11.3132340908
11.2953820229
11.3230221272
11.2642900944
10.7025711536
10.7094299793
11.2560870647
11.3298728466
11.2616701126
10.812967062
10.8881921768
11.2667348385
10.6933028698
11.32335186
11.1754570007
11.215681076
11.3131988049
11.2954478264
10.6721699238
11.01415205
11.3003909588
11.178276062
11.3358471394
11.1236360073
10.9534490108
11.3033909798
11.281028986
11.3273792267
10.9388480186
10.9628298283
11.3668868542
10.812638998
11.1284549236
11.2971041203
11.0578820705
10.9456329346
11.3574619293
10.7049999237
11.3816840649
10.9994020462
11.3233399391
11.3105370998
10.6720650196
10.7274138927
11.0025579929
11.3719320297
10.6827940941
11.1571099758
11.35693717
11.0738148689
11.0321569443
11.3534801006
11.3326427937
11.4420950413
11.7465970516
11.7469558716
11.5418870449
12.374808073
12.1553280354
12.0832910538
12.2283961773
12.0570828915
12.2082409859
11.623030901
12.123611927
11.7365500927
12.3224639893
12.9836790562
12.4792749882
11.987803936
12.1214289665
12.6035430431
12.382390976
12.5020360947
12.4267838001
12.4686319828
12.1959469318
12.7691941261
11.4284529686
11.9725677967
11.9966108799
11.9029080868
12.2903478146
11.7293891907
12.2761859894
12.9722118378
12.2279720306
11.7233951092
12.4274411201
12.1912000179
11.7760128975
11.5706398487
12.4487130642
11.9866030216
11.6378610134
12.0919449329
11.9437909126
11.5300900936
12.0046670437
11.9612178802
12.5792520046
11.6397931576
11.7653269768
12.7522408962
12.1349098682
11.9045619965
12.7081570625
12.3387310505
11.6636531353
11.64133811
12.0745778084
11.6546850204
11.6959688663
11.8339250088
11.9756169319
12.2076771259
12.8069860935
11.7187170982
12.4136688709
12.3606398106
12.1908919811
12.3941481113
12.0494580269
12.1248059273
12.4577190876
11.8762030602
12.1219120026
12.4840800762
11.6079070568
11.7772080898
11.78039217
11.9654672146
12.7641899586
12.2397298813
12.001470089
11.5981218815
12.1032459736
12.4555959702
11.4390470982
11.762953043
12.5331661701
11.3830828667
12.3950600624
12.6705901623
12.3816390038
11.6326739788
12.3283519745
12.3095710278
12.3040058613
11.9376161098
11.9710640907
11.9537138939
11.9303638935
11.9681401253
12.3986859322
12.5013890266
11.9803299904
11.8603658676
11.6917569637
11.7696619034
11.989374876
11.6706109047
11.8939630985
12.0899119377
12.4878880978
11.8418679237
11.5793571472
12.166476965
12.1122469902
12.4856290817
11.7733170986
11.8686227798
11.7639598846
12.5593450069
12.2166800499
11.9611310959
12.0105438232
11.552793026
12.2588739395
11.5631670952
12.4701738358
12.5160501003
12.0194151402
12.1369659901
13.0321650505
11.7907347679
11.8855540752
11.7030248642
12.0149540901
12.5945119858
11.8971409798
11.6685860157
11.8661258221
11.8120968342
12.2669050694
12.078897953
11.8256070614
11.8582928181
11.7715990543
12.6299259663
11.7010850906
11.8006839752
11.7498619556
11.6757290363
12.0567219257
11.9073369503
12.5497369766
12.1759390831
12.1845061779
11.5511889458
12.7930281162
11.7713201046
12.9651110172
11.5582780838
11.7649888992
11.672273159
11.8490688801
12.0887949467
11.4286899567
11.4748668671
11.6390690804
11.5122778416
11.8380219936
11.5673830509
11.647578001
11.6141459942
12.5485589504
11.8364160061
11.6243920326
11.3740210533
12.8211319447
11.3903720379
11.3560838699
11.5967071056
11.5306050777
11.592143774
11.9068231583
11.8407900333
11.334706068
11.3155839443
11.4011101723
11.4904899597
11.6389148235
11.3124520779
11.3513469696
11.2662289143
11.3574411869
11.3145971298
11.2523760796
11.3496530056
11.3873980045
11.2927799225
11.2069270611
10.8677539825
11.355463028
11.1815028191
10.921683073
10.8431861401
11.1127200127
11.284348011
11.3162539005
10.9726929665
11.355836153
11.351498127
11.2569510937
11.3173549175
11.3952300549
11.1934888363
10.8189899921
11.3151760101
11.2772929668
11.3498990536
10.6772129536
10.7283759117
11.1601810455
10.9942400455
11.3462898731
11.2255439758
10.8939518929
11.3645200729
11.0647552013
11.0324890614
10.8009259701
11.2922809124
11.3641200066
11.3995611668
11.3343331814
11.357104063
11.3440930843
11.3517179489
11.4461100101
11.4341180325
11.3164849281
11.3447439671
11.3320131302
11.5113060474
11.7065720558
11.6154849529
11.3627810478
11.7534167767
11.614151001
11.6136360168
11.294798851
11.762057066
11.6808071136
11.7853391171
12.0542991161
11.9942989349
11.7763280869
11.6680970192
12.6028540134
12.3285121918
12.0040500164
12.9495868683
11.9126081467
12.204005003
11.8453581333
12.0263049603
11.7296860218
12.0217630863
12.5417032242
11.7121069431
11.9487462044
12.5409128666
12.1418948174
12.3505568504
11.9050951004
12.4972000122
11.6689331532
12.2111558914
12.6894979477
12.0444600582
11.9596819878
12.3353910446
11.6902279854
12.3034200668
11.9535090923
12.1363039017
12.0325858593
12.1841430664
12.430822134
12.2755901814
11.6887969971
11.9295201302
11.7635149956
11.6751961708
11.6956849098
12.2956190109
11.6369850636
11.6820850372
11.7938120365
12.0821499825
11.9156501293
12.4311480522
11.8471941948
11.7699761391
11.9812059402
12.3840548992
11.3731050491
11.8780300617
12.2477560043
11.6824378967
12.0302290916
11.8477947712
11.349244833
12.1304650307
11.7396669388
11.955384016
12.2158901691
11.6695590019
11.3585669994
11.2988390923
11.3712511063
11.311606884
11.0633599758
10.7266049385
11.2666108608
11.202611208
10.9198269844
10.8712580204
11.3535730839
10.739882946
10.688215971
11.4431900978
11.3611130714
10.8105978966
11.3150370121
11.3051080704
11.2315678596
11.2990679741
10.7307879925
11.0919148922
11.2958049774
11.3336730003
11.4095609188
10.7728588581
11.3597660065
10.6772818565
10.9740948677
11.2767438889
11.3338229656
11.1893050671
11.3835191727
11.1477768421
10.7913620472
11.2052750587
11.3261311054
11.2985160351
10.8759579659
11.2916150093
11.3435518742
10.8311440945
11.2631678581
11.1721601486
10.9669721127
10.8782868385
11.4008188248
10.7146980762
11.2176129818
11.2761058807
11.0039291382
11.3621571064
10.6821229458
11.38773489
11.1684579849
10.7050340176
10.7496922016
11.3636109829
11.332775116
10.8534870148
11.2837479115
11.331403017
11.2670888901
11.3245489597
11.3397350311
11.2838869095
10.884843111
11.2572131157
11.2732110023
11.3203351498
11.2883419991
11.3358669281
11.2973299026
11.3248298168
10.6924910545
10.730342865
11.3201720715
11.1778740883
11.3185670376
11.26471591
11.1830840111
11.2977969646
11.3838269711
11.317412138
11.3037939072
11.2355911732
11.3946418762
11.3590621948
11.2881560326
11.3705511093
10.9218609333
11.2465741634
11.3560512066
11.164411068
11.3092391491
11.0951929092
11.1876888275
11.0980229378
11.1462671757
10.929681778
11.2981078625
11.2272450924
11.3210070133
11.3030538559
11.3125739098
11.2940211296
11.341023922
11.2347209454
10.9765758514
11.2206318378
11.3361959457
10.6706728935
11.1109111309
11.2362279892
11.2939169407
11.3919990063
11.2772438526
11.2639210224
11.3274440765
11.2756850719
11.2892310619
11.3484621048
11.3312420845
11.2660400867
11.3347189426
11.2721250057
11.3242211342
11.2959849834
11.3160719872
11.326472044
11.2727601528
10.7317609787
10.6794118881
10.6893548965
11.2858119011
11.32959795
11.3143050671
11.3003201485
11.2780280113
10.6986970901
11.1598250866
11.3138849735
11.3206458092
11.0352599621
11.3383398056
11.3202981949
11.2782149315
10.6900589466
11.336507082
11.2721149921
10.9507169724
11.3133251667
11.3161680698
11.3183021545
11.2932360172
11.3471419811
11.3082351685
11.2756431103
11.0146400928
11.3580060005
11.2642688751
11.2255058289
10.8292429447
11.2665669918
11.3264939785
11.2898459435
10.679295063
11.3333311081
10.6660790443
11.3341650963
11.2977321148
10.672410965
10.6988699436
10.6621930599
11.2732951641
11.3520240784
10.9316649437
10.6964299679
11.3222310543
11.3295478821
11.3322570324
11.2767529488
11.3464479446
11.3257489204
11.2678129673
11.3342330456
11.2868437767
11.3423881531
11.3039419651
11.2198688984
11.3452329636
11.3028209209
11.2304110527
11.2687489986
10.7295398712
11.3328790665
10.6707708836
10.6957221031
10.6968159676
10.9089648724
10.6901910305
10.6848008633
10.6797912121
11.3114829063
11.2936940193
11.3217830658
10.7141602039
10.7498371601
11.3456270695
11.3020899296
10.6806099415
11.2831470966
11.2949831486
11.3296339512
11.4006931782
11.3116810322
11.2983660698
10.7311420441
11.2689549923
11.3110830784
11.3829879761
11.2950088978
10.9209439754
11.2955977917
10.6712338924
11.3268737793
10.835586071
11.3330330849
11.3112518787
11.0804600716
10.6909680367
10.6682801247
11.3154909611
10.6890449524
10.672773838
11.3222229481
11.3128688335
10.6669650078
11.3358631134
11.2086901665
11.2924752235
11.2695009708
11.3374111652
11.3036258221
11.3304870129
11.2937121391
11.3100068569
11.3079690933
10.9519381523
10.9228310585
11.2970621586
11.4085638523
11.302093029
11.3920710087
11.279695034
11.286591053
11.317054987
11.3706898689
11.3189940453
11.4469661713
11.0054810047
11.3245379925
11.0948388577
11.2761080265
11.3492510319
11.3017911911
11.3285679817
11.1337389946
11.2826991081
11.3412339687
11.2677221298
11.2829830647
11.3527460098
11.30260396
11.2734348774
11.1497368813
10.6775119305
11.408315897
10.9137811661
11.3333330154
10.939563036
10.695868969
11.3423759937
10.6889941692
11.3066840172
11.3332231045
11.2887811661
11.2883238792
11.3192429543
11.2828369141
11.3405098915
1.38217401505
11.2669909
11.3347740173
11.0885388851
11.3181960583
11.3084619045
10.6990039349
10.9633390903
10.7280709743
11.10592103
10.6949021816
11.071436882
11.30341506
11.1426389217
11.2911548615
11.3144340515
11.3435277939
11.3246998787
11.2890279293
11.3492970467
11.2660520077
11.3173999786
11.2841231823
11.0213298798
10.8851380348
11.2697579861
11.334895134
11.3141951561
11.2899150848
10.699518919
11.3551170826
10.6759610176
10.6606748104
10.7056748867
10.6636350155
10.6621198654
10.7011380196
10.6771588326
10.6635229588
11.1113269329
10.6965239048
10.6995379925
11.2993059158
11.3287668228
11.277670145
11.2006020546
10.698734045
11.283755064
11.3160870075
11.0651118755
11.157435894
11.2842350006
11.3113620281
11.029774189
11.2302029133
11.4157350063
11.3070180416
10.6918041706
11.2882180214
11.0128259659
11.0110449791
10.7456879616
10.6674292088
11.3979511261
11.2769188881
11.3108179569
10.8946399689
11.4014940262
10.6808719635
10.6682908535
11.0547571182
11.2691121101
10.6592690945
10.6910738945
10.7851929665
10.6654019356
11.3427741528
11.2905929089
10.6960129738
11.3031620979
10.6668250561
11.3934538364
11.3176519871
11.2898540497
11.3045401573
11.3429191113
11.3092689514
11.2986369133
11.4251549244
11.2867529392
11.2893028259
11.3196320534
11.2772810459
11.3263068199
10.6671969891
10.6675360203
11.3521721363
10.6693098545
10.6792459488
10.6863348484
11.3989319801
11.277987957
11.3083381653
10.684525013
11.2928071022
11.2877089977
11.309748888
10.7000648975
10.6885211468
11.2580718994
11.3149809837
11.3564441204
11.3220219612
10.6779789925
10.7027270794
11.0406079292
11.3537549973
11.2159149647
10.7153220177
10.9546689987
11.3314619064
11.2714400291
11.2282381058
11.348402977
10.6828699112
11.3078210354
11.3521749973
11.2756919861
11.3250830173
11.3670198917
11.24751091
11.2830040455
11.3930518627
10.6945259571
10.7045929432
11.3621180058
10.667869091
11.3320698738
11.4227290154
11.3271770477
10.6744270325
11.3347189426
10.9685070515
11.131882906
11.4169859886
11.3378379345
11.2825500965
11.3381850719
11.3044528961
10.825660944
11.332062006
11.3158400059
11.0242331028
10.974519968
11.411812067
11.3357899189
11.2736289501
10.8234109879
11.3845880032
11.3111848831
11.2926530838
10.8991420269
11.1728689671
11.3215100765
10.7289710045
10.6959710121
10.7805869579
10.7192950249
10.665266037
10.7320311069
11.0075900555
11.3392219543
11.3178169727
11.3250110149
11.3113911152
11.2347950935
11.31092906
11.3320231438
11.280878067
10.9900639057
11.3179728985
10.9471020699
11.3392159939
11.2746260166
11.3071470261
11.3657729626
11.0523281097
11.0160629749
10.8489420414
11.3939900398
10.9177908897
10.6946308613
11.2901949883
11.4227828979
11.3237679005
11.2157971859
11.301347971
11.2841031551
11.3426008224
10.6889030933
11.2033419609
11.2962088585
11.3081870079
10.6612210274
11.1695518494
10.6932458878
11.4279179573
11.2816400528
11.3183238506
11.3331270218
10.6775898933
11.0917420387
11.2774980068
11.3036859035
10.8421721458
11.3367328644
11.2610661983
10.6876010895
11.0074748993
11.2787969112
11.3264248371
11.4152011871
10.6875228882
11.1589899063
11.3216948509
11.2779209614
11.3400859833
10.6944150925
10.687333107
10.7867240906
10.6696970463
10.7357320786
10.659142971
11.1798260212
10.7152280807
10.9891209602
10.7377281189
11.1445767879
11.2796051502
10.7111101151
10.7280299664
10.7103619576
10.6495099068
10.7215738297
11.3002507687
10.6663868427
11.3892290592
11.2998847961
11.0504128933
10.6842749119
10.672093153
11.3186321259
10.6783139706
10.7401480675
10.6635429859
10.7563140392
10.6628849506
11.3332481384
10.683011055
11.2714560032
10.6836678982
10.8634798527
10.6815319061
10.662101984
10.7095530033
10.6636509895
10.683920145
10.6452300549
10.6478888988
10.6866359711
10.6566231251
10.6634399891
10.6490330696
10.6228849888
10.6200890541
10.6115281582
10.6210010052
10.6116349697
10.6242830753
10.6088330746
10.6044080257
10.6100149155
1.68981909752
1.82013487816
1.94539284706
1.71025896072
1.70072102547
1.68906998634
1.68200087547
1.67348384857
1.66274499893
1.66088294983
1.68298006058
1.6943321228
1.7063369751
2.17238903046
1.68179488182
1.65100908279
1.64024090767
1.67803406715
1.66016101837
1.64288711548
1.62581801414
1.68011116982
1.61546492577
1.61935591698
1.63682293892
1.65490698814
1.64907288551
1.70683479309
1.71709012985
1.67881894112
1.68094086647
1.65309095383
1.64442396164
1.70794391632
1.62937712669
1.65107989311
1.64318084717
1.65253996849
1.64610385895
1.63379597664
1.63226795197
1.65145587921
1.64684605598
1.64138507843
1.70665502548
1.71253299713
1.67322993279
1.81115198135
1.64984798431
1.64498400688
1.65585017204
1.62175893784
1.6277358532
1.65193104744
1.7123529911
1.64166998863
1.62331104279
1.63522696495
1.64824986458
1.63885593414
1.66618704796
1.71207308769
1.72021198273
1.67979598045
1.68505311012
1.64324808121
1.64029788971
1.71188497543
1.68402004242
1.62006497383
1.63301301003
1.63736176491
1.64749693871
1.62447690964
1.61017918587
1.64784097672
1.68611502647
1.63012313843
1.61957097054
1.62085485458
1.64063405991
1.64918804169
1.6280939579
1.63270998001
1.62640190125
1.6516289711
1.66230297089
1.62965393066
1.65024805069
1.6285200119
1.62730407715
1.61923384666
1.67522907257
1.69047403336
1.68207502365
1.64040899277
1.65357995033
1.62638807297
1.62688207626
1.69688010216
1.67894887924
1.68271994591
1.65484714508
1.64460086823
1.67767000198
2.21440410614
1.86165809631
1.85638403893
1.68352103233
1.67246294022
1.66738295555
1.685587883
1.70212817192
1.66928601265
1.71750187874
1.68167996407
1.69981002808
1.69026398659
1.66559886932
1.70733094215
1.78650808334
1.77210211754
1.6830060482
1.67546391487
1.65845704079
1.69758796692
1.82372498512
1.71281909943
1.68004703522
1.67909002304
1.65631914139
1.64231204987
1.67624688148
1.66255402565
1.73808503151
1.74185299873
1.72799491882
1.69875502586
1.78815698624
1.73227119446
1.7488629818
2.28417992592
1.70693707466
1.77136111259
2.00245714188
1.81390500069
2.06518507004
1.75240802765
2.36281394958
1.87527084351
1.68236899376
1.71213197708
1.75617313385
1.71584606171
1.77409005165
2.34836292267
2.36069011688
2.22686505318
2.33193302155
1.92729091644
1.87005400658
1.86787104607
2.28335595131
2.35714292526
2.34554696083
2.17419600487
2.29448699951
1.81220602989
1.71193408966
1.94959592819
1.80788302422
2.36474108696
2.44418597221
2.3769159317
2.1779229641
2.1796131134
1.78552889824
1.72464513779
1.81175613403
1.75712394714
1.90952181816
1.87532615662
1.77275896072
1.81242990494
1.67602586746
2.17501688004
1.72747993469
1.70858001709
1.70592999458
2.00811886787
1.88986992836
1.70346283913
1.79458093643
1.74526619911
2.08457994461
1.82230806351
1.86214995384
1.98459482193
2.09268808365
2.49855494499
2.26523399353
2.42365098
2.12634587288
2.26481795311
2.32703614235
2.11217498779
2.13276100159
2.15392994881
1.92308497429
2.38572597504
2.13143205643
2.30713510513
2.32554197311
2.41427206993
1.88300013542
1.87116098404
1.88879704475
1.94589185715
2.31394386292
2.19259095192
1.96035599709
2.32245206833
2.18859219551
2.5578649044
2.41411614418
2.43572211266
2.40574407578
2.36432504654
2.34797310829
2.41327214241
2.35749793053
2.33378887177
2.55540919304
2.42006397247
2.33306503296
2.36287307739
2.36005806923
2.32114100456
2.29963779449
2.57623100281
2.35891294479
2.34522795677
2.35648608208
2.36120486259
2.32707715034
2.38832592964
2.3611600399
2.34036588669
2.34602594376
2.37399983406
2.38751196861
2.42986297607
2.38726401329
2.3820681572
2.34030389786
2.53928112984
2.46212697029
2.52070188522
2.317964077
2.36525821686
2.73722982407
2.49121999741
2.38438916206
2.384111166
2.35421013832
2.92626309395
2.61296510696
2.34581398964
2.3607480526
2.39462804794
2.35869002342
2.34410500526
2.38551712036
2.42426204681
2.34121894836
2.34761691093
2.43119001389
2.38601589203
2.35733699799
2.4015378952
2.312032938
2.40930485725
2.52073812485
2.39388418198
2.33492207527
2.35839486122
2.42727804184
2.33407998085
2.37170386314
2.46342802048
2.35348582268
2.38173699379
2.40921187401
2.46054196358
2.47320890427
2.56676697731
2.50138115883
2.59907603264
2.63192796707
2.41957688332
2.48541212082
2.50728011131
2.62845802307
2.38476395607
2.29869699478
2.37197995186
2.37112879753
2.51923203468
2.41716217995
2.38397908211
2.37031888962
2.37490105629
2.53493118286
2.33495092392
2.31409811974
2.40481805801
2.72421908379
2.76975607872
2.40398716927
2.36917901039
2.32381606102
2.36040711403
2.45960783958
2.3927590847
2.36652803421
2.58130598068
2.37069797516
2.4028570652
2.59626984596
2.48448991776
2.31015300751
2.33816218376
2.43654894829
2.32543110847
2.3963329792
2.54427194595
2.37283205986
2.31394195557
2.38837504387
2.36938405037
2.32316708565
2.32930493355
2.32273507118
2.38155889511
2.4093708992
2.31829285622
2.41814804077
2.35115504265
2.50632190704
2.48345303535
2.43675899506
2.5587990284
2.32403302193
2.35938501358
2.38582611084
2.36337709427
2.35824799538
2.38756990433
2.45853996277
2.59544086456
2.49866104126
2.38640403748
2.41730189323
2.33438110352
2.36559700966
2.4966070652
2.69057703018
2.43832111359
2.3722820282
2.39776086807
2.35905694962
2.39688301086
2.42570710182
2.57372689247
2.39071917534
2.41025900841
2.54329204559
2.59381699562
2.46414399147
2.41827511787
2.42593288422
2.41544008255
2.45666408539
2.32962298393
2.39635109901
2.58930301666
2.52938294411
2.50711989403
2.4743309021
2.45596003532
2.42446398735
2.44792509079
2.41683292389
2.45651316643
2.44704508781
2.43017601967
2.56586098671
2.31313586235
2.36141896248
2.38671112061
2.50276398659
2.54017496109
2.46140813828
2.39381289482
2.31629395485
2.31837010384
2.37186217308
2.35948109627
2.51422905922
2.48565483093
2.5551109314
2.35795402527
2.42151212692
2.43896603584
2.38212990761
2.37637591362
2.6285970211
2.58890199661
2.37564110756
2.30695295334
2.36620306969
2.45707702637
2.72772884369
2.55161786079
2.6881518364
2.3304040432
3.00541114807
2.70638203621
2.45245289803
2.53288507462
2.36354804039
2.35126113892
2.3565030098
2.62963891029
2.32663202286
2.3616631031
2.45281505585
2.65636587143
2.60522198677
2.52832603455
2.38571286201
2.44142699242
2.46596884727
2.44303107262
2.37708091736
2.57290315628
2.60942602158
2.62380981445
2.25268006325
2.55522608757
2.3644900322
2.51145100594
2.72406697273
2.74153399467
2.77236294746
2.54740595818
3.7572119236
2.49066615105
2.93203186989
3.14203810692
2.74788308144
3.01351189613
3.69444704056
3.09937500954
2.58291816711
3.11295199394
3.35462284088
2.79462504387
3.56845402718
2.82781100273
3.12497520447
3.01899981499
3.68135809898
2.80037403107
2.83137702942
2.82847905159
3.48791217804
4.01413202286
3.21867203712
3.58319282532
3.8820040226
3.49120187759
3.24241304398
2.640832901
3.19382691383
3.05304908752
3.25610303879
3.04149699211
2.93017578125
3.51107907295
3.53812003136
3.32460999489
3.15257382393
3.38802194595
3.13232207298
3.42425584793
2.90606808662
3.12656116486
3.29598593712
3.20565986633
3.39875292778
2.78644394875
3.60905194283
2.78925895691
3.03155493736
2.95579600334
2.64438390732
3.36969399452
2.85974287987
3.410572052
3.16584897041
2.91884803772
2.9559981823
3.28686904907
2.99368000031
3.90648198128
3.77858114243
3.19933700562
3.06972289085
3.66707587242
3.26919102669
2.97088098526
3.08338689804
3.92551112175
3.21793293953
2.69812178612
2.73607707024
2.79671502113
2.96853685379
3.23321986198
2.95906209946
2.92879891396
4.04571509361
3.09887909889
2.96530485153
3.64079904556
3.8355410099
3.26104617119
3.88472294807
3.01782298088
3.58680295944
3.81345415115
2.7913069725
3.75939297676
3.50649285316
2.85935115814
2.88985991478
2.75077199936
3.42599487305
3.22911596298
3.35143899918
3.4983921051
3.32364702225
3.3429980278
3.60841393471
3.12547683716
2.93432807922
3.05947494507
3.57413506508
2.78746700287
3.62441706657
3.71757698059
3.5612950325
3.66042900085
3.29771399498
2.80228996277
2.9530351162
3.7889611721
3.35899305344
3.71945595741
3.32547593117
3.03346800804
2.96606111526
3.33442282677
3.11809802055
3.60589289665
3.62658405304
3.5905919075
3.17068505287
3.74845218658
3.59612703323
3.34310293198
2.65616607666
3.57008218765
3.47437596321
2.83874201775
3.66187882423
3.2275660038
3.09757184982
3.78849601746
3.43675899506
2.8726952076
2.85583496094
3.0774641037
2.97640299797
3.51452493668
3.37637901306
3.02085590363
2.73968315125
3.38034915924
3.3704328537
3.34913420677
3.19836807251
3.02157592773
3.37913298607
3.60517716408
2.75185894966
3.61819291115
3.63464903831
3.35116696358
3.29231095314
2.9806740284
3.30834507942
3.44934511185
3.51883602142
3.70325994492
3.42373085022
3.71559882164
3.2310500145
2.82474589348
3.05296516418
3.05702114105
3.22681093216
3.78337907791
3.87934803963
3.30487012863
3.19584107399
2.97118401527
3.19017291069
3.35232520103
2.85054898262
3.61717009544
3.96249699593
3.36347794533
3.4727640152
2.83059501648
3.43832087517
3.56330800056
3.68195509911
3.63695478439
3.47055792809
3.20647001266
2.94655513763
3.29272198677
3.40972089767
3.32308483124
3.40378904343
3.08161997795
3.55780601501
3.01371312141
3.95918107033
3.69598603249
3.70275497437
3.06985497475
2.75602412224
2.98055505753
3.71725201607
3.68567013741
3.27786016464
2.9458489418
2.97071290016
3.25618004799
3.92462396622
3.12375998497
3.35320496559
3.1640291214
3.98320698738
3.56220602989
3.21278214455
3.29017806053
3.23645806313
3.54007816315
3.1640560627
3.25583100319
3.7317609787
3.38061308861
3.03565788269
3.4703400135
3.60271596909
2.98572611809
3.97855496407
3.48887896538
3.91074204445
3.35813784599
3.88627696037
4.01760911942
3.53108501434
3.28090882301
3.67170405388
3.23820400238
4.00784993172
3.04675483704
3.23808383942
3.66259407997
3.28042197227
3.1812851429
3.74244403839
2.9153110981
3.76773095131
2.97874617577
3.2328710556
3.66571903229
2.71147203445
3.47943782806
3.20137190819
3.33321905136
3.36523485184
4.0259809494
3.807970047
3.20383691788
3.07804512978
3.20416498184
3.42783999443
3.86793708801
3.20783305168
3.52536797523
3.32392501831
3.59779691696
2.76798987389
3.70476698875
3.09604120255
2.68883395195
3.78766322136
3.66443300247
3.30699110031
3.95272898674
3.76070213318
2.92176699638
3.32646012306
3.48555898666
3.48567986488
3.06705212593
3.15491104126
3.90053796768
3.45192885399
2.95257997513
3.12627696991
3.35186600685
3.63493108749
4.14372396469
3.5538289547
3.54775905609
3.07639098167
3.04881691933
3.69015789032
3.77773308754
3.7314581871
3.27227210999
3.22114992142
3.1738910675
3.69055509567
3.31521391869
3.32136201859
3.22208809853
3.35279011726
3.79847407341
4.11423802376
3.45675802231
3.16407203674
3.36474514008
3.82400298119
3.45591592789
3.58814787865
3.45328211784
3.37327694893
4.13991999626
3.38581705093
3.71989107132
3.02952098846
2.86208987236
2.9089179039
3.27087402344
3.75030994415
3.21277189255
3.08649802208
3.05411505699
2.6945309639
3.06681990623
4.02314805984
3.87435793877
3.55721616745
3.19819998741
2.99811410904
3.61814689636
3.81298899651
2.91485500336
2.83569192886
3.26803994179
3.52270507812
3.6157040596
3.30249094963
3.55452203751
3.3161509037
3.19009590149
3.66176390648
3.23297405243
3.29439592361
3.11754608154
3.16101002693
3.20079994202
3.68242383003
3.44858193398
3.01192998886
4.05603194237
3.05307602882
3.91415190697
3.09914708138
3.39681005478
3.69184207916
3.06084609032
2.96761107445
2.84161901474
3.52490305901
2.9200899601
3.41176009178
3.67502307892
3.62750101089
3.15760111809
3.25627112389
3.51573801041
3.30652809143
3.56829500198
3.68530416489
2.97697091103
3.80202889442
3.3697681427
2.90028691292
3.65180706978
3.45880293846
3.8642411232
3.24530410767
3.19183921814
3.57158112526
3.23437190056
3.1392250061
3.23527407646
3.21203303337
3.85117697716
3.56923508644
4.08622193336
3.69232821465
2.92071008682
3.02078294754
3.61309504509
4.24008107185
3.38549113274
3.54994988441
2.89633083344
3.5301759243
3.50177907944
3.4801030159
3.03589892387
2.93668413162
3.50646185875
3.21227002144
3.09952712059
4.22399497032
3.14526510239
2.93535900116
2.92673611641
2.95366597176
3.17465305328
4.15003991127
3.41879820824
4.1372821331
3.06572699547
3.36339902878
3.13497018814
4.12623691559
3.44546985626
3.54189109802
3.00718188286
3.16035580635
3.21434688568
4.0532450676
3.72065496445
3.50188684464
2.9374320507
3.51360797882
3.18969202042
3.66895294189
3.23938798904
3.25176310539
3.19776320457
3.19989395142
3.47486996651
3.46212387085
2.89044094086
3.01119208336
3.26245284081
2.91414690018
3.55259990692
3.7157330513
4.02541899681
3.33327293396
3.36493992805
3.70892715454
3.64249300957
3.29941082001
3.52210593224
3.63256192207
3.31870794296
3.46703410149
3.53936600685
3.71040511131
3.52725696564
2.87247896194
2.91549396515
3.608273983
3.96368098259
3.58631396294
2.95887088776
3.06527304649
3.74992799759
2.99908995628
3.06103992462
3.58829498291
4.111743927
3.14623188972
3.4317150116
4.09579801559
3.15356302261
2.86695098877
3.50080299377
3.86636519432
3.6187620163
2.93944597244
3.06437087059
3.26110816002
3.25691103935
3.49867486954
3.32234406471
3.18413496017
3.42212104797
3.07894492149
2.98940515518
3.93611812592
3.01158690453
3.40347504616
3.67573618889
3.1601691246
3.99201416969
3.63183283806
3.84072113037
3.45164394379
3.27598881721
3.53936600685
3.75423693657
3.06791591644
3.26433491707
3.31218719482
2.97089099884
3.07168006897
3.5701880455
4.02560210228
2.82801389694
3.80396604538
3.62065911293
3.39046192169
3.84386205673
2.98672318459
2.78367090225
3.48574900627
2.21706604958
3.27173495293
3.73619508743
3.23371505737
3.51379299164
3.19983291626
2.91575503349
3.5431740284
3.05801987648
3.4557158947
3.40792489052
3.1323890686
3.1530380249
3.53161382675
3.81458902359
3.69028806686
3.08014702797
3.02651000023
2.95534896851
3.22224998474
3.15124106407
3.03349614143
3.74860715866
2.71581292152
3.12169504166
3.72944998741
3.22099208832
3.33383512497
2.82827377319
2.88422513008
4.29127597809
3.46770381927
2.78239011765
3.39992189407
3.36403799057
4.13201093674
3.02443695068
