2.70420694351
2.54990315437
2.72769498825
2.79054093361
2.74384593964
2.5203139782
2.44856190681
2.47545099258
2.68753099442
2.49712204933
2.45845198631
2.58049917221
2.78140687943
2.45020604134
2.49437403679
2.57327413559
2.79380202293
2.80488705635
2.52003312111
2.59177994728
2.63485383987
2.91060590744
2.88235402107
2.6944630146
2.49239516258
2.54683995247
2.71529579163
2.55387997627
3.08721113205
2.57861685753
2.53116202354
2.55310893059
2.46906495094
2.48941993713
2.50362992287
2.47151398659
2.50698304176
2.68209600449
2.62135696411
2.74065518379
2.63413405418
2.57646393776
2.48941588402
2.70308709145
2.72841596603
2.51098704338
2.46282291412
2.53265786171
2.53785991669
2.51375317574
2.51820516586
3.13713812828
2.49441790581
2.49368190765
2.48756408691
2.53868103027
2.56036615372
2.57705688477
2.58089399338
2.72132492065
2.54948806763
2.48203015327
2.43263316154
2.74127388
2.54574298859
2.6007399559
2.52811098099
2.70569491386
2.42723298073
2.47722291946
2.54633498192
2.6590089798
2.51874613762
2.54534697533
2.59942007065
2.59665417671
2.56992602348
2.49696207047
2.8126938343
2.4535548687
2.51746487617
2.62011694908
2.59833407402
2.63777899742
2.63686394691
2.48140001297
2.49641704559
2.51251482964
2.62748193741
2.73056316376
2.66424298286
2.46915388107
2.47782683372
2.6034591198
2.67778801918
2.49223709106
2.49445509911
2.71846795082
2.5200688839
2.53570389748
2.60583996773
2.42860007286
2.44651198387
2.4782128334
2.78528118134
2.64021801949
2.56767201424
2.57940006256
2.66296982765
2.60158991814
2.58679103851
2.44271302223
2.48568582535
2.54726696014
2.48108792305
2.37418103218
2.51617288589
2.49747300148
2.59462118149
2.52685022354
2.59528899193
3.0751478672
2.94584178925
3.06211996078
3.03150200844
2.64744091034
2.93238019943
2.58326005936
2.56085991859
2.57170581818
2.46849894524
2.57697916031
2.43620300293
2.4459130764
2.52981805801
2.69903588295
2.70544600487
2.77687096596
2.69753789902
2.56374382973
2.50623607635
2.57738399506
2.52573609352
2.55311107635
2.54261493683
2.49590110779
2.47189211845
2.44001507759
2.48356199265
2.4775698185
2.49037194252
2.5500459671
2.50045394897
2.46111392975
2.49044513702
2.5441069603
2.6172170639
2.60631895065
2.48790001869
2.45944595337
2.44360685349
2.43274378777
2.47633194923
2.87150120735
2.70511317253
2.60120511055
2.48888802528
2.45034408569
2.4704990387
2.48329496384
2.46913790703
2.45197200775
2.51860809326
2.62779402733
2.44313621521
2.50223612785
2.47501707077
2.4431989193
2.49042010307
2.51193213463
2.4958190918
2.80097317696
2.44358611107
2.47629499435
2.51393413544
2.44070506096
2.4921309948
2.55199193954
2.49276995659
2.56354093552
2.50033688545
2.58910608292
2.59548187256
2.50945091248
2.45446109772
2.47814297676
2.52490711212
2.45696187019
2.48060083389
2.50853395462
2.53594493866
2.60558700562
2.49174499512
2.44897699356
2.48887109756
2.43318295479
2.72794699669
2.39194011688
2.47669291496
2.60076904297
2.62329077721
2.52643704414
2.48738718033
2.44372797012
2.43524694443
2.47289013863
2.5850148201
2.43811798096
2.48936891556
2.46108317375
2.4344060421
2.4749879837
2.47358107567
2.42982077599
2.74184012413
2.48172092438
2.52509593964
2.71071815491
2.51205205917
2.45519185066
2.43500900269
2.59399104118
2.63780784607
2.55446815491
2.67145109177
2.50251603127
2.48810982704
2.49213695526
2.45673203468
2.48840093613
2.46554899216
2.46748399734
2.51280117035
2.51184797287
2.44583702087
2.74731206894
2.54250216484
2.3994140625
2.49458289146
2.45448184013
2.55664205551
2.5303850174
2.50524997711
2.47297692299
2.78259277344
2.54452395439
2.49579000473
2.52485799789
2.56910705566
2.50663208961
2.54596281052
2.57110404968
2.55140089989
2.49235486984
2.45513081551
2.41663002968
2.40946793556
2.70727515221
3.14770197868
2.57932305336
2.58044600487
2.51957416534
2.488052845
2.54369401932
2.54446411133
2.85508179665
2.50729894638
2.45017504692
2.58841109276
2.52507209778
2.74964094162
2.49895811081
2.47812986374
2.44843101501
2.50994896889
2.49327206612
2.5335278511
2.46751284599
2.50698804855
2.44431519508
2.45950293541
2.48667311668
2.4621348381
2.49543786049
2.71673488617
2.46926903725
2.510160923
2.4391579628
2.4612660408
2.50931215286
2.45389890671
2.43203210831
2.48880410194
2.45764017105
2.78336000443
2.51042914391
2.46103906631
2.4417579174
2.88155412674
2.4647860527
2.42440390587
2.52351093292
2.69654798508
2.43427991867
2.46695780754
2.48361110687
2.44394302368
2.45843410492
2.53846383095
2.4385368824
2.43744897842
2.4990029335
2.4815158844
2.42838788033
2.49106812477
2.48130297661
2.43530702591
2.45352721214
2.51416993141
2.42509698868
2.51172494888
2.4818007946
2.53691911697
2.57163691521
2.48627781868
2.46280884743
2.44638514519
2.4940431118
2.54740810394
3.34545993805
2.52155208588
2.50892710686
3.40915083885
2.59660005569
2.46339011192
2.41273403168
2.49607896805
2.49822497368
2.5528409481
2.43811202049
2.88435697556
3.17526102066
2.43542098999
2.45394611359
2.470236063
3.10967922211
2.87555503845
2.50268697739
2.43241977692
2.45034193993
2.48442196846
2.43240499496
2.43781518936
2.67586112022
2.57393693924
2.71562790871
2.57207608223
2.54876899719
2.56314110756
2.43093800545
2.76743507385
2.51361680031
2.46630501747
2.49486994743
2.90227818489
2.43360900879
2.47746610641
2.49262499809
2.50139498711
2.42969799042
2.481580019
2.48222184181
2.44789290428
2.47123098373
2.49304199219
2.43784689903
2.4495279789
2.48348498344
2.54179191589
2.42860579491
2.47690987587
2.46317100525
2.45452094078
2.48657393456
2.53476810455
2.47644805908
2.50702905655
2.46535682678
2.45989513397
2.51408195496
2.48263788223
2.4454240799
2.54719090462
2.69294786453
2.56248903275
2.55946302414
2.55020689964
2.49896216393
2.54139995575
2.50118303299
2.48287010193
2.43741202354
2.54765915871
2.51423597336
2.46238899231
2.48456001282
2.48674106598
2.43985486031
2.45657610893
2.49338197708
2.44624495506
2.62312984467
2.49501609802
2.45474219322
2.45746207237
2.49973106384
3.75848889351
2.6096868515
2.41581010818
2.46556711197
2.48248195648
2.41879701614
2.43375706673
2.48406410217
2.43385601044
2.43849301338
2.64386987686
2.52659702301
2.44503903389
2.51313495636
2.4718580246
2.42882084846
2.5062148571
2.70668101311
2.73072886467
3.08723402023
2.6878759861
2.5050599575
2.94745516777
3.21774196625
2.63573598862
3.15746617317
2.48083591461
2.48624801636
2.43232703209
2.45428705215
2.49764704704
2.50415492058
2.4870159626
2.7050640583
3.09368801117
2.50088787079
2.51161503792
2.58720397949
2.49693107605
2.44204711914
2.53364801407
2.51290488243
2.44789099693
2.46711921692
2.49175000191
2.448127985
2.47074985504
2.50614500046
2.44888091087
2.44004893303
2.48438286781
2.4832880497
2.43478107452
2.49325895309
2.4728038311
2.43720293045
2.4553539753
2.49983906746
2.43760704994
2.46213197708
2.64859604836
2.46782898903
2.43431806564
2.48754787445
2.50656294823
2.44228601456
2.49014401436
2.50191020966
2.43483090401
2.51080417633
2.6518008709
2.66481900215
2.60831212997
2.55743408203
2.47854590416
2.48907399178
2.81022810936
2.49354100227
2.4765059948
2.49559783936
2.61718678474
2.42687797546
2.55446505547
2.5356760025
2.53287506104
2.50539898872
2.51364302635
2.5160639286
2.82227396965
2.83985590935
2.79008388519
2.82216596603
2.96254515648
2.71669602394
2.51119279861
2.53276896477
2.4552090168
2.43243193626
2.56716418266
2.56502604485
2.50193595886
2.48002791405
2.45444822311
2.45988798141
2.50124716759
2.43768405914
2.47340106964
2.85637903214
2.44338107109
2.43929409981
2.50221681595
2.45712089539
2.70487999916
2.56183600426
2.86583280563
2.47950291634
2.43523097038
2.44624304771
2.50173401833
2.45758986473
2.44475698471
2.48898983002
2.4625377655
2.43185400963
2.49847817421
2.48761892319
2.44137692451
2.49369192123
2.50695300102
2.4670419693
2.45445990562
2.49298596382
2.45257091522
2.4489941597
2.52451586723
2.47157406807
2.78521585464
2.49988698959
2.4615790844
2.45636105537
2.69451284409
3.63827610016
3.5603621006
3.63770604134
3.11287498474
2.56323814392
2.51598286629
2.54222607613
2.46987104416
2.44357013702
2.48519802094
2.54493904114
2.4329059124
2.48631811142
2.45756196976
2.42131495476
2.48471713066
2.4916241169
2.43693804741
2.46786999702
2.54416203499
2.37265491486
2.43959903717
2.48604297638
2.91610217094
2.60458803177
2.5559220314
2.55852890015
2.63027215004
2.53945302963
2.50655698776
2.48482918739
2.46323800087
2.44086790085
2.47619795799
2.43312716484
2.61461019516
2.47870016098
2.44036507607
2.42581796646
2.49345612526
2.51570105553
2.57536888123
2.51039099693
2.49734687805
2.44814610481
2.45934391022
2.90742993355
2.49566102028
2.46635699272
2.45643401146
2.50241804123
2.48934292793
2.44717502594
2.45759916306
2.48408508301
2.74911785126
2.45772194862
2.49793815613
2.46859908104
2.54154992104
2.51398515701
2.45989513397
2.43611311913
2.51091384888
2.46334910393
2.42592191696
2.49438881874
2.49103188515
2.43149495125
2.48170781136
2.5149230957
2.45260095596
2.45158076286
2.49902701378
2.49591994286
2.44867420197
2.50489115715
2.48289704323
2.43879818916
2.48544192314
2.91712594032
2.44182801247
2.47323417664
2.47675800323
2.44292020798
2.46991991997
2.46463680267
2.42890501022
2.4428050518
2.51563191414
2.58992314339
2.43803906441
2.47876000404
2.45950913429
2.45418906212
2.48115086555
2.51548314095
2.46066904068
2.46430802345
2.4474709034
2.49080705643
2.59762501717
2.58246016502
2.52014613152
2.50533890724
2.43413686752
2.46770381927
2.49836182594
2.52675795555
2.91897296906
2.70736217499
2.42622303963
3.02458500862
2.75754308701
2.67317390442
2.79882287979
2.87741613388
2.67814397812
2.4437057972
2.45292687416
2.54060697556
2.90952587128
2.76274895668
2.48627400398
2.66918897629
2.90065693855
2.54886817932
2.47495603561
2.45352911949
2.50125789642
3.107006073
2.43253493309
2.5064971447
2.49137592316
2.45381593704
2.57409501076
2.50006604195
2.48779296875
2.44879007339
2.49279499054
2.47431397438
2.47262692451
2.42762112617
2.47416901588
2.67573785782
2.43424797058
2.62169790268
2.62891983986
2.46553301811
2.5157699585
2.91722416878
2.46614813805
2.46010518074
2.54779481888
2.58054804802
2.58477210999
2.53116798401
2.49376893044
2.46902012825
2.43176698685
2.44860100746
2.48480391502
2.55527997017
2.43672609329
2.48522496223
2.45570898056
2.43331217766
2.48900508881
2.47918105125
2.70702409744
2.51247286797
2.49489402771
2.62247800827
2.56233906746
2.54565095901
2.49106407166
2.47554111481
2.43492794037
2.52020788193
2.63911485672
2.43968009949
2.49174714088
2.48409795761
2.42448806763
2.45052599907
2.49093294144
2.44444608688
2.43113803864
2.49238109589
2.44560313225
2.64660310745
2.49553012848
2.46324276924
2.4420838356
2.47199511528
2.47299385071
2.43353796005
2.48446989059
3.03261995316
2.42352700233
2.4646089077
2.4833920002
2.42605900764
2.43093919754
2.47681808472
2.45593190193
2.43323087692
2.74428796768
2.4769589901
2.43019890785
2.47590303421
2.48138093948
2.43007707596
2.46838212013
2.48017191887
2.75090193748
2.44844198227
2.47638297081
2.42703795433
2.45372509956
2.49030804634
2.45864701271
2.44535684586
2.47479605675
2.46953988075
2.50205111504
2.45032286644
2.47363376617
2.43065500259
2.44351887703
2.48646497726
2.42702102661
2.4220700264
2.48408889771
2.45744204521
2.42537784576
2.60359692574
2.51971793175
2.42246317863
2.48111987114
2.51698303223
2.84297609329
2.61865305901
2.506305933
2.44108104706
2.4612929821
2.50538396835
2.51243400574
2.56656289101
2.53251290321
2.44805693626
2.6281709671
2.60587120056
2.45590877533
2.9293949604
2.48918199539
2.47300314903
2.42960691452
2.47868299484
2.50801205635
3.23864197731
2.59015583992
2.60681915283
2.54977703094
2.47173404694
2.58275818825
2.87867498398
2.92847704887
2.88480591774
2.51678013802
2.90819406509
2.6299200058
2.49322605133
2.58315205574
2.65321016312
2.7001619339
2.41463017464
2.43561887741
2.71337294579
2.46392083168
2.395581007
2.41532206535
2.55357193947
2.5412838459
2.50859999657
2.63074588776
2.51762700081
2.56575298309
2.83409190178
2.45469093323
2.53792309761
2.51293683052
2.74564313889
2.75472283363
2.56883811951
2.58380389214
2.57033586502
2.46835494041
2.51366901398
2.54583501816
2.45538401604
2.5148730278
2.5210981369
2.48220205307
2.48283195496
2.53478598595
2.44634008408
2.46667599678
2.51917004585
2.57075619698
2.81177711487
2.42547702789
2.48412299156
2.49533295631
2.43376898766
2.44313097
2.47687602043
2.46843600273
2.46551394463
2.47801017761
2.46957397461
2.46254897118
2.72830104828
2.47015690804
2.51631593704
2.62708592415
2.824696064
2.42280220985
2.56840205193
2.52016401291
2.89832782745
2.47195506096
2.50122213364
2.45560693741
2.50656104088
2.74502491951
2.6463599205
2.49245500565
2.49629998207
2.46403098106
2.4415230751
2.49327707291
2.54532003403
2.45703005791
2.46391701698
2.47751498222
2.48118400574
2.48971295357
2.47778606415
2.72580504417
2.50469589233
2.53071403503
2.61327695847
2.76230812073
2.87926602364
2.53102397919
2.68876886368
2.53127813339
2.45052099228
2.56944108009
2.82366991043
2.93069696426
2.52147507668
2.50024008751
2.70723700523
2.47576212883
2.49978280067
2.57946300507
3.00960493088
2.57199597359
2.61043810844
2.72702217102
2.51581788063
2.44070887566
2.4800260067
2.61119318008
2.66375494003
2.8591439724
2.64407491684
2.94025993347
2.55975008011
2.50373792648
2.57393312454
2.52553200722
2.73275494576
2.5597589016
2.71589303017
2.59451317787
2.67301607132
2.92675614357
2.80638790131
2.70465898514
2.677079916
2.52667593956
2.50561785698
2.51365709305
2.573772192
2.52008509636
2.53222703934
2.53565311432
2.8593981266
2.57521796227
2.47687292099
2.47481203079
2.64395713806
2.44739198685
2.5093870163
2.46829390526
2.73858809471
2.50993704796
2.48391008377
2.5128121376
2.49129486084
2.46657395363
2.45434117317
2.52224302292
2.44222092628
2.48315286636
2.53257918358
2.6871740818
2.87148594856
2.72937488556
2.49861502647
2.50112700462
2.75543308258
2.76243400574
2.46216607094
2.52261900902
2.83798289299
2.46762418747
2.49772500992
2.52734494209
2.44205307961
