504
511
508
505
512
507
510
507
510
510
514
504
516
504
514
511
510
517
515
510
516
518
512
507
511
515
508
508
509
508
511
516
515
513
509
513
511
514
512
514
516
513
513
512
518
513
513
514
500
508
510
520
513
516
512
507
509
505
515
512
508
509
511
510
513
510
511
517
508
515
512
505
510
511
511
517
499
515
511
509
511
505
508
514
512
517
517
508
513
505
510
505
514
512
514
510
500
510
503
512
509
512
512
510
503
519
509
505
506
512
510
509
512
510
513
510
503
514
514
511
513
516
509
506
507
510
512
517
513
507
505
512
509
501
500
505
511
508
509
503
505
510
521
509
515
509
512
513
513
509
513
502
517
512
512
515
512
514
510
511
508
498
515
518
509
511
508
509
511
511
510
507
515
516
513
515
517
517
512
499
503
508
512
513
507
500
510
513
502
509
513
511
511
508
511
515
516
508
510
514
508
513
510
513
508
511
508
511
510
506
512
511
506
507
510
510
498
509
511
509
517
509
510
511
509
507
513
511
511
510
503
504
511
511
507
508
515
512
509
513
511
514
504
508
509
511
507
503
512
512
514
512
511
507
513
514
504
506
514
510
514
516
506
506
508
510
512
512
507
504
512
498
509
510
501
508
507
506
510
505
513
512
512
508
502
510
503
510
516
507
510
512
509
509
510
511
510
510
508
512
512
518
506
506
510
513
509
511
510
514
508
513
513
509
508
508
512
512
509
513
507
510
504
512
515
507
505
518
505
506
510
507
509
509
511
510
511
511
505
512
505
511
511
510
514
512
513
513
515
512
516
507
516
513
510
514
511
504
507
500
510
515
514
513
508
510
513
518
500
509
518
510
513
513
514
511
511
515
509
515
513
513
508
515
502
511
511
509
515
510
512
506
519
512
508
514
503
508
506
510
517
514
508
513
513
503
500
509
505
510
505
507
507
514
512
511
514
515
514
512
508
510
512
509
511
510
507
516
508
515
513
504
517
498
512
511
512
509
515
509
514
522
509
510
510
513
512
507
505
509
516
513
507
507
509
511
516
509
517
511
507
513
511
517
503
513
512
506
503
510
510
515
512
514
510
507
508
502
510
511
511
515
514
513
517
511
512
514
506
512
509
516
515
511
510
507
509
516
514
511
508
512
514
510
507
497
507
507
514
516
509
510
508
514
511
511
509
514
513
512
513
515
510
511
512
505
514
512
511
511
512
514
515
509
512
512
504
515
503
509
505
512
516
509
514
509
513
518
508
508
515
513
508
506
504
515
512
513
511
508
511
513
511
512
514
512
508
511
509
509
506
515
508
518
511
513
510
519
507
509
508
514
500
514
513
506
507
505
507
511
509
507
501
500
515
512
508
507
512
516
510
515
508
506
510
509
515
507
508
508
509
510
516
510
513
511
507
506
519
515
515
511
510
508
509
505
510
511
514
503
509
508
508
517
509
518
511
511
514
508
511
512
510
510
517
512
514
518
512
511
508
507
517
504
516
512
511
513
508
507
511
507
512
512
511
506
517
510
506
509
506
505
513
516
507
508
507
510
508
514
514
510
508
505
514
508
504
513
512
510
509
506
514
505
513
510
512
501
508
519
512
514
517
512
511
506
518
514
512
512
509
513
505
511
511
513
506
515
510
510
509
501
510
515
512
506
514
512
510
505
521
514
511
511
510
509
512
508
508
510
510
508
507
517
508
512
512
513
508
513
503
509
510
515
508
504
515
511
513
503
512
506
513
512
514
503
503
507
511
514
514
509
509
505
513
506
511
508
512
507
510
513
512
511
517
513
512
512
512
505
513
501
509
517
515
505
518
509
508
510
512
515
509
510
509
505
513
509
519
513
508
509
509
514
512
510
504
504
512
510
505
510
506
504
505
509
509
499
514
512
516
512
510
512
510
512
509
513
505
501
508
517
515
512
509
505
510
505
512
516
500
509
514
501
506
514
510
514
511
513
511
512
508
514
511
505
508
512
512
514
513
502
512
513
513
509
508
514
510
508
504
506
517
510
503
515
518
509
508
511
506
510
508
516
514
506
508
513
509
507
518
506
512
512
513
507
508
510
507
504
516
516
507
517
516
507
512
509
512
505
505
508
509
509
512
512
508
510
507
506
504
500
509
507
502
508
513
506
517
502
517
512
510
507
513
509
510
512
511
505
513
508
507
509
512
514
506
506
512
507
514
509
511
510
511
509
514
508
513
516
515
517
509
511
511
514
513
512
514
505
516
517
502
504
512
507
505
509
504
512
517
511
509
508
511
511
512
505
507
514
