448
488
459
469
472
473
464
461
445
474
475
447
450
471
470
456
487
481
447
487
474
459
488
484
475
449
475
460
470
459
476
488
472
479
449
475
480
483
447
472
459
471
481
484
441
468
470
479
471
476
472
461
467
481
482
483
426
455
489
460
464
466
472
465
445
448
469
480
456
457
436
480
474
461
459
457
449
454
448
447
432
467
489
476
450
476
483
466
458
468
448
478
464
454
449
469
452
451
454
472
456
464
484
490
498
461
458
452
452
474
458
457
463
467
479
439
437
482
475
472
473
484
470
466
473
486
478
466
489
471
476
477
461
454
479
454
463
460
474
456
483
454
467
479
458
453
456
463
470
442
470
468
475
466
461
461
451
469
459
455
480
453
464
467
466
477
469
444
483
472
474
478
482
469
460
462
490
474
448
465
465
486
480
469
466
468
439
479
476
476
462
480
467
473
465
468
486
478
443
457
487
484
464
464
462
447
493
482
474
459
452
444
480
436
462
465
477
465
464
455
461
467
482
485
471
453
454
458
477
448
471
478
490
446
459
453
478
468
449
450
489
472
477
447
484
458
439
444
471
431
462
464
450
478
451
445
454
458
471
469
436
463
486
450
480
467
436
445
469
448
444
473
479
475
462
477
451
446
470
470
464
474
467
485
456
467
464
480
434
460
467
469
461
482
462
472
439
460
478
436
451
473
462
460
473
484
490
450
468
443
448
454
467
453
479
480
479
476
460
483
476
471
440
462
464
469
469
462
454
449
465
458
468
454
451
427
482
439
463
474
477
473
480
484
488
442
474
476
484
474
475
480
456
476
477
465
455
484
482
478
462
456
454
471
470
466
457
433
451
458
462
482
441
455
479
463
485
469
464
461
465
458
474
447
474
488
481
468
457
458
463
460
471
484
452
469
455
475
451
455
472
426
477
464
472
468
464
491
482
437
470
446
464
446
455
474
468
470
480
468
479
447
465
466
475
471
485
434
478
442
448
464
481
474
470
459
469
463
468
484
436
478
460
460
466
460
459
471
479
459
479
484
463
456
471
470
466
469
492
444
466
455
433
453
425
474
473
435
467
452
445
486
468
447
487
468
462
450
491
478
458
470
470
462
459
474
429
472
457
465
467
458
448
462
477
431
484
460
464
477
488
492
478
465
483
446
456
465
498
440
474
468
479
444
437
464
446
455
462
481
475
474
471
458
472
458
481
445
481
489
479
466
486
471
463
468
467
452
468
462
475
465
473
473
488
438
467
447
485
482
463
482
455
490
455
457
440
463
450
471
468
479
477
464
476
461
460
446
467
449
464
446
448
437
467
470
460
461
471
455
467
466
464
446
462
481
466
478
479
446
449
452
465
464
475
488
485
475
464
480
481
454
472
470
438
453
483
459
471
463
470
458
478
462
459
463
463
462
437
470
472
478
479
441
464
464
473
481
464
453
456
476
472
456
457
453
461
473
475
478
473
458
476
475
474
472
451
453
472
477
474
457
478
447
477
459
475
469
481
487
466
483
463
458
464
460
445
475
460
468
477
472
452
453
462
456
459
471
474
489
488
463
457
475
470
457
476
457
447
469
478
471
460
461
466
459
467
461
473
456
456
459
475
467
432
467
467
455
471
480
482
442
461
460
445
477
464
463
474
491
473
478
473
414
452
462
462
467
462
435
471
445
448
483
474
469
449
470
463
476
454
473
481
492
454
466
439
478
476
457
459
467
469
452
486
459
496
445
476
436
455
473
480
462
469
462
456
465
475
475
468
471
482
457
479
460
455
458
465
476
467
455
467
463
470
451
412
474
479
465
461
470
431
460
440
449
466
464
466
474
469
448
464
461
485
458
462
468
458
478
468
457
473
478
480
475
472
467
462
477
473
450
452
469
458
471
450
468
466
489
462
459
461
457
456
472
476
486
475
491
465
457
452
473
482
479
459
450
448
462
464
489
483
467
473
456
440
462
453
451
468
467
448
466
447
486
462
471
477
472
454
470
475
479
461
468
471
472
466
449
457
443
465
467
467
455
456
464
476
472
476
496
477
461
475
450
478
481
453
464
465
481
474
453
467
473
458
474
476
454
488
452
454
464
477
447
435
463
473
452
472
463
446
464
438
467
455
472
442
486
473
491
450
482
460
460
472
477
465
472
478
475
467
487
446
448
445
476
475
466
471
494
459
474
463
455
455
481
487
488
471
456
471
471
440
457
451
433
473
442
461
477
475
460
473
468
470
464
479
456
476
476
481
449
464
434
441
491
463
457
457
452
481
463
467
467
471
472
457
457
