487
495
472
470
469
497
492
487
493
499
484
476
489
477
496
485
475
490
466
488
484
502
475
482
501
490
498
491
510
488
482
471
483
495
491
482
503
492
484
485
483
503
496
476
479
483
475
494
475
478
479
488
483
476
488
493
492
491
501
492
488
478
498
493
489
480
467
470
497
499
495
484
468
489
478
482
483
489
477
494
453
495
489
496
475
494
478
495
493
478
492
484
499
478
493
496
482
493
492
483
475
485
481
475
463
499
478
485
474
476
484
495
485
507
480
487
491
483
499
502
479
483
495
492
469
476
479
496
495
479
498
486
488
491
492
488
481
486
499
481
484
500
497
488
476
494
496
495
486
491
487
475
493
487
490
485
478
489
478
485
477
483
473
493
480
470
491
498
489
488
487
463
500
492
481
488
488
492
467
497
468
487
478
494
484
500
489
488
493
475
497
482
487
460
489
481
491
493
498
488
487
476
495
491
494
488
474
467
495
487
484
473
471
491
490
492
481
483
488
475
476
500
489
490
499
486
493
493
502
492
494
478
474
489
489
491
499
467
485
475
487
487
465
486
467
459
461
490
471
489
483
491
484
480
480
482
468
477
489
486
487
486
473
470
491
479
494
485
465
484
499
491
485
484
498
472
480
492
493
486
487
499
493
496
491
488
475
476
492
489
492
482
475
490
471
496
490
501
475
495
479
482
492
496
497
472
467
493
494
493
489
489
470
502
488
495
473
484
483
485
481
481
498
473
469
494
499
495
469
481
492
488
463
475
486
482
485
484
486
499
473
486
486
486
477
493
464
479
499
496
489
492
489
493
494
491
478
489
489
477
472
474
491
498
478
479
468
491
490
497
491
496
488
484
490
487
480
483
479
476
482
483
471
486
489
480
488
466
495
489
495
500
482
505
464
482
462
488
492
476
481
480
482
491
495
494
474
487
494
480
494
485
483
488
500
478
491
483
473
494
486
496
472
474
493
477
486
475
493
482
494
488
474
478
496
473
499
483
494
487
486
484
489
488
471
478
497
494
488
478
487
491
483
495
488
501
493
476
491
495
492
482
453
474
475
464
478
496
471
485
478
486
493
491
483
476
496
478
499
492
476
478
472
480
502
492
484
485
472
487
500
484
475
494
478
492
480
470
485
494
471
500
489
495
491
501
505
494
496
481
495
486
498
485
472
482
452
481
484
498
484
475
484
484
488
499
486
475
491
492
483
486
483
488
494
466
467
482
488
484
486
475
474
501
492
497
470
504
478
484
492
473
499
496
493
500
493
470
491
482
488
489
479
490
489
485
484
479
474
470
479
502
477
479
494
495
484
491
481
501
496
499
477
474
480
481
499
484
483
479
484
472
489
482
479
480
476
486
486
462
479
472
479
474
488
485
470
484
485
483
489
483
501
494
488
481
501
492
467
470
488
495
493
495
474
483
476
489
485
502
483
473
480
479
482
486
486
488
480
466
477
488
495
490
483
490
483
481
475
484
496
475
489
491
479
485
481
500
480
481
499
485
489
483
489
486
487
492
489
495
489
474
483
494
494
495
485
497
490
471
472
486
484
480
479
487
482
494
491
492
485
467
479
493
496
480
489
483
487
485
479
489
486
468
486
473
479
491
486
486
481
480
498
484
494
493
482
487
478
492
487
488
478
489
498
499
500
486
460
478
493
485
490
481
494
489
487
495
487
486
496
484
481
477
482
488
492
477
486
501
484
482
499
482
474
494
463
488
495
488
473
475
502
487
499
468
472
483
467
493
475
483
491
478
496
497
479
481
492
498
474
482
485
488
502
491
489
492
481
494
477
485
484
489
494
490
466
494
479
489
489
480
485
487
487
495
491
488
476
489
484
491
494
499
475
501
506
491
493
488
489
490
479
483
492
480
500
462
468
481
475
496
486
500
480
490
495
489
479
484
479
490
478
486
486
472
486
481
481
492
472
493
495
477
485
485
504
490
486
501
488
488
485
491
489
494
483
484
486
481
493
481
493
488
493
492
489
501
497
478
492
486
499
485
493
489
491
484
481
486
494
494
495
469
473
496
494
495
487
475
487
477
483
481
463
496
489
485
477
500
479
492
485
483
487
474
481
481
463
489
480
473
493
505
492
496
490
499
493
484
474
497
494
487
487
492
495
493
483
490
492
486
487
482
476
483
475
496
493
482
488
494
484
488
473
486
486
483
484
484
464
462
496
493
469
476
484
493
498
479
473
480
491
479
489
506
490
474
492
483
503
496
473
496
488
468
481
486
467
475
482
479
481
484
480
489
487
476
494
480
