495
504
509
490
488
482
504
503
504
497
492
503
495
503
502
496
502
495
493
497
509
502
505
499
495
501
499
500
503
483
497
507
503
499
507
495
496
498
506
497
499
496
508
505
512
507
501
494
501
501
498
489
493
494
497
498
494
499
506
503
497
505
498
510
509
497
507
501
510
504
502
501
498
502
505
486
504
501
490
505
496
507
500
504
500
500
498
510
497
494
500
509
507
499
497
498
500
507
509
490
504
495
505
508
506
505
495
510
487
499
491
504
497
499
513
497
507
495
495
508
503
498
496
508
505
505
500
502
497
498
502
488
503
495
503
502
497
501
493
497
496
502
504
491
506
490
500
499
507
509
503
502
482
497
504
497
506
508
495
509
495
502
503
494
507
503
497
496
495
510
501
496
497
504
491
491
505
503
503
512
511
494
504
485
509
502
505
501
499
493
499
501
505
501
506
499
500
492
502
493
489
495
506
501
498
492
499
495
483
495
510
505
512
498
510
490
492
500
507
499
492
500
499
498
500
505
509
506
496
494
505
505
494
504
495
498
503
501
507
502
495
505
503
488
503
500
496
510
493
504
488
505
500
495
498
493
493
503
498
500
492
504
489
497
502
489
511
506
491
490
494
504
509
504
502
495
502
500
498
506
508
499
506
495
499
507
506
501
492
501
500
501
500
499
504
493
495
498
509
505
501
497
497
500
495
501
494
500
506
502
506
503
504
501
496
511
501
498
501
497
499
503
499
495
500
500
504
497
509
509
495
503
503
509
513
498
498
499
487
500
491
499
503
495
498
500
497
500
508
492
505
488
510
499
492
503
507
492
497
494
501
500
495
505
499
514
501
493
501
506
497
506
501
496
493
494
495
505
501
500
489
497
505
501
509
501
497
491
491
506
502
505
506
500
501
509
488
506
495
499
501
499
487
501
500
487
506
497
502
505
499
505
501
494
501
496
489
493
505
508
503
501
498
488
498
501
496
499
507
500
502
495
511
497
495
496
508
506
490
502
504
503
495
503
501
499
494
503
504
499
508
503
505
492
497
491
501
484
497
510
489
503
489
495
507
500
496
487
503
497
504
495
494
504
504
484
495
499
502
504
506
498
493
494
507
502
495
495
509
510
502
502
511
499
501
500
506
499
498
506
509
505
500
504
507
500
502
506
512
503
508
497
504
497
505
496
502
500
495
484
504
500
493
499
499
506
506
507
492
498
505
509
506
497
501
489
502
496
498
505
506
508
501
498
507
504
501
492
489
499
486
507
494
501
506
491
507
501
495
496
492
505
502
489
502
509
507
500
506
505
498
508
509
494
500
474
492
496
498
500
497
506
491
493
502
487
494
488
503
487
510
505
491
501
503
505
493
497
499
511
497
498
497
510
510
503
499
502
500
491
495
500
501
504
486
497
507
501
506
505
513
509
498
499
511
499
506
505
498
498
504
487
494
504
496
506
499
500
502
499
506
504
505
504
502
496
507
493
500
497
501
498
499
500
496
503
504
499
488
503
503
504
502
496
507
507
505
501
496
501
511
508
493
502
504
500
500
490
498
496
502
498
508
494
493
506
504
494
501
496
494
508
506
497
489
495
510
489
504
494
500
500
497
495
504
506
487
503
507
497
502
500
502
501
496
499
505
495
491
498
517
511
498
480
491
503
506
502
493
500
495
494
505
510
501
499
499
494
508
505
505
508
510
504
504
502
497
496
500
499
489
498
496
499
497
498
503
501
502
489
506
504
498
502
498
496
505
506
499
499
495
504
498
500
500
492
483
500
501
504
498
501
499
512
500
503
500
497
501
503
479
500
492
497
494
495
497
506
505
504
500
499
491
505
500
497
503
504
491
496
491
508
490
492
495
499
494
499
502
501
506
503
502
506
510
498
502
494
505
501
503
503
495
498
491
502
504
495
509
504
498
494
504
511
497
496
498
493
502
502
493
478
497
508
508
486
504
493
497
501
497
495
494
503
506
487
508
507
506
491
486
494
484
501
500
505
497
501
504
497
505
505
494
501
504
498
502
497
501
500
495
495
501
489
495
503
497
499
499
501
493
501
499
499
497
492
508
500
497
488
503
508
491
511
492
498
507
499
501
497
505
500
492
493
501
484
489
499
507
499
492
498
505
496
512
497
503
488
500
508
507
492
502
503
498
507
505
489
499
499
504
505
497
496
499
495
498
503
504
511
504
506
504
503
497
501
495
496
507
506
501
497
510
500
492
499
494
507
496
501
496
493
497
498
511
503
498
506
503
504
503
492
503
497
505
502
510
509
514
501
