518
524
522
519
523
524
528
520
522
524
514
521
522
521
517
524
522
522
523
523
523
519
519
521
518
519
517
515
516
519
521
526
516
520
521
522
521
520
524
520
518
519
522
523
521
519
523
522
521
523
516
523
526
521
520
523
523
524
522
521
519
523
518
525
521
522
527
522
515
521
519
523
520
522
523
519
524
522
516
520
527
526
521
521
520
522
517
523
520
523
522
523
524
520
518
521
524
526
521
519
519
523
521
523
518
519
520
518
516
525
525
522
530
522
521
521
521
522
519
528
518
519
520
519
522
528
520
524
523
517
521
525
519
521
516
519
517
514
517
526
525
522
519
521
518
522
524
523
526
521
522
519
522
524
518
524
524
523
525
525
523
516
520
524
521
520
524
518
518
517
523
517
519
522
523
520
517
516
517
524
523
526
521
516
525
521
525
519
522
518
526
514
513
524
521
522
524
525
517
521
528
521
521
527
525
516
520
515
520
522
523
523
523
527
525
527
522
521
520
520
521
515
521
523
513
519
519
519
518
521
521
521
517
517
521
525
524
522
519
521
523
523
519
521
523
523
526
521
521
520
524
524
524
523
522
519
521
523
525
519
523
520
523
518
517
526
523
519
525
524
520
523
520
522
519
521
524
520
519
527
523
516
525
521
520
517
522
524
528
518
521
518
524
518
521
527
523
518
522
525
521
516
527
521
521
526
522
520
522
524
521
519
526
527
522
523
521
518
522
521
521
523
521
526
519
524
519
518
522
523
517
521
515
523
525
518
522
519
526
520
525
523
522
522
525
519
522
520
520
517
527
523
521
520
521
517
522
525
521
519
516
521
517
523
522
520
522
522
518
521
524
522
521
525
525
522
520
523
523
522
523
519
524
525
523
524
522
519
525
520
521
518
523
517
522
518
518
526
523
521
523
518
525
522
524
521
525
519
518
521
516
522
524
521
525
521
517
522
517
521
520
516
527
520
524
525
525
524
520
519
518
518
518
522
520
519
517
520
521
525
525
522
521
521
514
526
520
526
521
517
524
519
519
522
522
526
522
523
528
522
519
518
519
519
521
525
521
522
520
521
526
526
523
521
516
524
517
518
523
521
522
516
521
522
516
525
519
521
522
520
521
524
523
521
522
527
520
521
523
526
517
521
520
523
523
521
521
519
521
525
522
522
521
525
520
526
521
522
521
516
521
520
521
525
522
519
520
522
520
520
521
522
519
519
518
519
529
516
516
520
521
523
526
526
526
523
524
521
521
521
518
529
519
527
517
522
523
518
519
517
518
526
526
519
527
522
517
520
519
518
526
518
525
520
522
519
523
521
520
525
524
519
521
523
524
524
519
516
522
521
519
522
516
522
527
518
518
523
521
519
523
524
524
526
526
525
517
522
524
520
522
520
522
519
523
520
521
519
526
531
519
518
525
526
524
525
517
522
521
516
526
519
524
525
519
525
517
519
523
520
521
522
524
521
522
521
520
517
522
524
526
521
519
519
525
516
523
525
524
521
522
523
521
523
524
525
522
525
522
524
522
518
521
517
524
521
520
519
520
522
527
522
522
520
520
521
521
521
526
523
520
520
521
522
524
522
524
523
525
523
521
523
522
516
517
521
518
518
524
520
521
521
516
520
523
524
521
518
516
522
517
523
523
520
523
522
523
519
523
523
520
524
523
524
517
520
518
521
520
524
519
521
523
525
516
521
521
524
522
525
524
523
518
517
515
524
527
520
519
518
523
528
521
517
519
521
527
521
520
521
525
521
527
523
527
524
523
523
519
517
521
522
514
520
524
520
526
515
518
525
520
522
523
524
525
520
525
520
524
520
521
520
519
524
524
522
521
522
520
520
520
523
522
515
522
518
525
519
524
524
522
522
522
520
522
522
518
521
522
523
520
519
521
519
517
518
517
513
519
519
519
523
525
524
522
520
525
521
518
522
523
521
523
519
520
513
516
521
518
520
521
522
518
527
521
519
525
523
523
523
523
520
521
514
521
528
524
527
525
520
518
528
527
524
518
519
524
519
523
522
521
524
520
520
522
521
518
521
526
518
520
518
523
525
521
520
523
520
526
520
522
519
522
522
525
526
520
527
522
521
521
525
524
525
518
522
517
520
528
519
520
522
519
524
519
524
516
528
522
527
524
521
523
523
520
525
527
526
520
521
520
518
523
519
526
525
520
522
524
521
525
524
522
523
526
525
520
525
521
517
523
519
522
525
523
524
522
523
521
523
525
523
526
512
527
517
521
521
521
525
521
521
519
521
517
527
516
521
525
522
