252
260
261
259
259
260
259
251
258
261
256
254
259
248
256
256
263
257
256
255
258
253
257
262
260
260
250
261
256
264
253
258
254
260
251
262
252
261
258
258
262
262
254
259
245
253
260
269
257
261
253
258
249
259
263
253
258
259
254
265
255
263
259
256
257
262
256
266
262
257
264
261
253
251
259
262
262
270
261
255
263
256
258
262
256
263
259
254
261
246
255
255
256
259
262
252
251
252
261
269
258
257
261
255
252
265
261
264
254
263
257
254
255
258
263
257
261
257
256
256
255
251
250
259
253
261
258
262
259
257
254
254
265
256
269
259
262
258
256
256
263
255
265
250
259
265
259
254
257
254
258
255
259
258
256
259
258
263
259
252
262
258
254
253
253
252
256
255
259
260
253
257
262
266
261
261
267
263
262
252
256
256
259
258
260
258
254
259
254
261
265
255
255
266
262
261
255
261
254
253
255
255
255
249
257
256
261
267
260
264
264
259
254
266
259
259
258
257
252
258
256
256
257
256
248
255
261
257
257
260
257
258
248
268
257
255
259
257
257
259
266
263
250
263
254
254
252
263
265
258
266
251
259
257
261
268
262
258
251
258
252
257
265
262
259
254
261
263
258
263
258
259
264
264
254
258
267
256
258
251
254
257
262
260
262
255
259
263
254
268
259
265
253
261
249
251
253
268
260
254
261
262
263
259
264
252
266
261
258
262
258
271
259
255
260
261
266
252
257
256
260
259
258
256
245
263
253
251
264
258
247
254
264
264
264
259
258
261
260
257
255
258
258
260
263
262
257
256
258
254
255
260
267
260
251
264
263
255
258
256
253
259
246
263
260
260
263
256
249
264
249
255
260
266
260
256
259
264
260
257
253
274
263
261
263
251
260
259
252
259
267
262
257
250
264
256
266
262
257
264
253
257
260
262
262
263
265
257
256
251
260
268
258
259
252
255
263
255
257
262
266
265
263
257
257
255
259
256
253
257
257
259
252
254
259
257
256
266
259
256
263
257
261
256
257
261
262
258
259
270
248
250
264
257
258
255
268
269
255
260
255
255
254
263
251
262
258
261
250
256
262
266
254
258
258
255
267
259
261
254
261
256
258
258
255
263
260
261
259
261
253
260
259
268
261
250
257
266
262
260
270
264
264
260
254
255
254
264
253
260
260
251
258
259
256
259
249
261
263
254
259
260
257
259
259
254
264
256
257
256
255
258
266
257
265
253
254
271
256
254
257
255
255
258
264
264
262
255
259
258
263
258
264
255
261
267
263
259
254
255
254
261
253
265
252
255
249
257
253
264
268
261
260
247
263
263
263
256
253
258
253
263
260
260
257
259
263
262
272
254
256
261
257
252
257
263
253
250
264
256
260
253
262
260
253
258
265
254
264
255
261
261
262
260
262
262
259
267
262
261
262
254
258
254
250
260
261
265
260
261
260
252
263
259
259
259
259
262
253
253
263
250
262
256
265
260
261
251
262
256
258
269
258
253
262
265
259
253
261
256
257
249
260
257
258
264
253
260
267
261
258
263
265
254
251
260
260
257
262
257
265
257
244
256
270
262
258
248
264
255
265
254
251
262
257
264
256
249
262
254
261
257
263
258
256
251
258
252
261
261
252
251
256
253
263
249
256
257
254
251
262
260
267
262
260
258
262
256
260
256
259
251
264
253
264
256
254
252
253
259
251
262
253
257
260
264
253
257
262
262
256
261
255
255
256
261
257
259
266
254
258
257
259
255
256
259
262
260
256
256
263
260
255
261
264
256
261
258
255
255
256
255
258
255
249
256
251
255
255
246
256
261
261
258
253
257
256
257
262
263
258
256
264
255
262
261
268
260
258
254
255
261
256
255
252
259
254
250
255
259
261
257
253
255
262
257
258
252
259
250
255
256
257
264
258
257
257
265
260
265
259
257
256
258
259
252
254
261
256
255
258
252
262
262
264
258
259
259
257
259
259
261
256
253
257
257
264
265
260
258
256
261
248
259
254
259
265
256
256
253
261
259
262
250
261
257
259
259
264
253
264
255
251
259
253
263
261
261
261
261
251
264
258
261
258
260
252
259
261
256
256
262
262
262
253
256
258
255
252
255
263
258
265
260
263
259
265
260
260
251
258
261
264
259
261
258
261
258
261
259
261
265
261
257
259
253
245
260
259
271
266
260
252
259
256
264
253
256
261
254
253
260
254
258
255
258
260
260
252
253
260
257
261
256
257
261
255
255
258
263
259
256
268
255
253
259
257
258
264
248
264
259
258
259
260
255
257
253
255
258
