267
267
262
264
263
257
269
262
270
263
265
268
269
273
270
270
268
261
272
261
266
258
271
260
259
269
262
262
256
265
261
267
265
262
263
268
264
264
265
259
266
265
260
263
261
260
264
262
261
262
260
268
263
267
259
264
262
257
263
261
265
263
259
268
266
259
264
261
261
266
265
254
268
263
260
267
262
255
266
258
264
267
261
269
266
262
258
262
262
262
268
266
255
265
272
262
266
262
267
262
262
265
264
268
265
267
266
258
263
270
267
266
263
262
267
263
263
268
256
263
261
267
263
255
264
263
264
263
266
265
259
266
260
270
267
270
270
260
266
268
265
269
260
262
261
261
263
258
253
266
255
262
256
265
265
266
260
268
258
265
267
262
268
263
260
263
262
259
265
266
264
269
268
268
266
258
265
260
261
265
256
265
267
267
264
259
264
264
259
266
267
261
263
265
256
259
268
262
264
263
263
259
254
266
264
263
273
274
266
267
265
265
262
269
268
265
266
266
267
265
261
257
266
265
262
265
266
264
273
272
263
270
262
261
262
264
276
266
259
268
267
261
267
260
259
262
266
268
269
265
260
265
260
270
258
268
259
267
263
269
259
262
269
259
263
261
268
270
262
261
264
261
263
265
259
267
268
273
266
263
268
261
262
261
264
267
267
263
258
266
275
270
266
262
264
265
267
259
268
264
267
258
257
263
264
271
263
265
268
268
263
266
266
265
271
267
262
257
258
266
253
263
265
265
260
264
268
262
266
263
263
261
264
266
262
259
271
259
268
265
268
271
257
267
262
266
268
260
268
267
267
259
265
258
266
279
264
271
262
266
259
260
263
262
264
263
262
261
267
265
257
268
267
266
271
264
269
263
266
261
262
266
271
264
272
267
264
259
273
260
260
274
263
258
263
262
266
262
263
264
262
266
263
259
264
262
267
260
265
266
266
270
255
259
261
259
258
265
262
260
263
265
272
254
264
262
269
268
259
262
260
270
257
265
260
267
268
262
262
271
262
266
257
268
267
261
262
265
271
257
265
267
264
258
264
267
265
255
262
271
264
274
263
262
266
260
271
260
266
260
265
265
262
266
270
263
269
266
262
254
266
261
271
263
267
262
253
256
258
260
256
261
265
265
270
265
266
265
267
266
269
269
264
265
262
262
257
263
268
256
270
262
258
255
266
273
259
263
263
272
265
257
262
262
263
269
259
263
259
259
268
259
269
261
260
267
267
269
271
266
259
262
255
273
262
268
264
265
267
270
268
259
268
258
267
258
263
263
267
261
265
264
253
260
265
270
259
260
268
267
259
259
259
260
263
263
264
264
269
268
254
265
267
269
270
265
262
259
258
269
266
264
267
259
262
261
256
268
265
267
268
266
257
265
262
261
270
267
259
258
264
256
259
261
263
264
264
261
267
264
265
262
269
263
263
267
260
265
258
269
269
267
261
269
270
261
258
268
262
265
260
263
261
270
271
271
263
265
271
265
260
260
254
265
262
270
253
260
262
263
262
266
266
263
265
260
263
260
262
257
264
270
269
267
258
265
259
264
268
268
264
260
261
266
266
267
264
266
268
271
265
264
259
261
263
266
270
259
271
259
268
262
265
261
256
269
264
265
271
253
263
261
268
265
265
269
272
260
264
257
263
261
268
259
259
258
267
273
272
262
267
262
264
263
252
263
270
260
263
266
260
264
267
270
267
260
271
265
261
268
262
264
256
255
271
264
270
263
269
262
267
261
267
270
264
255
258
263
256
267
269
263
268
264
268
274
261
259
264
254
259
265
270
255
259
261
261
257
252
260
263
261
269
268
264
255
273
261
263
265
268
255
268
257
260
265
268
260
266
262
258
259
261
265
262
258
262
268
268
268
263
260
268
263
268
264
261
259
264
255
272
267
269
264
264
269
261
261
260
256
268
267
263
264
261
263
262
260
263
261
267
264
259
266
261
265
262
257
268
259
261
263
260
266
275
260
266
268
267
266
264
256
266
266
262
267
260
265
260
268
269
268
265
271
261
264
267
263
267
266
259
267
271
262
257
267
261
261
255
261
272
254
262
263
266
273
265
265
264
267
262
265
266
261
264
260
264
262
260
259
263
264
270
268
264
269
257
266
261
262
267
263
266
265
269
264
259
263
268
264
267
265
254
259
263
266
258
265
267
259
273
262
260
269
266
256
272
260
267
259
273
261
269
261
269
264
271
263
268
261
266
265
264
266
263
260
263
268
260
266
267
268
272
260
261
258
264
263
253
266
260
264
263
268
261
252
257
264
268
273
