286
286
279
277
279
280
277
281
280
276
277
272
282
282
284
283
278
276
285
275
275
279
281
278
277
280
274
279
277
274
286
275
278
277
276
284
274
276
276
283
282
276
279
280
279
273
277
283
281
276
281
282
278
277
281
277
283
280
279
277
274
279
273
276
274
278
280
284
272
276
278
280
282
276
271
280
281
275
286
279
275
277
277
275
276
274
279
278
284
277
275
272
281
282
276
281
280
277
284
279
281
279
276
278
283
275
274
280
278
283
277
282
277
286
280
282
283
277
282
280
274
277
278
280
281
272
270
279
279
278
280
276
280
285
279
273
277
284
269
279
278
278
280
277
284
281
274
273
280
282
276
279
276
277
273
277
281
281
280
275
273
278
287
278
281
275
281
280
277
280
283
278
283
279
285
279
275
274
276
279
282
287
271
280
274
280
281
279
284
283
280
274
277
271
277
279
279
283
287
272
280
279
281
283
282
275
279
276
282
279
278
277
280
283
277
279
273
274
275
281
275
276
274
281
275
276
278
281
280
280
279
276
283
276
278
276
276
278
278
283
283
283
284
272
280
282
276
276
279
280
278
281
279
274
269
280
276
279
275
278
281
285
277
278
280
279
280
281
278
275
276
280
282
280
281
274
275
278
281
281
278
280
278
279
277
274
276
278
278
279
285
283
281
278
274
278
277
277
278
276
282
283
283
280
278
276
283
269
279
280
274
276
276
279
283
283
278
280
282
273
278
276
274
279
278
277
282
276
277
279
278
280
282
278
273
281
278
281
281
275
275
274
276
281
281
283
279
280
278
277
277
279
281
276
274
282
278
279
285
281
275
283
276
279
285
280
284
282
281
277
277
286
276
280
278
279
281
278
286
277
280
279
280
274
276
285
275
279
279
278
280
278
280
282
276
284
281
280
281
281
278
278
275
280
278
274
276
279
273
281
285
270
278
278
279
281
276
282
279
276
281
279
271
274
278
280
278
275
274
273
278
276
280
280
279
272
281
276
280
279
275
280
277
285
281
278
273
283
282
280
275
279
277
283
280
279
277
281
278
275
285
280
273
280
274
277
284
279
285
281
283
276
276
280
282
280
281
278
278
279
272
271
275
280
277
273
277
281
279
280
281
279
281
284
277
277
274
278
282
278
277
277
281
274
275
280
273
272
270
275
275
272
282
281
279
276
276
281
273
274
276
277
281
275
278
280
280
276
279
278
279
279
281
278
276
281
285
279
284
286
274
274
276
276
279
271
276
277
280
277
279
279
277
282
277
278
284
278
283
279
276
275
281
277
280
281
280
279
281
277
280
278
277
282
281
286
276
274
276
276
279
279
278
281
277
280
274
281
281
281
281
277
279
278
278
273
279
281
276
281
275
276
281
280
277
272
285
277
273
277
277
273
281
277
284
278
281
281
281
280
279
281
283
277
279
273
279
282
279
276
279
279
281
275
279
277
271
279
275
274
280
279
278
282
279
277
280
277
279
276
281
283
279
281
271
286
282
276
276
276
279
284
282
280
283
274
280
280
276
281
275
280
281
282
281
273
273
280
276
281
276
271
279
278
278
280
276
276
279
280
286
283
283
276
283
275
279
280
282
286
274
275
282
278
277
280
278
278
278
285
285
279
284
278
284
274
279
278
282
270
280
273
279
280
281
278
283
280
276
276
278
279
277
286
274
280
281
281
273
279
275
277
283
278
275
278
284
280
278
281
281
277
283
283
274
280
279
276
277
281
279
277
280
280
277
271
277
276
280
279
279
282
282
274
286
274
279
285
278
276
278
281
277
279
288
280
280
282
280
283
279
274
280
275
279
276
285
273
276
277
278
278
279
277
277
274
284
280
281
275
280
279
282
275
276
282
275
278
287
277
283
277
278
274
277
282
279
275
281
277
280
272
274
278
277
276
282
281
283
279
283
280
277
281
276
286
277
276
277
282
282
282
283
277
276
286
277
282
288
278
282
281
276
273
282
276
282
280
278
283
276
282
284
279
279
284
275
277
281
278
278
281
279
281
278
279
276
275
276
274
276
283
280
280
282
283
278
279
284
278
286
266
275
280
283
280
280
277
278
279
276
275
278
277
279
282
281
278
279
277
273
277
284
285
274
281
278
286
274
281
278
282
282
282
280
278
280
271
276
283
279
276
283
275
272
284
281
277
273
280
276
281
281
282
277
276
274
281
280
283
279
277
279
273
281
278
281
268
281
282
278
275
278
276
281
281
277
277
274
275
278
275
275
279
275
276
281
278
276
283
278
273
275
281
284
283
281
276
272
272
