258
259
254
261
265
258
251
258
267
264
269
265
257
260
261
263
259
257
261
260
261
254
261
259
255
260
265
266
262
253
268
250
261
259
255
255
263
264
256
264
268
259
259
263
263
253
261
256
261
261
257
260
247
254
258
265
260
266
266
264
257
256
261
255
261
253
260
265
259
264
265
258
256
254
255
270
257
253
259
258
263
255
263
260
259
267
260
261
260
260
263
263
259
260
260
260
263
256
263
260
262
261
257
258
269
257
265
261
264
260
262
261
254
261
259
260
262
259
265
258
265
259
257
261
265
260
260
264
263
256
263
259
260
269
254
253
263
270
253
255
260
260
262
258
263
257
260
258
269
259
262
263
266
259
270
247
266
260
261
267
251
257
263
263
265
265
258
262
268
260
263
264
270
256
253
260
274
259
257
260
253
263
260
264
254
260
262
266
255
259
260
268
258
262
265
257
262
265
262
275
258
258
264
257
262
265
256
264
258
262
254
256
264
259
263
257
260
265
255
259
259
255
259
264
265
261
265
267
265
268
264
261
244
265
257
267
263
252
262
257
257
262
266
261
265
261
261
260
248
261
262
266
269
261
256
261
258
265
263
266
259
262
258
262
261
252
267
274
264
261
259
257
261
267
259
256
259
263
262
261
256
268
263
264
264
261
263
254
259
257
260
262
256
257
263
254
268
258
267
261
266
266
260
262
266
260
270
262
260
265
261
260
256
267
259
261
262
258
255
256
259
266
262
263
257
260
258
264
250
267
267
259
269
261
260
263
260
260
264
268
252
264
249
255
261
252
265
251
258
259
263
270
255
267
266
266
262
260
267
259
260
254
253
261
272
262
258
259
261
267
262
267
260
258
266
255
254
259
255
260
261
253
260
255
255
271
254
269
255
259
262
262
260
252
268
258
250
256
257
258
252
268
258
261
263
258
258
254
265
254
254
258
265
255
263
266
263
265
255
260
268
261
259
261
261
262
265
262
265
262
254
263
261
254
258
262
259
259
262
266
256
269
261
257
261
253
263
259
257
263
267
251
258
257
265
260
264
266
254
261
265
263
262
269
260
267
261
257
266
268
257
255
258
253
269
262
252
257
261
260
268
258
257
267
257
264
256
260
261
259
255
250
263
259
250
264
264
268
267
259
269
261
264
258
257
255
261
257
254
265
259
262
260
261
257
255
262
252
264
260
259
255
259
257
267
267
259
264
261
258
259
261
254
260
265
260
258
251
258
252
258
257
267
267
259
266
259
262
256
262
265
262
262
256
263
254
260
262
256
265
257
270
250
263
263
265
265
260
264
254
270
261
263
264
263
261
250
258
255
264
259
259
263
262
255
251
262
266
260
262
248
269
255
261
259
262
249
255
265
253
262
263
265
260
259
265
256
266
254
259
257
265
260
260
265
269
256
264
260
271
250
259
256
268
262
260
256
259
259
258
257
258
260
257
259
267
257
266
251
272
263
263
256
265
262
265
262
261
266
256
255
265
258
261
257
265
257
260
263
262
264
268
260
257
261
260
260
264
264
257
260
264
259
260
265
260
256
264
260
259
249
263
266
264
257
261
262
265
261
266
264
261
256
262
268
254
252
262
259
253
254
268
259
259
251
259
258
268
260
268
265
261
258
260
255
262
257
263
256
258
259
254
254
264
260
258
261
261
263
261
256
259
261
267
252
258
263
249
258
260
263
259
262
266
260
259
264
259
258
258
264
263
255
262
260
264
259
262
265
261
258
253
257
263
265
261
255
264
260
260
260
270
253
260
267
268
266
252
263
253
266
260
266
266
258
264
265
258
263
256
262
261
252
255
257
268
266
253
251
262
263
261
259
260
264
262
267
265
261
262
256
261
261
260
268
256
260
260
255
254
256
263
258
259
251
266
266
257
253
258
260
268
258
263
259
263
266
264
259
256
264
269
257
263
266
261
262
263
257
254
268
258
261
257
257
263
261
265
264
259
260
256
258
261
258
260
267
260
260
264
262
258
262
261
265
252
272
258
263
259
257
263
254
260
253
264
262
258
265
266
266
260
264
264
259
254
271
252
261
260
264
261
265
259
253
261
258
257
251
253
247
260
267
257
259
260
265
258
260
261
262
260
261
256
253
258
259
264
257
258
261
266
265
262
266
259
251
258
260
266
265
257
268
255
268
263
269
258
255
259
258
258
260
254
259
261
266
265
257
251
257
260
260
263
262
259
259
255
259
255
264
263
260
256
256
251
256
253
265
261
259
261
265
268
251
262
258
265
259
266
252
261
262
267
253
255
257
261
257
260
