265
268
272
271
275
272
266
273
269
268
273
265
276
274
270
268
264
269
269
273
272
271
270
266
271
264
267
277
270
272
266
276
271
267
270
268
278
272
269
266
275
262
264
267
262
267
277
274
273
271
268
272
273
278
278
271
270
267
279
275
267
265
272
272
278
268
276
266
271
272
272
270
270
272
273
264
272
267
262
271
274
262
270
266
276
276
271
271
270
270
271
266
266
272
268
267
274
271
273
268
264
265
275
274
267
271
266
274
273
268
270
269
267
271
269
278
268
273
269
268
277
266
269
264
271
269
270
266
273
270
268
269
275
274
268
273
271
274
271
275
265
265
270
276
274
271
272
270
260
273
268
268
272
265
271
272
271
266
269
274
275
270
264
273
274
271
278
262
273
267
270
279
266
274
270
274
268
272
272
270
266
272
274
264
271
269
264
269
269
269
262
267
270
268
267
272
273
271
279
272
267
274
271
259
268
267
276
271
269
268
267
266
274
269
266
271
273
267
275
274
274
272
266
275
260
270
270
269
269
264
256
268
270
269
271
273
273
274
268
272
268
261
268
273
272
269
267
266
273
271
269
266
271
263
275
272
277
273
271
266
269
268
270
271
275
272
264
266
274
270
276
269
265
268
272
271
272
270
268
267
272
271
264
272
267
269
267
274
270
270
271
269
272
265
272
269
275
274
272
269
271
267
273
269
274
275
264
276
271
274
267
274
270
265
269
264
270
265
276
271
263
270
269
263
269
277
270
274
273
272
272
272
268
267
271
267
269
263
273
262
273
266
274
266
269
271
268
266
268
271
272
270
269
276
270
272
273
268
268
261
275
274
270
262
269
266
272
272
277
269
277
277
268
274
268
271
269
269
271
264
272
273
276
265
270
264
269
276
271
266
272
273
279
269
273
269
274
272
268
266
275
266
271
266
271
267
272
265
275
263
269
265
272
265
271
265
270
271
276
265
267
265
275
273
261
268
269
272
266
275
268
273
274
268
275
269
269
271
275
261
270
268
275
270
271
268
277
264
275
276
266
273
266
270
269
274
270
269
272
269
278
269
263
270
264
275
265
268
274
272
271
271
270
267
269
266
274
269
275
263
267
279
268
276
263
267
271
270
273
273
274
264
268
267
263
270
272
274
276
269
263
268
267
263
267
267
274
273
270
280
270
264
268
270
270
270
275
269
266
273
273
274
274
275
270
269
268
278
267
269
269
272
268
273
273
279
271
277
269
276
274
273
273
268
277
269
273
270
268
276
263
267
272
266
275
266
267
273
268
271
264
271
268
269
275
269
268
267
262
277
268
275
270
273
270
272
274
268
268
270
276
276
259
266
268
275
282
268
265
267
269
273
269
270
266
268
265
261
268
268
271
272
267
274
273
277
263
273
271
270
268
268
274
271
272
261
270
264
269
257
267
265
273
272
269
263
277
270
272
272
267
268
274
269
273
264
272
275
264
271
266
267
278
273
268
267
265
270
271
269
273
272
269
269
275
276
270
276
266
275
268
280
273
272
265
269
272
279
269
265
272
264
270
264
271
273
272
271
271
266
270
271
274
274
276
267
268
269
269
267
268
269
268
271
265
271
269
270
274
272
267
270
275
268
269
270
262
264
274
271
265
265
266
272
264
279
275
274
270
276
264
270
270
267
274
267
272
267
270
264
269
269
263
274
270
273
267
270
263
267
275
272
269
267
278
267
277
262
269
275
267
276
273
264
273
276
275
270
271
269
279
265
265
263
270
268
266
270
274
272
268
268
269
269
275
271
267
271
267
273
275
267
272
268
260
263
280
274
270
277
269
275
268
274
271
270
271
273
266
275
264
278
265
278
272
272
271
269
271
272
263
270
274
268
273
270
271
274
269
273
261
268
270
271
274
271
265
268
271
267
272
262
270
264
270
270
276
272
272
276
274
262
261
269
275
267
267
270
268
265
268
265
274
271
263
266
270
270
272
269
263
269
277
261
266
266
274
271
257
273
273
275
269
274
269
272
266
264
265
274
268
267
272
275
272
266
271
274
269
270
270
270
259
270
274
271
268
273
273
268
274
269
266
270
272
269
273
275
271
272
272
273
272
274
270
274
267
268
267
268
265
271
277
266
265
266
267
270
267
267
276
269
276
268
279
279
270
271
274
271
269
268
270
275
271
270
268
268
271
279
271
273
269
264
271
266
275
271
271
271
274
265
265
272
272
269
276
272
267
272
274
279
268
267
272
266
269
272
266
269
272
275
268
271
275
266
276
280
278
269
273
266
267
273
272
277
274
271
278
260
