0.280215978622
0.292387008667
0.269081830978
0.272816896439
0.278258085251
0.26931977272
0.265116930008
0.277158975601
0.289156913757
0.27111697197
0.267875909805
0.270905971527
0.276381969452
0.285927057266
0.278717041016
0.301387071609
0.280605792999
0.280153036118
0.26068520546
0.270362138748
0.260437965393
0.272707223892
0.278244972229
0.302263975143
0.299050092697
0.28204202652
0.299401044846
0.275309085846
0.279169082642
0.283746957779
0.276237010956
0.29941701889
0.282407999039
0.285999059677
0.282424926758
0.279444932938
0.261492013931
0.25843501091
0.281661987305
0.272448778152
0.27152299881
0.292895078659
0.273651123047
0.300422906876
0.289140939713
0.257340908051
0.260864973068
0.265705108643
0.278969049454
0.268607854843
0.276782989502
0.283936023712
0.273456811905
0.281356096268
0.274904966354
0.271566152573
0.299824953079
0.294471979141
0.264842033386
0.27149105072
0.274746894836
0.281698942184
0.264745950699
0.291844844818
0.27077794075
0.27738404274
0.266983032227
0.265724897385
0.267818212509
0.275640964508
0.265084028244
0.263562917709
0.26544380188
0.268393039703
0.270527839661
0.261824846268
0.279069900513
0.263448953629
0.278481960297
0.290153980255
0.273214101791
0.280766010284
0.289440870285
0.273348093033
0.267938137054
0.283003807068
0.292275190353
0.263226032257
0.295871019363
0.279620885849
0.271505832672
0.287280082703
0.273701906204
0.27242898941
0.278593063354
0.276059865952
0.271375179291
0.262211084366
0.257172107697
0.265039920807
0.275969028473
0.280936956406
0.277484893799
0.256618022919
0.281025886536
0.276642084122
0.281445026398
0.270384788513
0.268295049667
0.293691158295
0.283789873123
0.282164096832
0.267577171326
0.27356505394
0.281695127487
0.270098924637
0.289080142975
0.291850090027
0.272657871246
0.289041042328
0.283801078796
0.284044981003
0.287521839142
0.263418912888
0.279532909393
0.263369083405
0.274436950684
0.292204856873
0.26993393898
0.25812292099
0.275715112686
0.283004999161
0.278315067291
0.273509979248
0.269328117371
0.270728111267
0.270928144455
0.299326181412
0.286559104919
0.299327850342
0.280798196793
0.263541936874
0.294626951218
0.289786815643
0.273544073105
0.287865161896
0.269868850708
0.274856090546
0.285362958908
0.267352104187
0.270874023438
0.286078929901
0.276873826981
0.27276301384
0.266505002975
0.262193918228
0.267320871353
0.264560937881
0.255339860916
0.287297964096
0.297753095627
0.291120052338
0.293684005737
0.266008138657
0.275219917297
0.266971111298
0.268224000931
0.29675579071
0.303035020828
0.314593076706
0.291223049164
0.270402908325
0.275853157043
0.292387962341
0.273728132248
0.269608974457
0.278653144836
0.293473958969
0.271513938904
0.285963058472
0.260783910751
0.27241396904
0.277549028397
0.261115074158
0.283244848251
0.268202781677
0.257711172104
0.278741121292
0.264883041382
0.274210929871
0.267184019089
0.277000188828
0.271175861359
0.268996953964
0.282417058945
0.281223058701
0.28640294075
0.289052963257
0.287972211838
0.282225847244
0.289355039597
0.295560121536
0.290735960007
0.295727968216
0.284296989441
0.284703969955
0.28103685379
0.275484085083
0.28166103363
0.273426055908
0.2613530159
0.268294095993
0.261322975159
0.279582977295
0.273646116257
0.2870221138
0.265163183212
0.273045778275
0.272580862045
0.272516965866
0.292521953583
0.265045881271
0.258189916611
0.303017139435
0.283210039139
0.271042108536
0.276320934296
0.291527032852
0.299243927002
0.285301923752
0.288093805313
0.276701927185
0.27640581131
0.27273607254
0.301316976547
0.276365995407
0.291747093201
0.266288995743
0.277951002121
0.269398927689
0.279044866562
0.274579048157
0.282577037811
0.267506122589
0.278974056244
0.28083896637
0.265892028809
0.261729001999
0.274068117142
0.270419836044
0.262262105942
0.289993047714
0.277930021286
0.270726919174
0.27223777771
0.288889884949
0.265190124512
0.26938700676
0.288584947586
0.282768011093
0.281260967255
0.294428110123
0.295575857162
0.277536153793
0.270998954773
0.281561851501
0.265407085419
0.268151044846
0.286162853241
0.280837059021
0.2682929039
0.265781879425
0.266418933868
0.272753953934
0.260006904602
0.267417192459
0.279088973999
0.255817890167
0.292520999908
0.270467042923
0.299149990082
0.273960113525
0.289494037628
0.27924489975
0.276933908463
0.270174026489
0.271479129791
0.277857065201
0.273625850677
0.279457807541
0.285452127457
0.270961046219
0.273504018784
0.276317834854
0.292155981064
0.274562120438
0.272242069244
0.277649879456
0.273322105408
0.28520488739
0.267147064209
0.262993812561
0.266859769821
0.28256893158
0.276597976685
0.266690969467
0.399855852127
0.283190965652
0.256828069687
0.27854013443
0.284389019012
0.279351949692
0.279330015182
0.263658046722
0.280072927475
0.270175933838
0.278460025787
0.277174949646
0.277901887894
0.281162023544
0.275287151337
0.275194883347
0.281919956207
0.263200998306
0.269143104553
0.276337146759
0.283882141113
0.26370215416
0.265817165375
0.28563284874
0.270307064056
0.268797874451
0.277838945389
0.268783807755
0.270425796509
0.282892942429
0.276166915894
0.284811019897
0.271080970764
0.288084983826
0.285332202911
0.307372093201
0.274765968323
0.288384199142
0.273567914963
0.300099134445
0.270380973816
0.271608114243
0.289922952652
0.280917882919
0.298377990723
0.279969930649
0.272980928421
0.268725156784
0.265957117081
0.280897855759
0.266402006149
0.262507915497
0.266669034958
0.287379026413
0.265840053558
0.286206007004
0.274137020111
0.2584400177
0.262660980225
0.266613006592
0.254256010056
0.269784927368
0.282643079758
0.277013063431
0.285072088242
0.273036003113
0.301096916199
0.269472837448
0.283185958862
0.272896051407
0.270727872849
0.288175106049
0.284749031067
0.298608064651
0.295254945755
0.276662111282
0.26068687439
0.267039060593
0.259234905243
0.278985023499
0.276955842972
0.262614965439
0.273615121841
0.267821788788
0.314177036285
0.272680997849
0.257468938828
0.272925853729
0.288980007172
0.27437210083
0.289166927338
0.264488935471
0.273631095886
0.282788038254
0.286455869675
0.291093826294
0.279704809189
0.280489206314
0.27883887291
0.282803058624
0.270164012909
0.278244972229
0.275130987167
0.292065143585
0.278383970261
0.271857023239
0.279963970184
0.271463871002
0.276556968689
0.271508932114
0.26325917244
0.288758039474
0.284044027328
0.272416114807
0.277755022049
0.268156051636
0.266024112701
0.262778043747
0.267867088318
0.283249139786
0.295199155807
0.293152809143
0.275691986084
0.292639970779
0.299203157425
0.276525020599
0.278846979141
0.306553125381
0.271051168442
0.275938034058
0.297008037567
0.300616025925
0.282013893127
0.273783922195
0.270452976227
0.274249792099
0.279134988785
0.272354125977
0.279242992401
0.266946077347
0.276335954666
0.279561042786
0.280502080917
0.269546031952
0.279300928116
0.262709140778
0.27690410614
0.271137952805
0.274174928665
0.269289970398
0.273092985153
0.274657011032
0.270901203156
0.271762132645
0.279462099075
0.275812864304
0.293509960175
0.278136014938
0.276057004929
0.271843910217
0.28259396553
0.293364048004
0.267441987991
0.274711847305
0.268779039383
0.261528968811
0.258545160294
0.264003038406
0.273499965668
0.258585929871
0.264459133148
0.271556138992
0.275934934616
0.288431882858
0.269263029099
0.268007040024
0.264631986618
0.29243516922
0.272068977356
0.28125
0.280961990356
0.299437999725
0.286357879639
0.274391174316
0.280539035797
0.294190883636
0.270586013794
0.272050857544
0.284543037415
0.269268035889
0.265134096146
0.273678064346
0.258749961853
0.260680913925
0.269057035446
0.273376941681
0.267371892929
0.272804021835
0.281067848206
0.277585029602
0.267632961273
0.256850004196
0.268833875656
0.273497104645
0.268994092941
0.256885051727
0.27733707428
0.302552938461
0.280685901642
0.277954101562
0.273553133011
0.288991928101
0.284223079681
0.305222988129
0.278349161148
0.274712085724
0.279867887497
0.282634019852
0.277114868164
0.300718069077
0.283915996552
0.269041061401
0.272237062454
0.2684071064
0.278131008148
0.273766994476
0.285725831985
0.285161018372
0.281254053116
0.304414987564
0.267354011536
0.306335926056
0.276317119598
0.279855012894
0.26935505867
0.285581111908
0.308607816696
0.307038068771
0.277493953705
0.286116123199
0.27275800705
0.286071062088
0.277282953262
0.269335985184
0.273220062256
0.274398088455
0.280089855194
0.297626018524
0.28199005127
0.266262054443
0.265467882156
0.274688005447
0.263756990433
0.273391008377
0.262293100357
0.260358095169
0.274199008942
0.288993120193
0.27436208725
0.259920835495
0.282631874084
0.253218889236
0.25306892395
0.263959169388
0.268545866013
0.275239944458
0.292065858841
0.276787996292
0.269804000854
0.275141000748
0.283231019974
0.286852836609
0.278208971024
0.282342910767
0.285017967224
0.274677991867
0.294695138931
0.278894901276
0.275317907333
0.26771402359
0.271891117096
0.273010969162
0.306849002838
0.274019002914
0.258091926575
0.267168045044
0.271759033203
0.276613950729
0.265460014343
0.267640113831
0.262508153915
0.276583909988
0.266534090042
0.285361051559
0.271560907364
0.275303840637
0.311826944351
0.280144929886
0.273252010345
0.285880804062
0.28798699379
0.280616998672
0.287805080414
0.295446157455
0.290080070496
0.289051055908
0.279263973236
0.264081001282
0.276664972305
0.278793811798
0.269093990326
0.265957832336
0.264069080353
0.28262090683
0.263828039169
0.27605009079
0.264186143875
0.267125844955
0.268360137939
0.290796041489
0.283476829529
0.287760972977
0.282386064529
0.289571046829
0.277933120728
0.266767024994
0.278486967087
0.296620130539
0.277168989182
0.282401800156
0.277498006821
0.276365995407
0.274580955505
0.303611040115
0.283453941345
0.270075082779
0.257930994034
0.259330034256
0.267719984055
0.265547037125
0.290146827698
0.276098966599
0.261350870132
0.272566080093
0.256832838058
0.281523942947
0.26554107666
0.270488977432
0.270874977112
0.273472070694
0.269683122635
0.307432889938
0.288295030594
0.294000148773
0.27937412262
0.301943063736
0.284718990326
0.305233955383
0.287065029144
0.277662992477
0.270889997482
0.284862995148
0.291224002838
0.288573980331
0.267821073532
0.258147954941
0.27917599678
0.276913881302
0.267927885056
0.289716959
0.283098936081
0.265753984451
0.284934043884
0.265954017639
0.279101848602
0.270083189011
0.271107912064
0.254184961319
0.245537996292
0.253213882446
0.253429889679
0.274005889893
0.280246019363
0.276662111282
0.277709960938
0.298799037933
0.303595066071
0.282660961151
0.271954059601
0.271893978119
0.27438211441
0.278604030609
0.275731801987
0.266674041748
0.290001869202
0.271562814713
0.26949095726
0.272234916687
0.274919986725
0.264556884766
0.263380050659
0.260061979294
0.264657020569
0.277745008469
0.279871940613
0.293101787567
0.267884969711
0.273303031921
0.26996588707
0.270726919174
0.278012990952
0.280825138092
0.285979986191
0.283015012741
0.303086042404
0.282503128052
0.263768196106
0.280563116074
0.293777942657
0.285915851593
0.278450012207
0.309383153915
0.269623994827
0.259640932083
0.277590036392
0.272971868515
0.273149967194
0.282979011536
0.265664815903
0.286479949951
0.270952939987
0.269898891449
0.27229809761
0.268354892731
0.261636972427
0.268744945526
0.262797117233
0.284991025925
0.298830986023
0.279891967773
0.270197868347
0.295677185059
0.288624048233
0.281759977341
0.28772687912
0.275459051132
0.277392864227
0.294624090195
0.265641927719
0.28289604187
0.27668595314
0.286687850952
0.301126003265
0.298034906387
0.303297042847
0.313737869263
0.30027794838
0.301215171814
0.289582967758
0.294888973236
0.30157494545
0.294345855713
0.314589977264
0.31104183197
0.297204017639
0.287669181824
0.279946088791
0.294069051743
0.307206869125
0.291496038437
0.297741889954
0.291110992432
0.283977985382
0.292148113251
0.294652938843
0.274589061737
0.298635005951
0.282271146774
0.292214870453
0.27289390564
0.27623796463
0.268692970276
0.291972875595
0.311151981354
0.284116983414
0.28165602684
0.277029037476
0.272628068924
0.277228832245
0.299292087555
0.29970407486
0.276718854904
0.307480096817
0.297305822372
0.271828889847
0.269723176956
0.294275045395
0.279288053513
0.271372079849
0.271589994431
0.273364067078
0.263481140137
0.283869028091
0.254899978638
0.262823104858
0.273297071457
0.272888898849
0.293458938599
0.273967981339
0.288906097412
0.281121969223
0.278313159943
0.282841920853
0.267573833466
0.282610177994
0.295315980911
0.289777994156
0.298022985458
0.278650045395
0.288823127747
0.287578105927
0.275032997131
0.285002946854
0.270770788193
0.270154953003
0.263713121414
0.282408952713
0.263126850128
0.273907899857
0.279388904572
0.272125005722
0.295567035675
0.27607011795
0.267191886902
0.261856079102
0.276925086975
0.274797201157
0.284898042679
0.274952888489
0.305467844009
0.285660028458
0.27866601944
0.286071062088
0.284583806992
0.293936014175
0.279981136322
0.279036045074
0.29555606842
0.280258893967
0.278347015381
0.276523828506
0.279700994492
0.266028881073
0.276611089706
0.275203943253
0.27189707756
0.272928953171
0.272778987885
0.271433115005
0.271028995514
0.296152114868
0.258678913116
0.28387093544
0.25861287117
0.278653144836
0.281120061874
0.285924911499
0.281886100769
0.281311035156
0.285082101822
0.287045955658
0.275012969971
0.270551919937
0.286506175995
0.281862974167
0.279042959213
0.275743961334
0.294960021973
0.28119802475
0.254762887955
0.276728868484
0.269281864166
0.274151802063
0.261071920395
0.276281833649
0.265927791595
0.263094186783
0.269211053848
0.280136108398
0.275081157684
0.279265880585
0.264767885208
0.266858100891
0.302953958511
0.275820970535
0.263772010803
0.284235954285
0.280605077744
0.279736042023
0.268620014191
0.288248062134
0.271692991257
0.287521839142
0.306257963181
0.298510074615
0.27768778801
0.279891967773
0.268962860107
0.28378200531
0.274811983109
0.270947933197
0.270129919052
0.264613866806
0.279471158981
0.282378911972
0.293745040894
0.267605781555
0.266394138336
0.305529117584
0.283715009689
0.258662939072
0.265727996826
0.277684926987
0.290235042572
0.290864944458
0.308485031128
0.283275127411
0.276481866837
0.28387093544
0.290973186493
0.270761966705
0.273698091507
0.273617982864
0.30067896843
0.284618139267
0.295295953751
0.276005029678
0.305347919464
0.258832931519
0.267915964127
0.285252094269
0.275763034821
0.284736871719
0.260405063629
0.28501200676
0.273916006088
0.261590957642
0.274524927139
0.280298948288
0.269807100296
0.26873087883
0.281352996826
0.298229932785
0.283410072327
0.275798797607
0.275305986404
0.284010887146
0.27321100235
0.268853187561
0.268386125565
0.277124881744
0.278879880905
0.293673038483
0.279806852341
0.278254985809
0.259121179581
0.269181013107
0.275595903397
0.303233861923
0.284565925598
0.269300937653
0.267661094666
0.281225204468
0.267912864685
0.277246952057
0.275036096573
0.288764953613
0.278797149658
0.26966714859
0.285268068314
0.280261993408
0.29433298111
0.280935049057
0.268834114075
0.270290851593
0.286350011826
0.286291122437
0.266539096832
0.284827947617
0.27551317215
0.285148859024
0.282482147217
0.28927397728
0.264539957047
