0.274616956711
0.278390169144
0.286389827728
0.311418056488
0.282119989395
0.279448986053
0.273952960968
0.293564796448
0.275324821472
0.288855075836
0.265208005905
0.297165870667
0.285046100616
0.272875070572
0.28764295578
0.305693864822
0.307151079178
0.312191009521
0.290091991425
0.295221090317
0.293825149536
0.286424875259
0.305797100067
0.276893854141
0.286879062653
0.289180040359
0.269052028656
0.302572965622
0.293147087097
0.30832195282
0.323261022568
0.307312965393
0.306710958481
0.290990114212
0.333432912827
0.341800928116
0.309626102448
0.304243087769
0.316767930984
0.291742086411
0.286888122559
0.331146001816
0.293511867523
0.283034086227
0.286154031754
0.290982961655
0.317837953568
0.325663805008
0.299875974655
0.302873849869
0.319530963898
0.297379970551
0.285753965378
0.29128408432
0.29412817955
0.275393009186
0.287162065506
0.291532993317
0.278702020645
0.302315950394
0.300318002701
0.305916786194
0.285982847214
0.295600891113
0.282683849335
0.278697967529
0.292899847031
0.301204919815
0.293109178543
0.272542953491
0.287081956863
0.265074014664
0.285326004028
0.312609195709
0.314941883087
0.281620979309
0.284569978714
0.292882919312
0.292148113251
0.261854887009
0.28486084938
0.288945913315
0.311717033386
0.291762113571
0.304430007935
0.280217170715
0.284674882889
0.296569108963
0.299077987671
0.32218503952
0.302442073822
0.308928012848
0.275201797485
0.313053846359
0.274864912033
0.281658887863
0.266863107681
0.281350851059
0.26717209816
0.297354221344
0.275060892105
0.273372888565
0.297419786453
0.279201030731
0.283545017242
0.294221162796
0.293802022934
0.290979146957
0.283665895462
0.288261890411
0.291754961014
0.295359134674
0.297629833221
0.2855219841
0.304350137711
0.278960227966
0.290592908859
0.282049179077
0.318399190903
0.32258105278
0.299805879593
0.30010509491
0.322447776794
0.283113956451
0.291352987289
0.288093805313
0.272300004959
0.274732112885
0.273641824722
0.275778055191
0.277855873108
0.286607027054
0.275067090988
0.272696971893
0.278036117554
0.279433965683
0.318315029144
0.293600082397
0.310357093811
0.288646936417
0.301013946533
0.300359010696
0.313834905624
0.279052972794
0.303604841232
0.316831111908
0.298199892044
0.304687976837
0.321275949478
0.286469936371
0.299196958542
0.291232824326
0.268950939178
0.323214054108
0.270197868347
0.269111156464
0.276381969452
0.28551197052
0.273060083389
0.277781009674
0.277693033218
0.282160997391
0.280591964722
0.256407976151
0.307080984116
0.291842937469
0.314153909683
0.277321100235
0.285840988159
0.310787916183
0.31201505661
0.305140972137
0.321568012238
0.304783821106
0.288029909134
0.285917043686
0.304224014282
0.271801948547
0.288722991943
0.288722991943
0.287453889847
0.30158996582
0.307619094849
0.292232990265
0.327549934387
0.270121097565
0.304883003235
0.291846990585
0.309111118317
0.290384054184
0.260277032852
0.283662080765
0.298839092255
0.279140949249
0.304770946503
0.318145036697
0.288693904877
0.306009054184
0.281996965408
0.301689863205
0.332031965256
0.300761938095
0.285439968109
0.302008152008
0.304237127304
0.275604963303
0.272536039352
0.282944917679
0.270124912262
0.29185795784
0.290205001831
0.28698682785
0.277709007263
0.285638809204
0.281460046768
0.285665988922
0.282246112823
0.294981956482
0.283555030823
0.291141033173
0.287911891937
0.266721963882
0.278362035751
0.297950029373
0.272070169449
0.307718992233
0.310573101044
0.30500292778
0.292983055115
0.299631118774
0.293529033661
0.29918885231
0.320823907852
0.265104055405
0.291612148285
0.282118082047
0.283400058746
0.286029100418
0.284051895142
0.289819955826
0.275504827499
0.275611877441
0.268692016602
0.307013034821
0.280131101608
0.288670063019
0.28268289566
0.285254955292
0.296752929688
0.32519698143
0.276877880096
0.304764986038
0.314940929413
0.286710977554
0.295564889908
0.295861959457
0.298454046249
0.313958883286
0.301469087601
0.299186944962
0.307163000107
0.305123806
0.311948060989
0.289135932922
0.284477949142
0.297889947891
0.303180217743
0.295428991318
0.301096916199
0.297716856003
0.293025970459
0.279823064804
0.298941135406
0.281076908112
0.321079969406
0.287540912628
0.288119077682
0.319796800613
0.300827980042
0.314314126968
0.303496837616
0.298808097839
0.291707038879
0.312136173248
0.338588953018
0.297014951706
0.288746118546
0.274528980255
0.293646812439
0.288583040237
0.299841880798
0.277329921722
0.264207839966
0.288394927979
0.31600189209
0.283315896988
0.285359859467
0.287445068359
0.294098854065
0.271831035614
0.302000045776
0.288769006729
0.284911870956
0.295682907104
0.298691034317
0.282086133957
0.336930990219
0.292860031128
0.278687000275
0.299398899078
0.286627054214
0.28607416153
0.295761108398
0.29910492897
0.293792963028
0.272718906403
0.286996126175
0.284463167191
0.281223773956
0.340249061584
0.299508094788
0.285043001175
0.288496017456
0.32666683197
0.288281202316
0.280091047287
0.311825037003
0.293067932129
0.278975963593
0.304203033447
0.290158987045
0.285686016083
0.298029184341
0.302083969116
0.308010101318
0.313019990921
0.294954061508
0.307343006134
0.323303937912
0.306049108505
0.298779964447
0.321079015732
0.323542118073
0.328413963318
0.309260129929
0.321532964706
0.321532011032
0.334797143936
0.355951070786
0.319128036499
0.317960977554
0.306886911392
0.33629989624
0.309062957764
0.326545000076
0.326300144196
0.287773132324
0.311728000641
0.293581008911
0.295777082443
0.319556951523
0.309242010117
0.32776594162
0.313002109528
0.306777000427
0.300544023514
0.286378860474
0.306644916534
0.2773001194
0.291335821152
0.295197963715
0.324398994446
0.29065990448
0.314246892929
0.300425052643
0.277202129364
0.278959989548
0.295778036118
0.29752612114
0.292139053345
0.293121099472
0.271993875504
0.305927991867
0.291790962219
0.265058040619
0.284450054169
0.269289016724
0.29353094101
0.309890985489
0.282691001892
0.28671002388
0.299316167831
0.277107954025
0.291632175446
0.279931783676
0.317501068115
0.289611816406
0.303427934647
0.295605897903
0.3236348629
0.292042016983
0.307724952698
0.300196170807
0.304126977921
0.300977945328
0.309412956238
0.301618099213
0.265707015991
0.277127981186
0.27762389183
0.286479949951
0.263207912445
0.301829814911
0.285166978836
0.265630960464
0.30433011055
0.269811868668
0.275058984756
0.278696060181
0.271157979965
0.289391994476
0.296637058258
0.287436962128
0.298001050949
0.297170877457
0.299809932709
0.290066957474
0.307548999786
0.300662994385
0.306198120117
0.309128046036
0.32515501976
0.314260959625
0.310930013657
0.296188831329
0.298556089401
0.281751871109
0.321084976196
0.284729957581
0.311891078949
0.274647951126
0.29061794281
0.289652109146
0.264111995697
0.301767110825
0.276459932327
0.281090974808
0.287276029587
0.295845985413
0.291188001633
0.281456947327
0.297027826309
0.294736862183
0.302198171616
0.294700860977
0.287117958069
0.271659851074
0.321366786957
0.282919883728
0.291043043137
0.292126893997
0.311502218246
0.307275056839
0.324643135071
0.275041103363
0.288414955139
0.292531967163
0.27751994133
0.282680988312
0.302903175354
0.275132894516
0.30345082283
0.2827231884
0.298320770264
0.29415512085
0.294806003571
0.311980009079
0.276584148407
0.303969860077
0.289584875107
0.289161920547
0.323925018311
0.27601981163
0.286087036133
0.292376041412
0.296862125397
0.300648927689
0.306115150452
0.292484045029
0.28889298439
0.270970821381
0.272833108902
0.283263921738
0.293161869049
0.281130075455
0.299607038498
0.278784036636
0.285123825073
0.283046960831
0.280487060547
0.286339044571
0.272483110428
0.282725811005
0.278580904007
0.290437936783
0.282124996185
0.318943023682
0.287467002869
0.281502008438
0.291136026382
0.3185069561
0.289386987686
0.286796092987
0.308607816696
0.277647018433
0.308348894119
0.288474082947
0.278090000153
0.301618814468
0.280035018921
0.309521198273
0.262227058411
0.29597902298
0.276668071747
0.271679162979
0.281100988388
0.287186145782
0.27296090126
0.259201049805
0.271029949188
0.294836044312
0.303424835205
0.312349081039
0.281054019928
0.285228967667
0.302752017975
0.295527935028
0.302407026291
0.285508871078
0.30911397934
0.2969789505
0.300179004669
0.317756175995
0.280673980713
0.306566953659
0.314905881882
0.318511009216
0.26824092865
0.294404983521
0.294028997421
0.276191949844
0.313179016113
0.283411979675
0.283948898315
0.270392894745
0.272469997406
0.270237922668
0.27826499939
0.300981044769
0.303531885147
0.290747880936
0.285534143448
0.288996934891
0.294517040253
0.297338008881
0.295078992844
0.318202018738
0.3160841465
0.282303094864
0.290317058563
0.30067896843
0.289275884628
0.276382923126
0.301609992981
0.317026138306
0.288537025452
0.266223192215
0.283615112305
0.289871931076
0.286290884018
0.279709100723
0.29864192009
0.293334007263
0.285508871078
0.276943922043
0.280124902725
0.287238836288
0.305315971375
0.291161060333
0.300088882446
0.282120943069
0.285207986832
0.287822008133
0.288084983826
0.292562007904
0.291182041168
0.321307897568
0.313992023468
0.322617053986
0.298002958298
0.274397134781
0.284059047699
0.286242961884
0.289064884186
0.28045296669
0.290304899216
0.30392408371
0.293832778931
0.289421081543
0.278054952621
0.273689985275
0.319302082062
0.321788072586
0.323678016663
0.289533138275
0.335680961609
0.286854028702
0.297785997391
0.322005987167
0.292407989502
0.328006029129
0.28729891777
0.277671098709
0.298609972
0.309945821762
0.291783809662
0.29977107048
0.285953998566
0.282795190811
0.291676044464
0.275763034821
0.292644023895
0.312182188034
0.294306993484
0.265874862671
0.286457061768
0.299612045288
0.277960777283
0.308917045593
0.290577888489
0.315778017044
0.290683031082
0.294873952866
0.313554048538
0.302242994308
0.312384843826
0.333242893219
0.283958911896
0.303789138794
0.301004886627
0.311251163483
0.278214931488
0.290720939636
0.270228862762
0.29347205162
0.282289028168
0.295754909515
0.307191848755
0.305564165115
0.306151866913
0.305274009705
0.294057130814
0.302632808685
0.292932033539
0.270749092102
0.292742013931
0.274276018143
0.273470878601
0.295485973358
0.309422016144
0.310456991196
0.291589021683
0.326071977615
0.28223991394
0.296121120453
0.314560890198
0.298343896866
0.282056093216
0.299755096436
0.307234048843
0.317996025085
0.319427013397
0.318279027939
0.297964811325
0.324674129486
0.35400891304
0.321704149246
0.334725141525
0.329455852509
0.313386917114
0.313771009445
0.334844112396
0.314378976822
0.323194980621
0.29433298111
0.290894031525
0.325067043304
0.287872076035
0.303505897522
0.310350894928
0.325783014297
0.308924198151
0.30748295784
0.311619997025
0.305143117905
0.310082197189
0.305721998215
0.274022102356
0.300361156464
0.291791915894
0.29136300087
0.302044868469
0.273869991302
0.306924819946
0.284106016159
0.287053108215
0.294026136398
0.287976026535
0.281975984573
0.285813093185
0.274616956711
0.266404867172
0.291155099869
0.284822940826
0.297621011734
0.296362876892
0.290419101715
0.294401168823
0.290494918823
0.27701997757
0.279083967209
0.286727905273
0.294054985046
0.274314880371
0.283548116684
0.28192615509
0.300341129303
0.304795980453
0.299203872681
0.288107872009
0.279433012009
0.305027008057
0.317739963531
0.279723882675
0.309091091156
0.296788930893
0.320291996002
0.317840099335
0.340088129044
0.308266878128
0.319103956223
0.293709039688
0.331362009048
0.312771081924
0.305375099182
0.311365127563
0.311439037323
0.30366897583
0.324836015701
0.296643018723
0.2927339077
0.31049323082
0.319472789764
0.3044090271
0.303871154785
0.330679893494
0.285866975784
0.359107017517
0.307818889618
0.294353961945
0.306212902069
0.3073990345
0.313961982727
0.299669027328
0.304430961609
0.29240489006
0.299221992493
0.285536050797
0.292927980423
0.292206048965
0.288004875183
0.28254199028
0.307695865631
0.314793109894
0.295970201492
0.288639068604
0.292870998383
0.299562931061
0.302170991898
0.309247970581
0.286618947983
0.295327186584
0.319246053696
0.284095048904
0.285000085831
0.301386117935
0.286099910736
0.293324947357
0.29105091095
0.301552057266
0.276231050491
0.285331964493
0.288100004196
0.302829027176
0.285213947296
0.320502996445
0.313594102859
0.286226987839
0.328620910645
0.297554016113
0.292403936386
0.280081033707
0.27286195755
0.2696788311
0.289057970047
0.302072048187
0.313545942307
0.289207935333
0.265229225159
0.283267021179
0.282171964645
0.293344974518
0.276627063751
0.266214847565
0.26790189743
0.285435914993
0.272149085999
0.314144134521
0.299612998962
0.287060022354
0.302571058273
0.323817014694
0.29648399353
0.327704191208
0.282246828079
0.278182029724
0.284105062485
0.298696041107
0.281978130341
0.273088932037
0.287430047989
0.27316403389
0.300028085709
0.286550045013
0.292792081833
0.282823085785
0.296731948853
0.286780834198
0.290354967117
0.284813165665
0.278323888779
0.294135093689
0.294589042664
0.268090009689
0.278771877289
0.306465864182
0.296708106995
0.277101993561
0.284404039383
0.302356958389
0.322269916534
0.335639953613
0.294934988022
0.288391113281
0.324279069901
0.280696153641
0.286302089691
0.28283405304
0.304033994675
0.326555967331
0.320935964584
0.362720012665
0.336740016937
0.322078943253
0.32405591011
0.32461309433
0.324336051941
0.309901952744
0.308269023895
0.316695928574
0.322958946228
0.294502019882
0.31160902977
0.305678129196
0.305159091949
0.30117893219
0.306730985641
0.317095994949
0.297605037689
0.302889108658
0.311057090759
0.309931993484
0.329441070557
0.31374502182
0.290158987045
0.30314207077
0.28693318367
0.329608917236
0.315660953522
0.305335998535
0.276047945023
0.303900003433
0.273555040359
0.273664951324
0.299290895462
0.285490989685
0.278638124466
0.28879904747
0.312077045441
0.309647083282
0.289164066315
0.296306848526
0.291002988815
0.320817947388
0.291874885559
0.294570922852
0.30756020546
0.283951997757
0.282830953598
0.318401098251
0.27795290947
0.288635969162
0.295078039169
0.301167964935
0.288478851318
0.312705039978
0.302260160446
0.304507017136
0.285664081573
0.296368122101
0.305328130722
0.309468984604
0.296283960342
0.302042007446
0.319787025452
0.317392110825
0.313637018204
0.318718910217
0.315361976624
0.343889951706
0.329778194427
0.306756973267
0.303642034531
0.327725887299
0.301959037781
0.33175611496
0.338758945465
0.315382003784
0.284499883652
0.299532175064
0.330895900726
0.303586959839
0.323575019836
0.298142910004
0.294074058533
0.311278104782
0.305571079254
0.297426939011
0.286370038986
0.288156986237
0.307511091232
0.304764986038
0.295685052872
0.29819893837
0.31100487709
0.285788059235
0.291211843491
0.29093003273
0.311256170273
0.289158821106
0.322392940521
0.296318054199
0.301783800125
0.268966197968
0.267333030701
0.305150032043
0.275576114655
0.280441045761
0.278783082962
0.279920101166
0.300337076187
0.328975200653
0.278599977493
0.281579017639
0.311576128006
0.283824920654
0.293379068375
0.289443016052
0.294316053391
0.287582874298
0.324957132339
0.285132169724
0.272847175598
0.299031019211
0.301753997803
0.300889015198
0.297674894333
0.281675815582
0.291655063629
0.296469211578
