0.615985870361
0.608150005341
0.624722003937
0.614753007889
0.621816158295
0.630854129791
0.620458126068
0.611922025681
0.613367080688
0.609824895859
0.625770807266
0.618040084839
0.609130859375
0.618010044098
0.6222178936
0.614751815796
0.62184214592
0.611523866653
0.617973804474
0.612088918686
0.624732971191
0.618957996368
0.612468957901
0.615242004395
0.611237049103
0.620421886444
0.625498056412
0.608222007751
0.616075992584
0.671888828278
0.614399909973
0.618793964386
0.618240118027
0.629312992096
0.615941047668
0.608975887299
0.617949008942
0.616684913635
0.61973285675
0.620506048203
0.616158008575
0.604665994644
0.622476816177
0.618119001389
0.619260072708
0.618367910385
0.627012968063
0.614581823349
0.617667198181
0.620739936829
0.619570016861
0.625115871429
0.61918091774
0.621566057205
0.617525100708
0.61927318573
0.621434926987
0.621592998505
0.628116846085
0.606986999512
0.619014978409
0.60831284523
0.61411190033
0.615746974945
0.615735054016
0.621024131775
0.614669084549
0.608870029449
0.611425876617
0.610421895981
0.617424964905
0.615462064743
0.617085933685
0.616611003876
0.619398117065
0.607450008392
0.619517803192
0.621846914291
0.625490188599
0.610028982162
0.622670888901
0.630008935928
0.616405963898
0.609184980392
0.617651939392
0.620470046997
0.62090587616
0.603724956512
0.616214990616
0.618171930313
0.628777980804
0.614373922348
0.609375
0.619678020477
0.617827177048
0.621257066727
0.615508079529
0.624394893646
0.611743927002
0.618931055069
0.603950023651
0.611939907074
0.622014045715
0.627579927444
0.614253997803
0.615003108978
0.609070062637
0.610523939133
0.618530035019
0.620110988617
0.621948957443
0.616425037384
0.611782073975
0.618512868881
0.623290061951
0.620536088943
0.624629020691
0.619086027145
0.606793165207
0.611573934555
0.62332201004
0.611262083054
0.614113807678
0.616846084595
0.615664958954
0.616423845291
0.613321781158
0.618516921997
0.625128984451
0.609904050827
0.610824108124
0.627254962921
0.619635820389
0.618304014206
0.619266986847
0.604574203491
0.626260042191
0.613404035568
0.615153074265
0.618423938751
0.637106895447
0.62958407402
0.619041204453
0.625909090042
0.62317109108
0.622487783432
0.620104074478
0.607060909271
0.614346981049
0.617402076721
0.617034912109
0.61855006218
0.610521793365
0.618340015411
0.610918998718
0.618207931519
0.614219903946
0.614603996277
0.620366096497
0.611726045609
0.699357032776
0.617604970932
0.620009899139
0.616935968399
0.621803045273
0.601799964905
0.62332701683
0.61119389534
0.624042034149
0.620583057404
0.615607023239
0.617653131485
0.61870098114
0.619132041931
0.615983009338
0.612111091614
0.60943198204
0.611277103424
0.629378080368
0.619995832443
0.614817142487
0.615442037582
0.622703075409
0.618767023087
0.61780500412
0.614419937134
0.612780094147
0.619321107864
0.622125148773
0.616113901138
0.613169908524
0.624087810516
0.627725839615
0.629261016846
0.617620944977
0.614995002747
0.630076885223
0.606644868851
0.617246866226
0.620095968246
0.613276004791
0.620813131332
0.619782924652
0.613008975983
0.608850955963
0.609819889069
0.617962121964
0.610347032547
0.61998295784
0.617439985275
0.621978998184
0.619659900665
0.614627838135
0.621169805527
0.620167970657
0.61668586731
0.615372180939
0.619897842407
0.618296146393
0.609136104584
0.600880861282
0.609007120132
0.611382007599
0.620239973068
0.612100124359
0.611854076385
0.616503953934
0.609416007996
0.610680103302
0.621209144592
0.61008310318
0.621145963669
0.616756916046
0.609405994415
0.615869998932
0.607904911041
0.604398965836
0.617672920227
0.607501983643
0.621454954147
0.606420040131
0.625464916229
0.615432977676
0.623361825943
0.618702173233
0.612526893616
0.624058961868
0.615278959274
0.610730886459
0.62077498436
0.607164144516
0.607604980469
0.614344120026
0.623473167419
0.625209093094
0.621551036835
0.626358985901
0.618775129318
0.605971097946
0.618947029114
0.618540048599
0.619796037674
0.612396001816
0.615211963654
0.622856140137
0.615928888321
0.628477096558
0.617392063141
0.617700099945
0.610577106476
0.62436914444
0.614877939224
0.611338853836
0.613035917282
0.611512899399
0.610086917877
0.620670080185
0.614979982376
0.62379193306
0.617572784424
0.613826990128
0.603215932846
0.609790086746
0.612446784973
0.623836040497
0.615604162216
0.607897996902
0.610657930374
0.614748001099
0.617006063461
0.609848022461
0.618805170059
0.6216340065
0.618704080582
0.611145973206
0.61278796196
0.612092018127
0.617899894714
0.6110060215
0.612658977509
0.619270086288
0.615281820297
0.616047859192
0.614181041718
0.615967035294
0.609886884689
0.616899967194
0.614691972733
0.611647844315
0.606625795364
0.614667892456
0.617954015732
0.619465112686
0.623367786407
0.627295970917
0.617713928223
0.614747047424
0.612597942352
0.618898153305
0.62544298172
0.616007089615
0.627958059311
0.62138915062
0.615320920944
0.621803045273
0.607023000717
0.615140914917
0.60773897171
0.620536088943
0.616035938263
0.617233037949
0.61325097084
0.613013982773
0.61328291893
0.621610164642
0.608239173889
0.621615886688
0.60734295845
0.615631103516
0.617270946503
0.614809036255
0.616669178009
0.608439207077
0.609485864639
0.617409944534
0.613888025284
0.623651027679
0.610694169998
0.612741947174
0.618450880051
0.614100933075
0.61595582962
0.625585794449
0.610312223434
0.612087965012
0.614325046539
0.619186878204
0.617922067642
0.614739179611
0.621175050735
0.61958193779
0.614276885986
0.615890026093
0.609839916229
0.608549833298
0.612231969833
0.620574951172
0.617926120758
0.609399795532
0.606866121292
0.60474395752
0.611373901367
0.612929105759
0.611889123917
0.613286972046
0.607917070389
0.623789072037
0.622396945953
0.617511034012
0.612455844879
0.614495038986
0.610080957413
0.622434139252
0.612268924713
0.613798141479
0.619019031525
0.613476037979
0.622750997543
0.620697975159
0.614234924316
0.608584165573
0.620693922043
0.613789081573
0.618663072586
0.613430023193
0.615332841873
0.616179943085
0.621541023254
0.61613202095
0.62504196167
0.617276906967
0.604644060135
0.612993001938
0.621788978577
0.621319055557
0.618810176849
0.626134872437
0.614638805389
0.616104841232
0.61491394043
0.620645999908
0.61302113533
0.615062952042
0.625661849976
0.612592935562
0.618715047836
0.61642408371
0.621577978134
0.621592998505
0.620847940445
0.608996152878
0.615942955017
0.620164871216
0.61089015007
0.606750965118
0.62112903595
0.61848783493
0.611625909805
0.613978147507
0.613417863846
0.614580869675
0.61162686348
0.617870092392
0.610327005386
0.615650892258
0.609857082367
0.607529878616
0.610256195068
0.617634057999
0.607372999191
0.611670970917
0.618386983871
0.622611999512
0.614965200424
0.608393907547
0.611499786377
0.605408191681
0.609671115875
0.620091915131
0.629594802856
0.612925052643
0.614108085632
0.619919061661
0.612194061279
0.621158123016
0.613232851028
0.61399102211
0.610151052475
0.613986968994
0.612407922745
0.61270904541
0.615597009659
0.623074054718
0.610870838165
0.622901916504
0.623620033264
0.612467050552
0.620182037354
0.613219976425
0.608790874481
0.623694181442
0.618422985077
0.607208967209
0.616753101349
0.603070020676
0.621109008789
0.616690158844
0.626979112625
0.618444919586
0.612530946732
0.616325139999
0.619971990585
0.613919019699
0.622102975845
0.61642408371
0.620630979538
0.611655950546
0.614570140839
0.6212849617
0.612146854401
0.624867916107
0.624171972275
0.620913982391
0.610366106033
0.622937202454
0.61705994606
0.615755796432
0.606473922729
0.618659973145
0.619145870209
0.617100954056
0.619002103806
0.611886024475
0.606324911118
0.616071939468
0.62744808197
0.622313022614
0.604892015457
0.614849090576
0.609150886536
0.620104789734
0.614690065384
0.621068954468
0.612534046173
0.611066102982
0.601510047913
0.625811100006
0.615540027618
0.620851993561
0.611147165298
0.619512081146
0.618997097015
0.623523950577
0.616672992706
0.611649036407
0.606788873672
0.619624853134
0.618764877319
0.605641841888
0.618300199509
0.607953071594
0.611304998398
0.61362195015
0.627404928207
0.617995023727
0.614109039307
0.630149126053
0.61857509613
0.618434906006
0.620339870453
0.617636919022
0.620249032974
0.616368055344
0.610018014908
0.621724843979
0.61622595787
0.605027914047
0.612808942795
0.617184877396
0.617092847824
0.622210025787
0.60483789444
0.613474845886
0.691597938538
0.621571063995
0.611482143402
0.615391016006
0.622710943222
0.612670898438
0.614193916321
0.619354009628
0.61593413353
0.613519191742
0.615176916122
0.624354839325
0.616296052933
0.614098072052
0.630518198013
0.612473964691
0.616093158722
0.624333143234
0.615756988525
0.622457027435
0.623579025269
0.609536886215
0.615232944489
0.623267173767
0.607093095779
0.608478069305
0.616096973419
0.626226902008
0.627322912216
0.628865003586
0.611389875412
0.625718832016
0.615683078766
0.612538099289
0.612329006195
0.625720977783
0.613009929657
0.608366012573
0.620666027069
0.608591794968
0.623394012451
0.617653131485
0.623152017593
0.615720033646
0.608476877213
0.621014118195
0.61713719368
0.614130973816
0.614588975906
0.617962837219
0.612228870392
0.608538150787
0.618386030197
0.621716022491
0.619053125381
0.618541955948
0.600218057632
0.613136053085
0.625742912292
0.612744092941
0.613063097
0.615446090698
0.613027095795
0.610430002213
0.624830007553
0.619318962097
0.606338024139
0.614253044128
0.60888004303
0.622637033463
0.606362104416
0.615341901779
0.622022151947
0.613160848618
0.615387916565
0.619445085526
0.608206987381
0.613963842392
0.626868963242
0.609141111374
0.60743689537
0.617770910263
0.609568834305
0.620759010315
0.617257118225
0.613694906235
0.616985797882
0.63024187088
0.611897945404
0.611624002457
0.610335111618
0.624619960785
0.6154961586
0.62008690834
0.622930049896
0.614133834839
0.608911037445
0.613758087158
0.620871067047
0.617729187012
0.608752965927
0.613265991211
0.613766908646
0.626059055328
0.62121796608
0.617952823639
0.608260154724
0.615796089172
0.617336034775
0.61101102829
0.621099948883
0.618920087814
0.605598926544
0.624074935913
0.602026939392
0.619735002518
0.6175968647
0.617168188095
0.620194911957
0.619640111923
0.614644050598
0.611545085907
0.617434024811
0.623737096786
0.615262985229
0.607501029968
0.612542867661
0.616318941116
0.598294973373
0.617413043976
0.615145921707
0.613219976425
0.606420993805
0.608100891113
0.624310016632
0.617349147797
0.616837978363
0.624053001404
0.6174659729
0.620496988297
0.604182958603
0.611968994141
0.608184814453
0.61107301712
0.605316162109
0.616830825806
0.609512090683
0.612575054169
0.616053104401
0.613025903702
0.603937864304
0.618748903275
0.617702960968
0.610163927078
0.613295078278
0.613171100616
0.619165182114
0.608996152878
0.610800027847
0.611721992493
0.620006799698
0.616409063339
0.616033792496
0.617660045624
0.614011049271
0.616879224777
0.613746166229
0.601835012436
0.62095284462
0.615224838257
0.610060930252
0.613951921463
0.608264923096
0.617933034897
0.602599859238
0.608361005783
0.62519288063
0.599054813385
0.613028049469
0.611115932465
0.61393404007
0.619174003601
0.606849908829
0.617140054703
0.613041162491
0.615782022476
0.624048948288
0.619010925293
0.617107152939
0.623559951782
0.616879940033
0.615178108215
0.608934879303
0.617536067963
0.613770008087
0.615438938141
0.610328197479
0.606552124023
0.615563869476
0.608183860779
0.617485046387
0.606913089752
0.607487916946
0.619750022888
0.62220287323
0.613893032074
0.625511884689
0.60408115387
0.628421068192
0.616394042969
0.614657878876
0.609831094742
0.619307041168
0.615355014801
0.613128900528
0.622776031494
0.611689090729
0.609435081482
0.614174127579
0.618604898453
0.627321004868
0.622592926025
0.620413064957
0.62469792366
0.619657993317
0.599885940552
0.618098974228
0.61268901825
0.614745855331
0.61824798584
0.619700193405
0.618815898895
0.619674921036
0.617889165878
0.611664056778
0.616183996201
0.629682779312
0.628993034363
0.623977184296
0.623846054077
0.62490105629
0.608748912811
0.622756958008
0.618837118149
0.619704008102
0.622709035873
0.618613004684
0.625432014465
0.620680093765
0.616807937622
0.610719203949
0.618680000305
0.618500947952
0.627241134644
0.610081911087
0.615803003311
0.613266944885
0.61455488205
0.615719079971
0.608137130737
0.609486818314
0.617653846741
0.615420103073
0.62694811821
0.623986005783
0.620688915253
0.689444065094
0.621375799179
0.625684976578
0.614774942398
0.614757061005
0.614789962769
0.612804889679
0.612498044968
0.611329078674
0.624001026154
0.622998952866
0.619292020798
0.607774019241
0.613257884979
0.607774019241
0.612375020981
0.610255002975
0.611536026001
0.613908052444
0.618045091629
0.612559080124
0.611320972443
0.611824989319
0.617392063141
0.619180202484
0.622489929199
0.612284183502
0.615394830704
0.622259140015
0.618290901184
0.623202085495
0.62627196312
0.61425113678
0.61186504364
0.613509178162
0.627464056015
0.618396997452
0.616588830948
0.612705945969
0.60804104805
0.604298830032
0.612770080566
0.61717915535
0.613533973694
0.61737704277
0.616555929184
0.61062002182
0.604750156403
0.609853982925
0.602625131607
0.616714954376
0.614979982376
0.615727186203
0.621023178101
0.609514951706
0.617152929306
0.61963891983
0.615336894989
0.615849018097
0.618389129639
0.614208936691
0.61437702179
0.600347995758
0.615436077118
0.61471414566
0.619978904724
0.621254205704
0.61702299118
0.609689950943
0.616454839706
0.616573810577
0.615973949432
0.608165025711
0.613305091858
0.613439798355
0.611363172531
0.608520030975
0.620634794235
0.612237930298
0.616415023804
0.611322879791
0.609127044678
0.607842922211
0.610692024231
0.618819952011
0.605907917023
0.617965221405
0.609054803848
0.614956140518
0.625519037247
0.614844799042
0.609113931656
0.610929965973
0.612375974655
0.613881111145
0.609700918198
0.609482049942
0.61895608902
0.619207859039
0.615611076355
0.617439031601
0.613476991653
0.616689920425
0.620576143265
0.610195875168
0.613935947418
0.621378898621
0.62371301651
0.615854978561
0.618846893311
0.617929935455
0.627485990524
0.619886159897
0.610371828079
0.612035989761
0.621778964996
0.617234945297
0.620260000229
0.616544008255
0.625963926315
0.61337518692
0.618339061737
0.610280036926
0.608756065369
0.617116928101
0.618010997772
0.619692087173
0.61078286171
0.613049030304
0.611510038376
0.612946987152
0.61515879631
0.617056846619
0.611577987671
0.610221862793
0.626034021378
0.608920097351
0.611279964447
0.621659040451
0.612577915192
0.616320133209
0.623547077179
0.633208990097
0.615327119827
0.621698141098
0.603812932968
0.611423015594
0.614437818527
0.612388134003
0.613401889801
0.613713026047
0.626523017883
0.61852312088
0.61625790596
0.612478971481
0.619548082352
0.616346120834
0.61952996254
0.609781980515
0.613456010818
0.614166021347
0.617610931396
0.625389099121
0.626701116562
0.621128082275
0.614354133606
0.618464946747
0.614630937576
0.61119389534
0.619046926498
0.615123033524
0.613389968872
0.618516921997
0.614070892334
0.614638090134
0.613487005234
0.619129896164
0.614049911499
0.606115818024
0.628731012344
0.616838932037
