0.595463991165
0.60343503952
0.596817016602
0.592083930969
0.589851140976
0.590717077255
0.589611053467
0.606215953827
0.602787971497
0.594454050064
0.596333026886
0.593408107758
0.595506906509
0.594837903976
0.609586954117
0.614735126495
0.604150056839
0.595835924149
0.60484790802
0.596127986908
0.603950977325
0.598519086838
0.59411406517
0.598937988281
0.592678785324
0.597285985947
0.602741956711
0.596775054932
0.589258909225
0.591346979141
0.593564987183
0.596212863922
0.59468793869
0.5935587883
0.589641094208
0.589183092117
0.588942050934
0.597301006317
0.594964027405
0.593214988708
0.597321033478
0.59517621994
0.601312875748
0.598338127136
0.604979038239
0.619542837143
0.616362094879
0.594774961472
0.595436096191
0.591912031174
0.595272064209
0.626423835754
0.606225967407
0.599657058716
0.60825920105
0.594727993011
0.607001066208
0.605982065201
0.609307050705
0.606975793839
0.601952075958
0.608211994171
0.604130983353
0.600978851318
0.596220016479
0.613263130188
0.60697221756
0.604886054993
0.607487916946
0.689725875854
0.685693025589
0.691864013672
0.704884052277
0.700808048248
0.690823078156
0.685837030411
0.675091981888
0.672178030014
0.667335987091
0.665148019791
0.65619301796
0.646417140961
0.644820928574
0.641391038895
0.639719963074
0.647547960281
0.640238046646
0.621804952621
0.628746986389
0.637643098831
0.642606019974
0.642065048218
0.640481948853
0.624253988266
0.614502906799
0.616194963455
0.622601985931
0.618512153625
0.665757894516
0.6349401474
0.640688180923
0.643659114838
0.644207954407
0.645714998245
0.632009029388
0.645982027054
0.643522977829
0.619667053223
0.626610994339
0.619299888611
0.622116088867
0.621036052704
0.636476039886
0.639383792877
0.631640911102
0.64040184021
0.645099878311
0.644413948059
0.634356975555
0.615529060364
0.626044034958
0.621068000793
0.618856191635
0.698385953903
0.619379997253
0.651551008224
0.671083927155
0.64196896553
0.64876294136
0.648605108261
0.646875143051
0.620363950729
0.618443965912
0.629976034164
0.634173870087
0.629083871841
0.609397172928
0.621715784073
0.640664100647
0.637897968292
0.644035100937
0.645737886429
0.656939029694
0.638767004013
0.639453172684
0.629582166672
0.622318029404
0.616465091705
0.620261907578
0.61648106575
0.650464057922
0.638580799103
0.639401912689
0.644951105118
0.644361019135
0.649120807648
0.62833404541
0.619490861893
0.637127876282
0.628847122192
0.620622873306
0.62456703186
0.640547037125
0.649935007095
0.652521133423
0.650072097778
0.643624067307
0.640009880066
0.645210981369
0.620414018631
0.623607158661
0.617379903793
0.613987922668
0.619905948639
0.626641988754
0.642287015915
0.646667957306
0.651553869247
0.664288043976
0.644329786301
0.647532939911
0.630760908127
0.62881398201
0.636292934418
0.62757897377
0.635002851486
0.631572008133
0.629483938217
0.648730993271
0.629919052124
0.652812004089
0.639727830887
0.640908956528
0.643408060074
0.625248908997
0.61242890358
0.613955974579
0.622354030609
0.62228512764
0.635128974915
0.635272026062
0.639626979828
0.657201051712
0.638306856155
0.640988826752
0.634723901749
0.631542921066
0.614063024521
0.636422157288
0.622581005096
0.617681026459
0.619965076447
0.628118991852
0.640100955963
0.647319078445
0.642660856247
0.649738073349
0.652425050735
0.676486968994
0.633941888809
0.619530916214
0.621293067932
0.617356061935
0.623147010803
0.625501871109
0.627837896347
0.637998819351
0.655483961105
0.657220840454
0.654196023941
0.641253948212
0.640569925308
0.621833086014
0.62938785553
0.623193979263
0.616192102432
0.622891187668
0.619368076324
0.647437095642
0.641134023666
0.655996084213
0.64163517952
0.640639066696
0.651622056961
0.632101774216
0.619288921356
0.617363929749
0.607233047485
0.620842933655
0.618950128555
0.626819849014
0.638851881027
0.632453918457
0.633145809174
0.637278079987
0.6374168396
0.641898870468
0.642132043839
0.624176979065
0.614818096161
0.624809026718
0.624444007874
0.617480993271
0.62886095047
0.636647939682
0.645689964294
0.643675088882
0.638514995575
0.64346909523
0.640893936157
0.687978982925
0.68631696701
0.692942142487
0.698436975479
0.706852912903
0.692873954773
0.670511007309
0.663935184479
0.67439699173
0.665731906891
0.65922498703
0.656149148941
0.633728027344
0.634608030319
0.651215076447
0.651211023331
0.647315979004
0.657582998276
0.618114948273
0.618057012558
0.631117105484
0.632619142532
0.622982025146
0.625149011612
0.629727840424
0.662885904312
0.643713951111
0.639870882034
0.634483098984
0.641647100449
0.635981082916
0.615653038025
0.622143030167
0.621495008469
0.619166135788
0.621866941452
0.628266096115
0.639714002609
0.646781921387
0.6476790905
0.63981795311
0.637538909912
0.636851072311
0.681034088135
0.684690952301
0.688822031021
0.690472841263
0.69681096077
0.683657884598
0.656708955765
0.66864991188
0.664407968521
0.676088094711
0.655818939209
0.666265010834
0.63378405571
0.63928103447
0.651020050049
0.657535791397
0.644981861115
0.642223119736
0.612257003784
0.618170976639
0.624827861786
0.614728927612
0.634970903397
0.631052017212
0.626991033554
0.63952589035
0.643373012543
0.661736965179
0.640996932983
0.625308036804
0.752308130264
0.703525781631
0.694257974625
0.693652153015
0.697204113007
0.703953027725
0.673782110214
0.665845870972
0.664251089096
0.667412996292
0.666411161423
0.663619995117
0.647836923599
0.634203910828
0.644195079803
0.647923946381
0.63973903656
0.649035930634
0.634948968887
0.617733001709
0.623523950577
0.622313976288
0.61434006691
0.615919113159
0.622805118561
0.640244960785
0.661520957947
0.634938955307
0.641075849533
0.643256902695
0.658338069916
0.669614076614
0.701217889786
0.694457054138
0.693696975708
0.707082033157
0.695188999176
0.671945095062
0.666338920593
0.656207084656
0.67144203186
0.669149160385
0.666115999222
0.644812822342
0.643542051315
0.655053853989
0.646946191788
0.644674062729
0.645967960358
0.672665119171
0.667564153671
0.667992115021
0.670104026794
0.661969900131
0.675158023834
0.655705928802
0.642861127853
0.67567896843
0.644326925278
0.642180919647
0.636904001236
0.657083034515
0.670985937119
0.660129785538
0.672302961349
0.659750938416
0.668261051178
0.656507015228
0.65838599205
0.634188890457
0.640707015991
0.641762018204
0.638287067413
0.638633012772
0.624202013016
0.627781867981
0.626425981522
0.622803211212
0.63890504837
0.619264125824
0.644307851791
0.66592502594
0.690084934235
0.779801130295
0.679229974747
0.690138101578
0.662381887436
0.706880092621
0.728938102722
0.700119972229
0.764346837997
0.666178941727
0.653352975845
0.686173915863
0.669139862061
0.688062906265
0.675230979919
0.624104976654
0.633917093277
0.627295017242
0.633685112
0.624997138977
0.692100048065
0.650846004486
0.639941215515
0.650349855423
0.637902975082
0.654594182968
0.646718978882
0.647560119629
0.691869020462
0.707638978958
0.695629119873
0.701542139053
0.706868171692
0.691955089569
0.660889148712
0.692548036575
0.676841974258
0.665150880814
0.676086902618
0.65575003624
0.641977787018
0.80637216568
0.663850069046
0.633759975433
0.648803949356
0.633733987808
0.618456125259
0.615399837494
0.619677066803
0.621822834015
0.613934993744
0.614305019379
0.636051893234
0.670091152191
0.727959871292
0.639456033707
0.640246152878
0.640003919601
0.68164396286
0.687174081802
0.686321973801
0.682755947113
0.684310913086
0.69301199913
0.6747610569
0.673108100891
0.665364980698
0.670558214188
0.66268491745
0.676314115524
0.646641969681
0.652179956436
0.648498058319
0.651913881302
0.649116039276
0.639103889465
0.610835075378
0.61491894722
0.610939979553
0.613206148148
0.616806030273
0.616536140442
0.636650085449
0.659201145172
0.675719022751
0.653443813324
0.648631095886
0.656548976898
0.660132884979
0.650056123734
0.62926697731
0.628342151642
0.626865148544
0.630921125412
0.63249206543
0.629105091095
0.643150806427
0.66553902626
0.658581018448
0.652615070343
0.65546298027
0.656738996506
0.648250102997
0.628919839859
0.630213022232
0.632443904877
0.629563808441
0.631292104721
0.630681991577
0.65466094017
0.654830932617
0.652239084244
0.653655052185
0.65429186821
0.653109073639
0.635251998901
0.63570690155
0.631520032883
0.637917041779
0.635173082352
0.635291099548
0.641807079315
0.65441608429
0.657562017441
0.65620803833
0.651472806931
0.658736944199
0.649920940399
0.636025905609
0.630270004272
0.633225917816
0.626660108566
0.630153179169
0.630810022354
0.649735927582
0.655649185181
0.651209831238
0.654093027115
0.652776002884
0.653372049332
0.634856939316
0.633111000061
0.630759000778
0.631504058838
0.627821922302
0.633311986923
0.645451784134
0.655144929886
0.652679920197
0.652943134308
0.653795003891
0.652115106583
0.64747095108
0.627264976501
0.62984919548
0.633498907089
0.626673221588
0.62851691246
0.62960100174
0.651113033295
0.650676965714
0.661364078522
0.654855012894
0.652520895004
0.653606891632
0.626562833786
0.624153137207
0.634199142456
0.631545066833
0.631342887878
0.625153064728
0.644375085831
0.647783994675
0.650121927261
0.65118098259
0.65501999855
0.653171062469
0.64083313942
0.629234790802
0.626306056976
0.625288009644
0.629195928574
0.625779867172
0.626590013504
0.608124017715
0.60808300972
0.606553077698
0.608930826187
0.61116194725
0.611952066422
0.622210979462
0.635877847672
0.637531042099
0.629680156708
0.635359048843
0.63688993454
0.662858963013
0.685308933258
0.680899858475
0.68271112442
0.688778877258
0.679104804993
0.667809963226
0.65105009079
0.654286146164
0.657350063324
0.654942989349
0.652803897858
0.644917011261
0.628101110458
0.631520032883
0.632771968842
0.628383159637
0.628585100174
0.630025863647
0.652575969696
0.65220284462
0.653769016266
0.650793075562
0.651154994965
0.658962011337
0.638723134995
0.63507604599
0.631681919098
0.633738994598
0.631352901459
0.629855871201
0.659837961197
0.662762880325
0.660307168961
0.650388002396
0.647744894028
0.650746107101
0.643567800522
0.627802848816
0.624894142151
0.630806207657
0.636999130249
0.633728027344
0.630182981491
0.650423049927
0.651933908463
0.652863025665
0.654639005661
0.650250196457
0.65482711792
0.632882118225
0.637635946274
0.628350019455
0.631324052811
0.629148006439
0.635421991348
0.647368907928
0.654584169388
0.658508062363
0.658936023712
0.655367136002
0.654700994492
0.643481969833
0.633485078812
0.633280992508
0.630713939667
0.631923913956
0.63721704483
0.637602090836
0.654021978378
0.652693986893
0.653299808502
0.648937940598
0.656315088272
0.649838924408
0.634028911591
0.631253957748
0.629549026489
0.629618883133
0.635681152344
0.630690097809
0.654081106186
0.654121875763
0.658924102783
0.654039144516
0.653008937836
0.658140897751
0.639213085175
0.626951932907
0.630164861679
0.632216930389
0.628516197205
0.627397060394
0.633667945862
0.660421133041
0.657207965851
0.651659965515
0.656591892242
0.655491113663
0.649850130081
0.632454872131
0.635282993317
0.630475997925
0.634271860123
0.636234045029
0.634743213654
0.655389070511
0.662020206451
0.662117004395
0.660248041153
0.657954931259
0.651453971863
0.640388011932
0.62889790535
0.635941028595
0.630135059357
0.630154848099
0.630468845367
0.638016939163
0.654714107513
0.657965183258
0.657139062881
0.656071901321
0.659663915634
0.650122880936
0.634737968445
0.629244089127
0.633115053177
0.627653121948
0.630527973175
0.629387140274
0.647564172745
0.654209136963
0.652637004852
0.653662919998
0.652343034744
0.654113054276
0.633748054504
0.625372171402
0.630369901657
0.632652044296
0.636756896973
0.62873005867
0.640221834183
0.654474973679
0.653162956238
0.652179002762
0.656810045242
0.651058912277
0.646214962006
0.626935005188
0.632785797119
0.630583047867
0.632462024689
0.630661964417
0.632838964462
0.654772043228
0.653023004532
0.652318954468
0.654930830002
0.655194997787
0.657524108887
0.637815952301
0.631310939789
0.632571935654
0.632241010666
0.629414081573
0.633790969849
0.644824028015
0.65362906456
0.650197982788
0.653455972672
0.654152870178
0.647777080536
0.641137123108
0.631297111511
0.629321098328
0.627744913101
0.630892038345
0.627058029175
0.633243083954
0.657306909561
0.65723490715
0.654669046402
0.652745008469
0.655920982361
0.658211946487
0.636116981506
0.630244970322
0.625960826874
0.63418006897
0.629889965057
0.628057956696
0.643532991409
0.6469810009
0.655700922012
0.649795055389
0.653648138046
0.656055927277
0.639529943466
0.626138925552
0.628152132034
0.627141952515
0.627196073532
0.632702827454
0.634166002274
0.647801160812
0.652109861374
0.656615972519
0.655344009399
0.64933514595
0.647671937943
0.63237285614
0.634526014328
0.631453990936
0.634135007858
0.630831956863
0.632595062256
0.645331144333
0.659680128098
0.656420946121
0.656107902527
0.656731128693
0.658205032349
0.648623943329
0.637006998062
0.63262295723
0.629404067993
0.630079030991
0.63202214241
0.634025812149
0.654981851578
0.659384012222
0.650202989578
0.662122964859
0.656295061111
0.653827905655
0.632238864899
0.632272005081
0.630982160568
0.634974002838
0.629686832428
0.633011102676
0.655506849289
0.657418966293
0.655256986618
0.659002065659
0.65612912178
0.656002044678
0.638236045837
0.632605075836
0.632786035538
0.630486965179
0.63449382782
0.636737108231
0.641905069351
0.656509160995
0.658046960831
0.658622980118
0.652153968811
0.660109043121
0.648350000381
0.636000871658
0.631509065628
0.627901077271
0.629186868668
0.630831003189
0.630114078522
0.647969961166
0.645328998566
0.69726395607
0.648012161255
0.648681163788
0.646465063095
0.629660129547
0.629092931747
0.632253885269
0.632836103439
0.630145072937
0.632776021957
0.638923883438
0.649386882782
0.649834871292
0.654857873917
0.66127705574
0.661726951599
0.65111207962
0.628681898117
0.635412931442
0.632269859314
0.628489971161
0.628035068512
0.627877950668
0.647477149963
0.653396129608
0.651184082031
0.651436090469
0.654904842377
0.655005931854
0.63450884819
0.630326986313
0.633117198944
0.629046916962
0.63469004631
0.634543180466
0.643503904343
0.653419971466
0.655557870865
0.652891874313
0.652938842773
0.647953033447
0.641854047775
0.638798952103
0.640497922897
0.633608102798
0.635851860046
0.633368015289
0.63595199585
0.652902841568
0.651512145996
0.651793956757
0.652301073074
0.650546789169
0.652140140533
0.631063938141
0.632367134094
0.631926059723
0.637094020844
0.634244918823
0.62820982933
0.646790981293
0.656543016434
0.653043031693
0.652527093887
0.656334877014
0.653943777084
0.644877910614
0.632120132446
0.630936145782
0.632719039917
0.636960983276
0.634484052658
0.634422063828
0.656481981277
0.654749155045
0.655215024948
0.654636144638
0.656497955322
0.648277997971
0.631402015686
0.632125139236
0.631983995438
0.633474826813
0.741128921509
0.667711019516
0.658545017242
0.656803131104
0.657786846161
0.648529052734
0.651229143143
0.651466846466
0.632725954056
0.631555080414
0.632954835892
0.624228000641
0.629969835281
0.629227876663
0.649162054062
0.652716875076
0.653818130493
0.653883934021
0.659879922867
0.656295061111
0.642246961594
0.629354000092
0.628429889679
0.636538982391
0.632095098495
0.631438016891
