0.240864992142
0.238063097
0.24086689949
0.239556789398
0.235934972763
0.236842870712
0.240176916122
0.241956949234
0.240328073502
0.237621068954
0.236603021622
0.251597881317
0.237112045288
0.237492084503
0.237352848053
0.240628004074
0.237385988235
0.23751115799
0.237326860428
0.235810995102
0.236967802048
0.235569000244
0.239305973053
0.253556013107
0.241074085236
0.233976840973
0.236880064011
0.234225988388
0.237904071808
0.235589981079
0.238288879395
0.237195968628
0.241461992264
0.241652965546
0.23669719696
0.244174003601
0.236670017242
0.237402915955
0.235985994339
0.238595962524
0.238951921463
0.236675977707
0.236414194107
0.244837999344
0.2351770401
0.245608091354
0.2342441082
0.23623418808
0.240988016129
0.240969896317
0.243409872055
0.238054037094
0.240034103394
0.244114160538
0.237160921097
0.240150928497
0.237704992294
0.237778186798
0.245465993881
0.235778808594
0.24466586113
0.237860918045
0.237542867661
0.241580963135
0.240664958954
0.242022037506
0.242822885513
0.239813089371
0.264545917511
0.269056081772
0.276691913605
0.270808935165
0.27704501152
0.271783828735
0.27970790863
0.272667169571
0.272123098373
0.26894903183
0.274432182312
0.273254871368
0.269994974136
0.272355079651
0.277194023132
0.262676954269
0.265697002411
0.262391090393
0.268279075623
0.258601903915
0.26407289505
0.26140999794
0.265756130219
0.258992195129
0.264393091202
0.261192083359
0.260755062103
0.266206979752
0.263837099075
0.263206958771
0.251543998718
0.249034881592
0.253978013992
0.253647089005
0.258719921112
0.250798940659
0.256692886353
0.249569177628
0.258093118668
0.250849962234
0.253973960876
0.252018928528
0.256165981293
0.254976034164
0.253440141678
0.25344991684
0.243638038635
0.253245830536
0.247361898422
0.244776010513
0.251155138016
0.252770900726
0.254380941391
0.252429962158
0.253100156784
0.249019145966
0.253750085831
0.251991033554
0.253134965897
0.253223896027
0.257650136948
0.251175165176
0.24708199501
0.243330955505
0.247313022614
0.240308046341
0.243193864822
0.261876106262
0.242615938187
0.248321056366
0.242337942123
0.247206926346
0.245613098145
0.241908073425
0.253619194031
0.242904186249
0.246927976608
0.251915931702
0.247378110886
0.252619028091
0.249969005585
0.251585960388
0.25083398819
0.252091169357
0.254479169846
0.251590013504
0.261187076569
0.25331902504
0.253761053085
0.252613067627
0.264703989029
0.256968021393
0.261823177338
0.254219055176
0.245884895325
0.245299100876
0.251687049866
0.242741823196
0.249427080154
0.242183208466
0.244919776917
0.250960111618
0.241179943085
0.249375104904
0.245348930359
0.242582082748
0.256181955338
0.239291906357
0.241292953491
0.241479873657
0.246383905411
0.271489858627
0.251374959946
0.260722875595
0.25404214859
0.267597913742
0.251429796219
0.273310184479
0.247896909714
0.251240968704
0.264939069748
0.249017000198
0.2508289814
0.249449014664
0.254192113876
0.258623838425
0.242812156677
0.245376825333
0.240800857544
0.243583202362
0.246441841125
0.245235204697
0.245859861374
0.25506901741
0.244354009628
0.24884390831
0.245375871658
0.259684085846
0.308351993561
0.248442173004
0.248653173447
0.247941017151
0.25851893425
0.251307964325
0.252458095551
0.26141500473
0.256410121918
0.256072044373
0.250670909882
0.26638007164
0.25602388382
0.24933385849
0.259479999542
0.252449035645
0.252076864243
0.262536048889
0.2508289814
0.250334978104
0.242481946945
0.248451948166
0.244816064835
0.255377054214
0.241888999939
0.252381086349
0.243770837784
0.246401071548
0.244374990463
0.248034954071
0.243782997131
0.243754148483
0.242745161057
0.248090982437
0.255068063736
0.241729021072
0.25839805603
0.251306056976
0.250509977341
0.267467021942
0.247546195984
0.254225969315
0.249278068542
0.257941007614
0.249908924103
0.265826940536
0.248903989792
0.260072946548
0.248544931412
0.273971796036
0.251978874207
0.253918170929
0.243201971054
0.253366947174
0.24191403389
0.25478887558
0.240401029587
0.244339942932
0.250819921494
0.243031024933
0.258440971375
0.243469953537
0.244892120361
0.243360042572
0.250296115875
0.244859933853
0.247696876526
0.247555017471
0.250361919403
0.252319097519
0.250481843948
0.252852916718
0.258842945099
0.256545066833
0.270566940308
0.248626947403
0.254784822464
0.251077890396
0.267897129059
0.249924898148
0.258224010468
0.251657009125
0.251871824265
0.245280981064
0.243778944016
0.252600908279
0.242557048798
0.244795084
0.247026205063
0.241576194763
0.2434258461
0.256732940674
0.244251012802
0.246402025223
0.250638008118
0.245907068253
0.254413127899
0.243860960007
0.257704019547
0.249449968338
0.251554012299
0.254816055298
0.248342037201
0.254681110382
0.249834775925
0.26852107048
0.251605987549
0.266921043396
0.252749204636
0.252566099167
0.258969783783
0.250358104706
0.255720853806
0.252036094666
0.259269952774
0.247415065765
0.249032974243
0.245438098907
0.258599042892
0.242089033127
0.246054887772
0.263011932373
0.241994142532
0.260572910309
0.243031978607
0.246193885803
0.248434066772
0.241970062256
0.24494600296
0.243590116501
0.245409011841
0.251418828964
0.256045103073
0.248654842377
0.260356903076
0.255252838135
0.262385129929
0.25333404541
0.255776882172
0.249836921692
0.254235029221
0.251282930374
0.270148992538
0.25181889534
0.262296199799
0.248448848724
0.274961948395
0.242489814758
0.251101016998
0.241948843002
0.242329120636
0.244337081909
0.242364883423
0.250632047653
0.243865966797
0.240942955017
0.252962827682
0.240783929825
0.253069877625
0.240527153015
0.252815961838
0.250698804855
0.243948936462
0.257292032242
0.25678896904
0.267761945724
0.25808596611
0.264039993286
0.253816127777
0.254451036453
0.25142288208
0.25315284729
0.254278898239
0.254216909409
0.252649068832
0.251389026642
0.262742042542
0.25440788269
0.258773088455
0.251342058182
0.245398044586
0.248755931854
0.245463848114
0.245290994644
0.247905015945
0.246142864227
0.251945018768
0.242650985718
0.250400066376
0.252026081085
0.243788003922
0.243937015533
0.243901014328
0.244771003723
0.262807130814
0.250144958496
0.252254009247
0.250721931458
0.251358032227
0.260519981384
0.252477169037
0.272869110107
0.253007173538
0.252570152283
0.274883985519
0.252173185349
0.273712873459
0.249007940292
0.254351139069
0.262420892715
0.246690034866
0.244221925735
0.244169950485
0.248618841171
0.246104955673
0.248803138733
0.250803947449
0.243219852448
0.251055955887
0.24198102951
0.248217105865
0.249938964844
0.245846986771
0.247307062149
0.244012117386
0.243181943893
0.265949010849
0.252388954163
0.258463859558
0.249663114548
0.256328821182
0.256784915924
0.260537147522
0.251140117645
0.250996112823
0.256541013718
0.253249883652
0.255662918091
0.25177192688
0.258931875229
0.25313615799
0.251812934875
0.242853164673
0.243891000748
0.242775917053
0.242034912109
0.257351875305
0.240957021713
0.246687889099
0.243872880936
0.243088006973
0.254809141159
0.245318889618
0.245839834213
0.253365039825
0.243577003479
0.259375095367
0.247411966324
0.251986980438
0.251465797424
0.251013040543
0.25988817215
0.253098011017
0.266431093216
0.2542989254
0.250405073166
0.253834962845
0.258166074753
0.25007891655
0.252408981323
0.252025842667
0.250357151031
0.268475055695
0.249302148819
0.244467973709
0.25176692009
0.243203878403
0.257014989853
0.242810964584
0.247412204742
0.252727985382
0.248589992523
0.249852180481
0.241385936737
0.247061014175
0.244158029556
0.242613077164
0.243337869644
0.254328966141
0.245455026627
0.247508049011
0.252202987671
0.25143289566
0.253043889999
0.258327007294
0.254959106445
0.25709605217
0.250905036926
0.262068986893
0.253539085388
0.266968011856
0.249586105347
0.252781152725
0.252466917038
0.258827924728
0.249719142914
0.247550010681
0.243515014648
0.245589017868
0.244014024734
0.248449087143
0.246416091919
0.251554965973
0.252022981644
0.245704174042
0.248463869095
0.241917848587
0.24667596817
0.247570037842
0.244804143906
0.245782852173
0.242085933685
0.247890949249
0.27236700058
0.252946853638
0.254396915436
0.263073921204
0.251909017563
0.255473852158
0.248912096024
0.252843856812
0.26665520668
0.249143838882
0.251302957535
0.247364997864
0.254654884338
0.264096975327
0.25054693222
0.247218847275
0.241962194443
0.251409053802
0.244038820267
0.246672153473
0.250584125519
0.245314836502
0.260096073151
0.244903087616
0.243366956711
0.25356388092
0.241652965546
0.248924970627
0.244293212891
0.244620084763
0.24569106102
0.248239040375
0.266556978226
0.253596067429
0.254176855087
0.251223087311
0.249592065811
0.270905971527
0.250777959824
0.25267791748
0.25693488121
0.248127937317
0.269649982452
0.248759031296
0.253492116928
0.262089967728
0.255963087082
0.278904914856
0.271973133087
0.276123046875
0.290038108826
0.270379781723
0.285295963287
0.272786855698
0.272699117661
0.271330833435
0.283643960953
0.277846813202
0.271085977554
0.272723913193
0.272444009781
0.261832952499
0.278894901276
0.257065057755
0.266475915909
0.258550167084
0.276407003403
0.258589982986
0.266155958176
0.257957935333
0.265460014343
0.261389017105
0.26063990593
0.276985168457
0.260938882828
0.267838954926
0.258074045181
0.257272958755
0.248252153397
0.249300003052
0.273833990097
0.253229141235
0.259413003922
0.250552177429
0.251450061798
0.256155967712
0.249605894089
0.258177995682
0.251785993576
0.271433115005
0.248291015625
0.255998134613
0.244206190109
0.243702173233
0.253062963486
0.240767002106
0.265561103821
0.244496107101
0.242013931274
0.256663799286
0.242142915726
0.24808883667
0.243489980698
0.243380069733
0.24679017067
0.243045091629
0.251128911972
0.249073982239
0.26149392128
0.249037027359
0.259155988693
0.249325037003
0.25518989563
0.252241849899
0.251996994019
0.264892101288
0.248598098755
0.255975008011
0.248344898224
0.261297941208
0.247818946838
0.256813049316
0.249543905258
0.262936830521
0.242477893829
0.258945941925
0.244140863419
0.248948097229
0.254127979279
0.244965076447
0.242166996002
0.24645113945
0.245131969452
0.248235940933
0.253666162491
0.245501041412
0.264775037766
0.24728512764
0.253113985062
0.246934890747
0.255956888199
0.251528978348
0.256961107254
0.251816987991
0.250985145569
0.252870082855
0.263226985931
0.253323078156
0.255955934525
0.266008138657
0.260955095291
0.257002830505
0.25132393837
0.252524137497
0.25057387352
0.271500110626
0.275590896606
0.275300979614
0.272228956223
0.280649900436
0.270707130432
0.269007921219
0.28044295311
0.268447875977
0.274971008301
0.267863988876
0.273378133774
0.2696621418
0.281758785248
0.273041009903
0.268429040909
0.264433860779
0.257710933685
0.266300916672
0.260148048401
0.283188819885
0.260033845901
0.274902820587
0.259361982346
0.273730039597
0.257988214493
0.262954235077
0.268909931183
0.261781930923
0.266416072845
0.25457906723
0.261961936951
0.2534968853
0.260966062546
0.252678155899
0.271277189255
0.249228954315
0.262477874756
0.251145124435
0.252633094788
0.257286071777
0.254974126816
0.260980129242
0.25131893158
0.260849952698
0.254302024841
0.250657081604
0.245631933212
0.244579076767
0.25083899498
0.243788957596
0.261990070343
0.243113040924
0.246520996094
0.246504068375
0.244879961014
0.245702028275
0.245045900345
0.244887113571
0.245893001556
0.248314857483
0.265490055084
0.251482009888
0.26603603363
0.24996805191
0.260914087296
0.249835968018
0.256583929062
0.254664897919
0.255158901215
0.25633597374
0.254249095917
0.263121843338
0.256683826447
0.373675107956
0.240120887756
0.245505094528
0.260464906693
0.273781061172
0.267857074738
0.279205799103
0.269381046295
0.277000904083
0.268144845963
0.290121078491
0.27232003212
0.275648117065
0.273136854172
0.282193899155
0.275887966156
0.276149988174
0.273667097092
0.260020971298
0.260829210281
0.259997844696
0.26288318634
0.258679866791
0.26186299324
0.261073827744
0.275055170059
0.26371717453
0.262778997421
0.260783910751
0.274648189545
0.25637793541
0.263005971909
0.258167982101
0.252449989319
0.277453899384
0.250829935074
0.264492988586
0.249161958694
0.259510040283
0.251101970673
0.258683919907
0.250144958496
0.260517835617
0.249419927597
0.251338005066
0.259742975235
0.250180959702
0.258750915527
0.249579906464
0.242770910263
0.244206905365
0.243545055389
0.242496967316
0.254877090454
0.249575853348
0.263303995132
0.244225025177
0.244444131851
0.259066104889
0.243908166885
0.263761997223
0.242074966431
0.268708944321
0.242247104645
0.253613948822
0.249694108963
0.254039049149
0.250325202942
0.249454975128
0.258495092392
0.251015901566
0.263355970383
0.250874996185
0.249145030975
0.258563995361
0.251595020294
0.254219055176
0.251305818558
0.250485897064
0.25562286377
0.259006977081
0.289772987366
0.273572921753
0.278048038483
0.271426916122
0.271713972092
0.271836996078
0.272572994232
0.274995803833
0.281563997269
0.269979953766
0.271587848663
0.274984836578
0.271968126297
0.274745941162
0.266034126282
0.265405893326
0.263277053833
0.270810842514
0.257699966431
0.266465902328
0.257539987564
0.258848905563
0.264042139053
0.260646104813
0.280727863312
0.258592128754
0.260601043701
0.257132053375
0.280452013016
0.252557992935
0.249382019043
0.258717775345
0.249133110046
0.262568235397
0.250439882278
0.257534980774
0.251219034195
0.257680892944
0.252014160156
0.264991998672
0.251952886581
0.251684904099
0.266698122025
0.254295110703
0.250969171524
0.263397932053
0.271399021149
0.262372016907
0.268388986588
0.260568857193
0.263251066208
0.258039951324
0.260402917862
0.266839981079
0.261349201202
0.275540113449
0.259382009506
0.268224954605
0.259210824966
0.262029886246
0.255357980728
0.251893043518
0.256372928619
0.249980211258
0.266527175903
0.252198934555
0.267122030258
0.252635955811
0.255789041519
0.25526714325
0.261262893677
0.253143787384
0.264893054962
0.24896979332
0.252161979675
0.272466897964
0.260483980179
0.267086029053
0.259612798691
0.27481007576
0.261852025986
0.267085790634
0.259473085403
0.269633054733
0.262385845184
0.273437976837
0.256045103073
0.25945687294
0.280488967896
0.260114908218
0.266824007034
0.25039601326
0.261089801788
0.249737977982
0.269513845444
0.24954199791
0.255264997482
0.256857872009
0.250660181046
0.263839006424
0.253719806671
0.256630182266
0.257868051529
0.249664068222
0.277846097946
0.250877141953
0.248024940491
0.24550485611
0.243146896362
0.254428863525
0.247452020645
0.252614021301
0.246477842331
0.247600078583
0.243001937866
0.250163078308
0.253316879272
0.245096921921
0.250610113144
0.245906829834
0.250504016876
0.244261026382
0.245473861694
0.272131919861
0.253576040268
0.30107998848
0.249969959259
0.250111818314
0.248650074005
0.306848049164
0.286473989487
0.266950845718
0.270586013794
0.246001005173
0.296064138412
0.245087146759
0.261964082718
0.294844865799
0.261845827103
0.262008905411
0.262542009354
0.284312963486
0.276231050491
0.259593009949
0.282241106033
0.317340135574
0.266402006149
0.267647027969
0.262049913406
0.342221021652
0.285150051117
0.262287855148
0.259459972382
0.251101016998
0.249166965485
0.255302906036
0.276867866516
0.285137891769
0.277385950089
0.257513999939
0.259659051895
