0.618844985962
0.607268095016
0.603763103485
0.612102985382
0.647979021072
0.664432048798
0.630961894989
0.602609872818
0.61182808876
0.623594999313
0.619912862778
0.609034061432
0.616230964661
0.617891073227
0.610114812851
0.605535984039
0.615901947021
0.632158994675
0.618101835251
0.607409000397
0.653496026993
0.608741044998
0.663589000702
0.644358873367
0.61199092865
0.673027992249
0.626576185226
0.620938062668
0.626708030701
0.613391160965
0.62865114212
0.612456083298
0.610333919525
0.669377088547
0.616616010666
0.618716001511
0.628367185593
0.674434185028
0.638974905014
0.610311985016
0.615097999573
0.625174045563
0.614230155945
0.612621068954
0.661890029907
0.608778953552
0.613373041153
0.611706018448
0.603795051575
0.620212078094
0.620769023895
0.614368915558
0.643283128738
0.616544008255
0.616378068924
0.641997098923
0.61296415329
0.670191049576
0.603940963745
0.616567850113
0.668372869492
0.611225128174
0.614538908005
0.60971903801
0.617688179016
0.601933956146
0.679261922836
0.633728027344
0.614076852798
0.616364955902
0.614065170288
0.609647035599
0.672996997833
0.609450101852
0.607400178909
0.601803064346
0.609441041946
0.613246917725
0.604020118713
0.618720054626
0.608368873596
0.607230901718
0.610460042953
0.601274013519
0.61433506012
0.601381063461
0.622695207596
0.604382038116
0.615425825119
0.613709926605
0.609385967255
0.606570005417
0.596597909927
0.616171121597
0.613364219666
0.614032030106
0.605145931244
0.607971906662
0.604358911514
0.611258029938
0.61641907692
0.605985879898
0.612064123154
0.602931022644
0.607738018036
0.602164983749
0.602825880051
0.611270189285
0.605334043503
0.618695020676
0.594868183136
0.611082077026
0.605772018433
0.616856098175
0.609730958939
0.610507965088
0.614570140839
0.604014873505
0.600495100021
0.60050201416
0.614434957504
0.608680963516
0.609872102737
0.602048873901
0.606506109238
0.595937013626
0.61129784584
0.604044914246
0.607353210449
0.611711025238
0.610558986664
0.607522010803
0.606020212173
0.606193065643
0.616909980774
0.609272003174
0.600317001343
0.603418111801
0.612720966339
0.616318941116
0.610856056213
0.607059001923
0.609025001526
0.614779949188
0.610074996948
0.61269903183
0.610560894012
0.612367153168
0.602770090103
0.613332033157
0.610331058502
0.598238945007
0.603016138077
0.611075162888
0.602663993835
0.622111797333
0.610052108765
0.609370946884
0.600970029831
0.608080148697
0.632100820541
0.617270946503
0.605376005173
0.610747098923
0.611969947815
0.600578069687
0.604439973831
0.606113910675
0.613882064819
0.608645915985
0.601958990097
0.614868879318
0.603069067001
0.605411052704
0.616039037704
0.618686199188
0.608065128326
0.608027935028
0.60803103447
0.607851982117
0.605422019958
0.619470119476
0.605288982391
0.606402158737
0.609184026718
0.615812063217
0.607284069061
0.611737966537
0.616341114044
0.608227968216
0.611840009689
0.605718851089
0.609215974808
0.619275093079
0.602581977844
0.613018035889
0.60557103157
0.609028816223
0.602974891663
0.610860109329
0.612434864044
0.6067237854
0.602747917175
0.613203048706
0.606416940689
0.615565061569
0.597632884979
0.604595899582
0.62023806572
0.610012054443
0.602602958679
0.610216140747
0.60803604126
0.597368001938
0.607519865036
0.60545706749
0.613431930542
0.610728025436
0.610589981079
0.607660055161
0.608766794205
0.612909078598
0.607867002487
0.607618093491
0.598641872406
0.604349851608
0.603394031525
0.619969129562
0.610490083694
0.608797073364
0.600237131119
0.604850053787
0.59757399559
0.607362985611
0.608975887299
0.609610080719
0.607649087906
0.604151964188
0.604083776474
0.616755962372
0.608555078506
0.62443614006
0.615384101868
0.607563018799
0.604989051819
0.607382774353
0.617962121964
0.618636846542
0.612890958786
0.60981297493
0.601652145386
0.606121063232
0.603959083557
0.61908698082
0.607795000076
0.610995054245
0.618592023849
0.60525894165
0.603496074677
0.603593111038
0.617376804352
0.612097024918
0.608886003494
0.613880157471
0.604130029678
0.615822076797
0.611835002899
0.621814012527
0.601876020432
0.60265994072
0.611857891083
0.610353946686
0.604094028473
0.610893964767
0.606042146683
0.599252223969
0.611649990082
0.608211040497
0.597289085388
0.598604917526
0.607596874237
0.6119120121
0.607144832611
0.598833084106
0.619384050369
0.60294508934
0.610873937607
0.616065979004
0.616897821426
0.596568107605
0.61101603508
0.608383178711
0.612874984741
0.61815404892
0.612154960632
0.61647605896
0.61566901207
0.595412969589
0.607875823975
0.61553812027
0.610697984695
0.602195978165
0.608846187592
0.611897945404
0.609488964081
0.605304002762
0.60129404068
0.604934930801
0.601056098938
0.608570098877
0.607393980026
0.61014008522
0.612728118896
0.611196041107
0.598987817764
0.608936071396
0.604115962982
0.610524892807
0.604225873947
0.614773035049
0.598865032196
0.6018409729
0.608810901642
0.598035097122
0.604277133942
0.60398888588
0.613881111145
0.607843875885
0.608341932297
0.607996940613
0.61142206192
0.608361005783
0.614415884018
0.607833147049
0.606293916702
0.605345964432
0.609524011612
0.606002807617
0.612504005432
0.609855890274
0.606252193451
0.598348855972
0.603470087051
0.603497028351
0.605909109116
0.614973068237
0.605236053467
0.611086130142
0.611814022064
0.610452890396
0.604744195938
0.61280798912
0.610880851746
0.617465019226
0.606521844864
0.601989030838
0.602524995804
0.615990161896
0.606494903564
0.611479043961
0.607000827789
0.610934019089
0.603776931763
0.601114034653
0.614471912384
0.617260932922
0.615750789642
0.616283178329
0.603984832764
0.611640930176
0.60758805275
0.608901977539
0.60725402832
0.611044883728
0.606514930725
0.613051891327
0.60219502449
0.607131958008
0.609304189682
0.600795984268
0.606373071671
0.612976074219
0.606372833252
0.602952957153
0.606936216354
0.608737945557
0.605260133743
0.602130889893
0.608730077744
0.602692127228
0.61043381691
0.608392000198
0.604770183563
0.608597993851
0.607831001282
0.604759931564
0.605886936188
0.605855941772
0.605038881302
0.610157966614
0.61027598381
0.613326072693
0.608612060547
0.611250162125
0.607131958008
0.60876083374
0.60370016098
0.611418962479
0.609241962433
0.610168933868
0.606272935867
0.605597019196
0.607005834579
0.62504196167
0.610195875168
0.604771137238
0.606585025787
0.605622053146
0.615204811096
0.599100112915
0.608905076981
0.611845970154
0.748371839523
0.692757844925
0.601000785828
0.608939886093
0.607865095139
0.610121011734
0.613320827484
0.605679035187
0.607527017593
0.598805904388
0.610948085785
0.609463214874
0.603883981705
0.605835199356
0.612680912018
0.615128993988
0.60585308075
0.611934900284
0.608402967453
0.61523604393
0.605902910233
0.61111497879
0.606480121613
0.610233068466
0.606485128403
0.608476877213
0.607544898987
0.614849090576
0.606491088867
0.609982967377
0.605945110321
0.613229036331
0.602767944336
0.606666088104
0.614484071732
0.615550994873
0.608112096786
0.609755992889
0.61096405983
0.599075078964
0.617407083511
0.607629060745
0.614239931107
0.612947940826
0.598874092102
0.604058980942
0.607307195663
0.598666906357
0.606434106827
0.602727174759
0.610114097595
0.608934164047
0.602648973465
0.608850002289
0.608392953873
0.608501911163
0.600400924683
0.602452993393
0.61311507225
0.605132818222
0.610565185547
0.597443819046
0.604659080505
0.60097694397
0.609574079514
0.608242988586
0.610668182373
0.606133937836
0.609797954559
0.61083984375
0.612277984619
0.606472015381
0.603693008423
0.608556985855
0.599664926529
0.602072000504
0.610816955566
0.607383966446
0.603240013123
0.606692075729
0.597707033157
0.608253002167
0.604136943817
0.604846000671
0.604402065277
0.599077939987
0.605479001999
0.604702949524
0.59720993042
0.602488994598
0.614809036255
0.602218866348
0.605474948883
0.603543996811
0.606492042542
0.606785058975
0.599652051926
0.610849142075
0.606815099716
0.61411190033
0.608195066452
0.606909990311
0.602927207947
0.601677894592
0.611937046051
0.605236053467
0.613279819489
0.611504077911
0.61066198349
0.600063085556
0.609959840775
0.606654882431
0.600054979324
0.597788095474
0.604850053787
0.605867862701
0.606705904007
0.60583281517
0.59681892395
0.613440990448
0.60396194458
0.61105799675
0.618725061417
0.611035823822
0.607766151428
0.606962919235
0.609241962433
0.603268861771
0.60391998291
0.606927156448
0.60928606987
0.610417127609
0.603646039963
0.603179931641
0.604479074478
0.617158174515
0.615399122238
0.609308958054
0.603608131409
0.604519128799
0.609367132187
0.61389708519
0.609377145767
0.598747014999
0.611116886139
0.615025043488
0.617084980011
0.610685110092
0.594825983047
0.614228963852
0.609023094177
0.606341123581
0.609164953232
0.606628894806
0.610956192017
0.607606887817
0.610069036484
0.601332902908
0.608856201172
0.606756925583
0.606999158859
0.606528043747
0.60129404068
0.613162994385
0.6092710495
0.605760097504
0.60510802269
0.614166975021
0.603971004486
0.603801012039
0.650676965714
0.747939109802
0.732964992523
0.725635051727
0.735763072968
0.659639120102
0.606271982193
0.609206199646
0.600480079651
0.599613904953
0.601009845734
0.609376192093
0.603990077972
0.608632087708
0.617141008377
0.604724884033
0.613929033279
0.607299089432
0.605658054352
0.604370117188
0.600145101547
0.606249094009
0.617304086685
0.604722976685
0.595198869705
0.595034122467
0.61231303215
0.608522891998
0.607081890106
0.605618000031
0.607134819031
0.607666015625
0.613608121872
0.614859104156
0.601974964142
0.611611127853
0.609934091568
0.607897043228
0.599704027176
0.610911130905
0.605139970779
0.611674070358
0.606785058975
0.609780788422
0.600587129593
0.597275018692
0.602766036987
0.610903978348
0.600483894348
0.59844493866
0.610183954239
0.599080085754
0.612486839294
0.606083869934
0.618170976639
0.614424943924
0.60909986496
0.602598905563
0.609771966934
0.613547086716
0.6071870327
0.601984977722
0.605473995209
0.599786996841
0.609169006348
0.600925922394
0.613010883331
0.605630159378
0.610363006592
0.602505922318
0.613936901093
0.608109951019
0.61016201973
0.612698078156
0.613323926926
0.600030899048
0.612030029297
0.604568958282
0.599318027496
0.599519968033
0.615245819092
0.611281871796
0.605990171432
0.609673976898
0.610493183136
0.602869033813
0.606605052948
0.609041929245
0.607899904251
0.607636928558
0.605140924454
0.600452184677
0.612631082535
0.604089975357
0.607600927353
0.602472782135
0.605998039246
0.606838941574
0.608396053314
0.602339982986
0.604950904846
0.604159832001
0.613081932068
0.611433982849
0.605777025223
0.610983133316
0.608943939209
0.604564905167
0.59778380394
0.609611988068
0.603215932846
0.611419200897
0.61221408844
0.609064102173
0.603558063507
0.614879131317
0.609048128128
0.61615395546
0.603351831436
0.617650985718
0.610165119171
0.598706007004
0.617975950241
0.611020803452
0.607991218567
0.609748125076
0.609075069427
0.608549118042
0.613121032715
0.608030080795
0.604752063751
0.605746030807
0.608454942703
0.605468034744
0.615079879761
0.605508089066
0.601549863815
0.610582828522
0.603091001511
0.604759216309
0.616910934448
0.605072975159
0.609606981277
0.612786054611
0.657338142395
0.738265991211
0.737367153168
0.738875865936
0.726595163345
0.645384073257
0.612678050995
0.605471134186
0.604075193405
0.613998889923
0.599591016769
0.610498905182
0.608272075653
0.605452060699
0.612650156021
0.60302901268
0.615808963776
0.605333805084
0.60630607605
0.599940061569
0.608679056168
0.615052938461
0.608163118362
0.610919952393
0.609300851822
0.602838039398
0.610496997833
0.599449872971
0.610137939453
0.612163066864
0.61155295372
0.602033138275
0.60922908783
0.60023188591
0.599354028702
0.597942113876
0.605224132538
0.607496976852
0.614336013794
0.615128040314
0.609624147415
0.604291915894
0.607031106949
0.611829042435
0.610692977905
0.616420984268
0.606935024261
0.605496168137
0.607857942581
0.601953983307
0.619506120682
0.607689142227
0.603182077408
0.607550859451
0.60968708992
0.607931852341
0.593904972076
0.606315135956
0.610049009323
0.613522052765
0.60873913765
0.616657972336
0.605815887451
0.604605913162
0.603817939758
0.605498075485
0.611977100372
0.609432935715
0.610730171204
0.613620042801
0.615216970444
0.608464002609
0.608850955963
0.607354879379
0.61616897583
0.613202095032
0.607594013214
0.604171991348
0.611230134964
0.609422206879
0.612907886505
0.615034103394
0.600599050522
0.609349966049
0.604094028473
0.716565132141
0.735272884369
0.734909057617
0.737487077713
0.707278966904
0.612572193146
0.612342119217
0.610090970993
0.600703954697
0.602670907974
0.60439491272
0.60594201088
0.607345104218
0.612411022186
0.608705997467
0.606685161591
0.611027002335
0.605331897736
0.60406088829
0.604728937149
0.60834312439
0.607538938522
0.607470035553
0.606996059418
0.610193967819
0.603657007217
0.601352930069
0.606664896011
0.611095905304
0.608861923218
0.617383003235
0.614119052887
0.609003067017
0.611856937408
0.615735054016
0.599360942841
0.611986875534
0.602783918381
0.600629091263
0.614911079407
0.612282991409
0.607034921646
0.598376989365
0.611012935638
0.605187177658
0.614814996719
0.619465112686
0.611387014389
0.608661174774
0.610702991486
0.602604866028
0.611586093903
0.614405870438
0.608556985855
0.608593940735
0.614974021912
0.613741159439
0.610094070435
0.607540130615
0.605494976044
0.607865810394
0.601995944977
0.608620882034
0.607753038406
0.603929042816
0.611851930618
0.609622955322
0.604788064957
0.616042852402
0.611015081406
0.610072135925
0.609637975693
0.610242843628
0.608182907104
0.599764108658
0.611386060715
0.611728906631
0.59813284874
0.605423927307
0.607907056808
0.602648019791
0.612119913101
0.606885910034
0.60570192337
0.604779005051
0.607945919037
0.600671052933
0.614922046661
0.613124847412
0.608436107635
0.612257957458
0.683609008789
0.736764907837
0.732502937317
0.729393959045
0.670520067215
0.607742071152
0.609790086746
0.605466127396
0.608510017395
0.60947394371
0.602375030518
0.615788936615
0.612605810165
0.613060951233
0.608340978622
0.613656997681
0.609034061432
0.60612988472
0.617650985718
0.604943037033
0.61149096489
0.608987808228
0.601929187775
0.608144044876
0.612205982208
0.6115629673
0.611348867416
0.605808019638
0.603692054749
0.601836204529
0.607789993286
0.606101989746
0.612715005875
0.60617685318
0.599704027176
0.603764057159
0.604042053223
0.609699010849
0.601906061172
0.608029127121
0.609297037125
0.6060090065
0.607004880905
0.605447053909
0.607315063477
0.613425970078
0.614813089371
0.593738794327
0.601968050003
0.611655950546
0.604381799698
0.609416007996
0.606732845306
0.616863012314
0.605376005173
0.614884138107
0.610013008118
0.601829051971
0.605436086655
0.608158111572
0.605302095413
0.606748104095
0.615039110184
0.607234954834
0.600044965744
0.607080936432
0.609187841415
0.606507062912
0.609928131104
0.608068943024
0.609358072281
0.599550008774
0.602210044861
0.606153011322
0.608285903931
0.597342967987
0.606317996979
0.59995508194
0.604110002518
0.60039305687
0.604444980621
0.615021944046
0.610910892487
0.599700927734
0.603049039841
0.609122037888
0.606912136078
0.600351810455
