0.343652963638
0.347343206406
0.312868833542
0.350680828094
0.330463886261
0.328189134598
0.339327096939
0.303866147995
0.31786108017
0.308431863785
0.380992889404
0.319287061691
0.326842069626
0.305900096893
0.32778096199
0.32266497612
0.333253860474
0.35240983963
0.309392929077
0.347644805908
0.306193113327
0.312809944153
0.344728946686
0.319401979446
0.314277887344
0.315047025681
0.309165000916
0.312084913254
0.323662996292
0.305058002472
0.312264919281
0.293865919113
0.333839178085
0.298242807388
0.32515501976
0.27312207222
0.289292097092
0.342448949814
0.317150115967
0.302509069443
0.330119132996
0.327725887299
0.297392845154
0.325002908707
0.312572956085
0.325390815735
0.308353900909
0.312618017197
0.324187040329
0.332980871201
0.305906057358
0.296533107758
0.325242042542
0.337926864624
0.294742822647
0.322782039642
0.297636032104
0.309092998505
0.297958850861
0.299950122833
0.306244134903
0.293838977814
0.294007062912
0.29230594635
0.280930995941
0.301273107529
0.273128986359
0.274249076843
0.304509162903
0.300210952759
0.287425041199
0.29912686348
0.318499088287
0.275512933731
0.317734003067
0.302996873856
0.294173955917
0.296550989151
0.314330816269
0.302157878876
0.293231010437
0.301059007645
0.299996852875
0.302289009094
0.288702964783
0.300186872482
0.309950113297
0.345178842545
0.292991161346
0.331346988678
0.332031965256
0.337569952011
0.327270030975
0.3204600811
0.329174995422
0.348733901978
0.353303909302
0.340698957443
0.320004940033
0.350374221802
0.3267390728
0.319605112076
0.314064025879
0.312033891678
0.312186002731
0.314455986023
0.280185937881
0.295303821564
0.310966014862
0.323133945465
0.323058128357
0.314007043839
0.304284095764
0.341125965118
0.318689107895
0.300357103348
0.31267786026
0.305759906769
0.30144405365
0.315001010895
0.328621149063
0.304017066956
0.287257909775
0.293651819229
0.303960084915
0.301911115646
0.322109937668
0.285706043243
0.283533096313
0.290479183197
0.29128909111
0.320682048798
0.316478013992
0.299879074097
0.290490150452
0.299576997757
0.271726846695
0.303551912308
0.292980909348
0.319159030914
0.295593976974
0.312656879425
0.306546926498
0.331595897675
0.328662157059
0.313640832901
0.297961950302
0.295946836472
0.291352033615
0.325706005096
0.323975086212
0.320128917694
0.322568178177
0.308518886566
0.32449388504
0.355730056763
0.342097997665
0.334779024124
0.335500001907
0.342548131943
0.335225820541
0.322396039963
0.334192037582
0.320660114288
0.340333938599
0.307136058807
0.30321598053
0.344449996948
0.314316987991
0.338561058044
0.325840950012
0.294886112213
0.312948942184
0.30376791954
0.307430028915
0.306272983551
0.318365812302
0.303090810776
0.308276176453
0.303103923798
0.296417951584
0.287081956863
0.293054103851
0.289917945862
0.296496152878
0.319665908813
0.329876899719
0.296326875687
0.313716173172
0.311011075974
0.290865182877
0.307265043259
0.326613903046
0.302600860596
0.30615901947
0.289072990417
0.295305967331
0.302762985229
0.305533885956
0.312386989594
0.286782026291
0.297501087189
0.273259162903
0.304569005966
0.295213222504
0.32173204422
0.318022966385
0.315718889236
0.301426887512
0.292223930359
0.306102991104
0.297631025314
0.292927980423
0.292783975601
0.309309959412
0.297719955444
0.300282001495
0.304275035858
0.290436029434
0.287878990173
0.29336810112
0.324388980865
0.289789915085
0.289941072464
0.288437128067
0.316876888275
0.28046298027
0.308887004852
0.300654888153
0.310260772705
0.3199031353
0.287461996078
0.346369981766
0.318698883057
0.312409877777
0.301784038544
0.317044973373
0.289555072784
0.310859918594
0.300437927246
0.299335956573
0.319722175598
0.331991195679
0.28555893898
0.275973081589
0.318744897842
0.304682016373
0.294795036316
0.288930892944
0.299780130386
0.329106092453
0.305423021317
0.321949005127
0.318186998367
0.306083202362
0.285149097443
0.28199505806
0.301451921463
0.313151836395
0.308473825455
0.323795080185
0.303375959396
0.309793949127
0.342746973038
0.317070007324
0.337725877762
0.300489187241
0.297340154648
0.295636892319
0.33373093605
0.291538000107
0.289003133774
0.30391907692
0.321948051453
0.287580966949
0.303754806519
0.296827793121
0.294677972794
0.305835962296
0.286720991135
0.274559020996
0.322604894638
0.2919049263
0.287976026535
0.31813287735
0.297023057938
0.29370880127
0.302282094955
0.311219930649
0.298207998276
0.284857988358
0.300244092941
0.301058769226
0.317250013351
0.284497976303
0.324126958847
0.300230979919
0.283848047256
0.308351993561
0.297713041306
0.317265033722
0.296952962875
0.277477025986
0.294880867004
0.265430927277
0.294998884201
0.30033493042
0.305710077286
0.294381141663
0.299108028412
0.313992977142
0.306196928024
0.321004152298
0.298419952393
0.29162311554
0.290192127228
0.307210922241
0.325492858887
0.296236038208
0.28689789772
0.320409059525
0.324717998505
0.283051013947
0.321683168411
0.302682876587
0.313236951828
0.268373966217
0.30758190155
0.31135892868
0.308495044708
0.295717000961
0.302092075348
0.309504985809
0.322402954102
0.294442176819
0.282671928406
0.303241014481
0.329699993134
0.322739124298
0.296922206879
0.307857990265
0.318449020386
0.315398931503
0.308835983276
0.261904001236
0.260823965073
0.272850990295
0.335777044296
0.327459812164
0.302603960037
0.312146902084
0.31898522377
0.297255992889
0.315742015839
0.320147037506
0.326789855957
0.322406053543
0.334780931473
0.318466901779
0.302980899811
0.312495946884
0.300779104233
0.30698800087
0.300266981125
0.322798967361
0.308799028397
0.324980974197
0.311388969421
0.331615209579
0.299560070038
0.304801940918
0.271836996078
0.293251037598
0.314272165298
0.33956193924
0.302961826324
0.315066099167
0.281358957291
0.303550958633
0.313884973526
0.313107013702
0.294188976288
0.300122976303
0.299460887909
0.316886901855
0.294703006744
0.271063089371
0.278476953506
0.317373037338
0.34704208374
0.325128078461
0.319479942322
0.322167158127
0.306203842163
0.332142114639
0.348740816116
0.350337028503
0.320279121399
0.346937179565
0.305495023727
0.308199167252
0.313899040222
0.315702915192
0.331254005432
0.329647064209
0.296540975571
0.299382925034
0.275660037994
0.334613084793
0.352519989014
0.31786108017
0.331031799316
0.293075084686
0.307281017303
0.283136129379
0.29368686676
0.262742042542
0.261020183563
0.271562099457
0.312056064606
0.308568954468
0.318099021912
0.283097028732
0.292219877243
0.326756954193
0.280700922012
0.307419061661
0.307852983475
0.294605016708
0.343555927277
0.308840990067
0.309001922607
0.306406974792
0.313015222549
0.329669952393
0.33349108696
0.304294109344
0.309334993362
0.320214033127
0.29861998558
0.293976068497
0.310403823853
0.309877872467
0.286180973053
0.314973115921
0.320723772049
0.327126979828
0.297508001328
0.297621011734
0.313025951385
0.292186021805
0.322710990906
0.285173177719
0.320913076401
0.30130314827
0.29355096817
0.294280052185
0.290740013123
0.28429889679
0.286002159119
0.317722082138
0.329042196274
0.281914949417
0.328810930252
0.317672967911
0.314079046249
0.31255698204
0.313045978546
0.324281930923
0.305648088455
0.287665128708
0.322005987167
0.298497915268
0.295847892761
0.303012132645
0.301733016968
0.298938035965
0.303375005722
0.306957006454
0.270442962646
0.335402011871
0.29456782341
0.309835195541
0.313899040222
0.336422920227
0.310665845871
0.298666954041
0.303412914276
0.302769899368
0.286591053009
0.320333957672
0.307501077652
0.306549072266
0.297445058823
0.289330005646
0.330188989639
0.292765140533
0.317734003067
0.330358028412
0.278038024902
0.299567937851
0.282844781876
0.299753189087
0.31574010849
0.32573890686
0.296680927277
0.279831886292
0.315342903137
0.353354930878
0.297011137009
0.305317878723
0.305846214294
0.289906024933
0.33317899704
0.294064998627
0.330852031708
0.286325216293
0.33968091011
0.322040081024
0.305640935898
0.305638790131
0.27715086937
0.299486875534
0.270534038544
0.298527956009
0.274833917618
0.316948890686
0.271641969681
0.296214103699
0.283446073532
0.288251876831
0.308956861496
0.300424098969
0.313602924347
0.326524019241
0.322448015213
0.29597902298
0.329137086868
0.313091039658
0.302154064178
0.303432941437
0.292614936829
0.293077945709
0.331583976746
0.304652929306
0.313004970551
0.325299978256
0.338590860367
0.347536087036
0.330601215363
0.323254108429
0.331351995468
0.319207906723
0.358894109726
0.345324993134
0.326678991318
0.311879873276
0.319288015366
0.298518896103
0.32868719101
0.316537857056
0.30953502655
0.301025867462
0.337910175323
0.339010000229
0.320999860764
0.309681177139
0.331332921982
0.322350025177
0.351991891861
0.278741836548
0.31147813797
0.301584005356
0.310194015503
0.309190988541
0.287173986435
0.33314204216
0.312144994736
0.2794008255
0.281033039093
0.319316148758
0.316529035568
0.308359861374
0.305413961411
0.285392999649
0.288497924805
0.266535043716
0.308663129807
0.308959960938
0.29936504364
0.301692962646
0.287652015686
0.270477056503
0.298019886017
0.284722089767
0.30606007576
0.302232027054
0.316717863083
0.301169872284
0.311787843704
0.309850215912
0.308982133865
0.302803993225
0.293314933777
0.309159994125
0.287875890732
0.301695108414
0.28804898262
0.30047917366
0.307963848114
0.283645153046
0.286357164383
0.315039157867
0.286578893661
0.314003944397
0.30677819252
0.295385122299
0.319560050964
0.335828065872
0.282752990723
0.283380031586
0.287597894669
0.289286136627
0.317072153091
0.295305013657
0.332838058472
0.319107055664
0.3187520504
0.314220905304
0.339543104172
0.312744855881
0.317106962204
0.314265012741
0.28941488266
0.349931955338
0.310993909836
0.337210178375
0.311228990555
0.311460018158
0.307393789291
0.315481901169
0.344696044922
0.349021911621
0.315438985825
0.313191175461
0.355077981949
0.367141008377
0.345032930374
0.331211090088
0.334378004074
0.318687915802
0.319580078125
0.318386077881
0.307399988174
0.327993869781
0.324440956116
0.319453954697
0.340181112289
0.371070861816
0.330921173096
0.298027992249
0.287349939346
0.353374958038
0.311644077301
0.330190181732
0.300222158432
0.300198078156
0.31011390686
0.330013990402
0.299576044083
0.311237096786
0.32562494278
0.302905082703
0.302879095078
0.303860187531
0.352603912354
0.341555833817
0.34247803688
0.307938098907
0.289546012878
0.36053109169
0.339688062668
0.336318969727
0.332440853119
0.352298021317
0.29395699501
0.325006961823
0.299934148788
0.31364107132
0.309031009674
0.311683893204
0.321398019791
0.300359964371
0.301403999329
0.347488880157
0.309578180313
0.315569877625
0.30234003067
0.28410410881
0.29360294342
0.302962064743
0.269665956497
0.276510000229
0.278782129288
0.285685062408
0.293249130249
0.282108783722
0.298620939255
0.299731016159
0.281159162521
0.285076141357
0.31683588028
0.286646127701
0.32426905632
0.289217948914
0.316727876663
0.294538021088
0.319876194
0.293986082077
0.286803007126
0.292983055115
0.31539106369
0.311314105988
0.293123006821
0.320223808289
0.29899096489
0.303951978683
0.273333072662
0.320554018021
0.316726922989
0.288151025772
0.296267986298
0.298408031464
0.289663791656
0.322627782822
0.289760112762
0.309923887253
0.290906906128
0.289381980896
0.288794994354
0.304188013077
0.315675020218
0.309162139893
0.333066940308
0.326286077499
0.304694890976
0.303279161453
0.323251008987
0.327430009842
0.286790847778
0.314375162125
0.325538873672
0.343586921692
0.311975002289
0.351739883423
0.309424877167
0.30953001976
0.332602024078
0.360957145691
0.347953081131
0.337615966797
0.344293117523
0.348908901215
0.343697071075
0.286601066589
0.30073094368
0.30625295639
0.313623905182
0.369849920273
0.338233947754
0.324522018433
0.313450098038
0.318507909775
0.332647800446
0.334159135818
0.294548988342
0.298259019852
0.335031032562
0.298244953156
0.321479082108
0.282932043076
0.299027919769
0.318279027939
0.304561853409
0.301231145859
0.314608097076
0.299817800522
0.313431024551
0.309908866882
0.292490005493
0.299854040146
0.331481933594
0.277605056763
0.294298887253
0.290526151657
0.305079936981
0.304862976074
0.285546064377
0.304650783539
0.301261901855
0.28791308403
0.30148601532
0.306783914566
0.311043977737
0.332993984222
0.309216976166
0.295615911484
0.31750202179
0.321851968765
0.293986797333
0.304322004318
0.307735204697
0.33048081398
0.289505958557
0.312230825424
0.307053089142
0.305723905563
0.309637069702
0.258540868759
0.30438709259
0.30006814003
0.34020113945
0.315470933914
0.286645889282
0.285738945007
0.344387054443
0.300326108932
0.27917599678
0.300276041031
0.318695068359
0.312461853027
0.277680873871
0.315025091171
0.319327831268
0.320045948029
0.300514221191
0.318917989731
0.332676887512
0.304427146912
0.302991867065
0.313489198685
0.284978866577
0.283308982849
0.292637109756
0.299791097641
0.285510063171
0.300857067108
0.323190927505
0.309963941574
0.297117948532
0.289651155472
0.280065059662
0.29262304306
0.305501937866
0.295744180679
0.295229911804
0.311210155487
0.303563117981
0.325687885284
0.326780796051
0.339757919312
0.301772117615
0.312131166458
0.317715883255
0.33106303215
0.302000045776
0.317299842834
0.318845033646
0.277787923813
0.318087100983
0.276721000671
0.296561956406
0.308122873306
0.321224927902
0.264086008072
0.327851057053
0.277923107147
0.317888021469
0.284487009048
0.303540945053
0.329732179642
0.333827018738
0.306982040405
0.294703960419
0.312456846237
0.306288957596
0.303496837616
0.325433969498
0.31520485878
0.305960893631
0.306473970413
0.321921825409
0.304437875748
0.279549837112
0.322852134705
0.28143286705
0.297678947449
0.296386957169
0.286293029785
0.299093008041
0.27596116066
0.285630941391
0.321738958359
0.311545133591
0.312481164932
0.293659925461
0.297704935074
0.326132059097
0.315277099609
0.28769993782
0.286979913712
0.295448064804
0.316971063614
0.330684185028
0.290124177933
0.318708181381
0.312930107117
0.322267055511
0.303228139877
0.287485837936
0.286582946777
0.317099094391
0.297909975052
0.31303191185
0.301227092743
0.301971912384
0.302156925201
0.287189006805
0.314203023911
0.292429924011
0.274948120117
0.298014879227
0.310662984848
0.304969072342
0.315592050552
0.292191028595
0.306606054306
0.30388712883
0.305891036987
0.303241014481
0.321388959885
0.324645042419
0.325483083725
0.311559915543
0.303482055664
0.297432899475
0.284935951233
0.265620946884
0.313241958618
0.316177129745
0.306212902069
0.282380104065
0.30225610733
0.289362192154
0.294981002808
0.312293052673
0.306374073029
0.259284973145
0.304616928101
0.28314781189
0.34627199173
0.305914163589
0.311429977417
0.3148188591
0.299556970596
0.313343048096
0.333114147186
0.300930976868
0.328814983368
0.309340000153
0.319530010223
0.330051183701
0.30720615387
0.338627099991
0.340667009354
0.354825019836
0.356925010681
0.32852602005
0.337412118912
0.336179971695
0.33179807663
0.335227012634
0.338244915009
0.327238798141
0.36529302597
0.317596912384
0.336630105972
0.316049098969
0.306859970093
0.32063293457
0.306560993195
0.31544303894
0.34059882164
0.344244003296
0.324307918549
0.303382158279
0.300738096237
0.293772220612
0.282190084457
0.286086797714
