0.647706031799
0.661078214645
0.659921884537
0.655164957047
0.652211904526
0.649610042572
0.663232088089
0.6322889328
0.640451908112
0.631134986877
0.631054878235
0.630398035049
0.630047082901
0.656063079834
0.656658887863
0.652077913284
0.658909082413
0.657034873962
0.653178930283
0.640769004822
0.633223056793
0.635231018066
0.632426977158
0.638679981232
0.637533903122
0.637098789215
0.658655881882
0.65071105957
0.665695905685
0.665938138962
0.655292034149
0.649449110031
0.635787963867
0.635823965073
0.633946180344
0.63813996315
0.636904001236
0.638946056366
0.663672924042
0.653706073761
0.65554690361
0.650124073029
0.661221981049
0.648949861526
0.640682935715
0.639548063278
0.643320798874
0.632313966751
0.629118919373
0.634017944336
0.644911050797
0.658891916275
0.660765171051
0.660614013672
0.656295061111
0.657618999481
0.651521921158
0.640162944794
0.636456012726
0.635257959366
0.632499933243
0.633897066116
0.664271116257
0.657800912857
0.662038803101
0.650110006332
0.651032924652
0.65186214447
0.6506690979
0.628675937653
0.628727197647
0.632719039917
0.631553888321
0.628461122513
0.635530948639
0.646138191223
0.655198812485
0.654760837555
0.654485940933
0.664435148239
0.656696081161
0.637987136841
0.635764122009
0.636708021164
0.637969017029
0.633408069611
0.637326955795
0.642257928848
0.653316020966
0.655511856079
0.651467084885
0.654142856598
0.655523061752
0.647604942322
0.635246992111
0.631251096725
0.645502090454
0.634831905365
0.630012989044
0.636138916016
0.656702041626
0.659811019897
0.658308982849
0.659987211227
0.655847072601
0.653768062592
0.636914014816
0.638612985611
0.636981010437
0.640853881836
0.638566970825
0.632558107376
0.657449960709
0.656834840775
0.657517910004
0.663777828217
0.665264129639
0.664871931076
0.651673078537
0.638957977295
0.634074211121
0.638806819916
0.644377946854
0.631838083267
0.64200091362
0.656690835953
0.658041954041
0.657092094421
0.663018226624
0.65652012825
0.65408706665
0.632769107819
0.640084981918
0.632261037827
0.632334947586
0.631269931793
0.612118005753
0.602985143661
0.658574104309
0.656190872192
0.65697312355
0.651962995529
0.657516956329
0.633062124252
0.628839015961
0.630872964859
0.629832029343
0.625648021698
0.624349117279
0.636444091797
0.655438899994
0.653840065002
0.6565721035
0.663516998291
0.651677131653
0.651393890381
0.628950834274
0.634541034698
0.630831003189
0.631211996078
0.635699987411
0.632146120071
0.654028892517
0.656167984009
0.661201000214
0.663918018341
0.655420780182
0.656356811523
0.70184803009
0.714773893356
0.719810962677
0.715324163437
0.714468002319
0.711081027985
0.693681955338
0.686774969101
0.685859918594
0.685856103897
0.689857006073
0.677926063538
0.661734819412
0.660820007324
0.662619113922
0.655733823776
0.655555963516
0.657215118408
0.634107112885
0.637831926346
0.641169071198
0.640604972839
0.637693881989
0.636682987213
0.6605489254
0.658588171005
0.665176868439
0.663480997086
0.668337106705
0.670778036118
0.643199920654
0.641618013382
0.638618946075
0.64786696434
0.637312889099
0.637838125229
0.657070875168
0.664318084717
0.667398929596
0.658416032791
0.652822971344
0.654733181
0.64136505127
0.633625030518
0.63641500473
0.632266998291
0.632691144943
0.632884025574
0.641175031662
0.660509824753
0.660027980804
0.651419878006
0.657257080078
0.655467987061
0.656654834747
0.635484218597
0.625820875168
0.632894992828
0.631808996201
0.658386945724
0.630089998245
0.656433105469
0.651032924652
0.654263973236
0.656173944473
0.72215795517
0.65589594841
0.641644001007
0.63516497612
0.634546041489
0.640877008438
0.635177850723
0.637625932693
0.653743982315
0.653786897659
0.650286912918
0.651185035706
0.656599998474
0.657217025757
0.648556947708
0.636966943741
0.62895488739
0.637876033783
0.631217956543
0.635480880737
0.638517856598
0.661305904388
0.6531291008
0.662093877792
0.653347969055
0.653594017029
0.655915021896
0.625627040863
0.63235616684
0.6343729496
0.631166934967
0.631979942322
0.633570194244
0.652781963348
0.653887033463
0.652329206467
0.6549680233
0.659342050552
0.655361890793
0.638133049011
0.632024049759
0.636298179626
0.640163183212
0.635766029358
0.63776922226
0.635838031769
0.645463943481
0.645035982132
0.643989086151
0.639486074448
0.645420074463
0.661445856094
0.687613964081
0.696408033371
0.680100917816
0.692305088043
0.696449041367
0.680979967117
0.662014007568
0.668371915817
0.680269956589
0.665153026581
0.668542146683
0.650368928909
0.63452911377
0.649407148361
0.661525011063
0.662483930588
0.658713102341
0.653792142868
0.631839990616
0.628274202347
0.637449979782
0.631674051285
0.634850025177
0.635270833969
0.653518915176
0.649646997452
0.650160074234
0.660323858261
0.6658680439
0.655997991562
0.635996818542
0.636746883392
0.627775907516
0.628908157349
0.642702817917
0.625030040741
0.644245147705
0.654097080231
0.653581142426
0.649536132812
0.655540943146
0.651834011078
0.645267963409
0.640028953552
0.631804943085
0.6283659935
0.629251003265
0.630640029907
0.633250951767
0.658033847809
0.654982089996
0.658408164978
0.670850038528
0.663643121719
0.664226055145
0.646106004715
0.631649017334
0.63236618042
0.633285999298
0.638396978378
0.634368896484
0.652876138687
0.654242992401
0.653505086899
0.65687918663
0.654940843582
0.653025150299
0.640429019928
0.630893945694
0.631741046906
0.631237983704
0.631592988968
0.628430128098
0.642050981522
0.652246952057
0.651463031769
0.657546043396
0.657938957214
0.655624866486
0.655936956406
0.630793094635
0.636782169342
0.632827043533
0.640017986298
0.633584976196
0.635601043701
0.652933120728
0.961142778397
0.664381980896
0.652348995209
0.658402919769
0.656354188919
0.634224891663
0.638123035431
0.632462978363
0.641860961914
0.63894701004
0.637612104416
0.660342931747
0.659317016602
0.657441139221
0.654927968979
0.652333974838
0.654933929443
0.639508008957
0.647181987762
0.638653993607
0.637251853943
0.638276100159
0.640168905258
0.655444860458
0.663335084915
0.665479183197
0.664848804474
0.660788059235
0.666754007339
0.647634983063
0.648327112198
0.638510942459
0.638050079346
0.645238876343
0.639100074768
0.642917871475
0.661679983139
0.663190126419
0.659748077393
0.666105031967
0.664290904999
0.659816980362
0.636020183563
0.6422560215
0.628340005875
0.640183925629
0.630702018738
0.630378007889
0.653985977173
0.657852172852
0.667819023132
0.655875921249
0.668390989304
0.666580200195
0.72430896759
0.711602926254
0.705991029739
0.707659959793
0.710724830627
0.699260950089
0.67565202713
0.672874927521
0.681332111359
0.681740999222
0.681313037872
0.669985055923
0.659548997879
0.68194103241
0.661233901978
0.656131982803
0.65967297554
0.647146940231
0.632223844528
0.634117841721
0.646315813065
0.640667915344
0.632631063461
0.626852035522
0.658686876297
0.656674146652
0.658103942871
0.657586097717
0.658155918121
0.657272100449
0.632147073746
0.631544828415
0.652356863022
0.637135028839
0.633366823196
0.633143901825
0.652422904968
0.653142929077
0.656512022018
0.654766082764
0.660060882568
0.653632164001
0.644358873367
0.636229038239
0.639173030853
0.638535022736
0.634625911713
0.639214038849
0.64738702774
0.657019138336
0.659420967102
0.755327939987
0.656672954559
0.658426046371
0.642689943314
0.635606050491
0.633805036545
0.62677693367
0.632038116455
0.632673978806
0.638112783432
0.658043861389
0.655564069748
0.659973859787
0.656843900681
0.661216020584
0.657927036285
0.643910884857
0.635075092316
0.629747867584
0.636405229568
0.632767915726
0.645437002182
0.655245065689
0.662080049515
0.666105031967
0.664860963821
0.665118932724
0.656780004501
0.63720703125
0.632318019867
0.63184094429
0.632961988449
0.633930921555
0.630013942719
0.637660980225
0.657947063446
0.655602931976
0.651926994324
0.662235021591
0.661424160004
0.644846200943
0.631641864777
0.631453037262
0.635308980942
0.641626119614
0.630897045135
0.639791965485
0.651006937027
0.65474486351
0.65998005867
0.652911901474
0.660646915436
0.663020849228
0.634582042694
0.63653421402
0.632797002792
0.634980201721
0.631590127945
0.631536960602
0.646386146545
0.656732082367
0.652518033981
0.654272079468
0.742079019547
0.654567956924
0.644104003906
0.634701013565
0.633328914642
0.638024091721
0.631660938263
0.630944013596
0.647006988525
0.656761169434
0.654080152512
0.654705047607
0.656257152557
0.670475959778
0.658684015274
0.630233049393
0.631928920746
0.637979030609
0.632978200912
0.633428096771
0.633553981781
0.655862808228
0.655500888824
0.652128219604
0.657473802567
0.656078100204
0.654685974121
0.646513938904
0.631949186325
0.630384206772
0.631876945496
0.632656097412
0.665530920029
0.638205051422
0.655023097992
0.660036802292
0.653993844986
0.656115055084
0.651961803436
0.674206018448
0.712639093399
0.707617998123
0.707172870636
0.707519054413
0.708764076233
0.693311929703
0.690786123276
0.684191942215
0.679698944092
0.683652877808
0.687414169312
0.662888050079
0.65617108345
0.664958000183
0.667132854462
0.656939983368
0.664299964905
0.64314198494
0.639796972275
0.631618022919
0.633674860001
0.63298201561
0.6410779953
0.65074300766
0.658936977386
0.6573741436
0.657555818558
0.667616128922
0.664043903351
0.680052042007
0.713680028915
0.714144229889
0.715172052383
0.709468126297
0.71134185791
0.686231136322
0.68740105629
0.675261974335
0.693654060364
0.692257165909
0.685886859894
0.658244132996
0.655935049057
0.65762090683
0.653625011444
0.662680149078
0.657451868057
0.638752937317
0.636958837509
0.637141227722
0.636471986771
0.632411956787
0.638437986374
0.651752948761
0.660623788834
0.662823200226
0.665282011032
0.660711050034
0.66766500473
0.640100002289
0.633313894272
0.634717941284
0.634656906128
0.629930973053
0.635017156601
0.63926410675
0.65744304657
0.653006076813
0.659976005554
0.660633802414
0.651456832886
0.651261091232
0.636855840683
0.634659051895
0.640191078186
0.639815092087
0.634211063385
0.641856193542
0.653114080429
0.652010202408
0.65769982338
0.65263915062
0.653294086456
0.652966022491
0.691878795624
0.709797143936
0.708755970001
0.713973045349
0.713288784027
0.71125292778
0.685266017914
0.680753946304
0.691992998123
0.687482118607
0.685947179794
0.678947925568
0.653037071228
0.659801959991
0.648848056793
0.65367102623
0.650250911713
0.651377916336
0.629140138626
0.632234811783
0.636153936386
0.626926898956
0.63197183609
0.634183883667
0.649615049362
0.665292024612
0.661550045013
0.661934137344
0.666244983673
0.661476135254
0.695660114288
0.714206933975
0.71232008934
0.724725961685
0.718317985535
0.716426849365
0.686090946198
0.691888093948
0.675361871719
0.676649093628
0.687595129013
0.678588151932
0.662226915359
0.657051086426
0.654016971588
0.649857997894
0.653951883316
0.651435852051
0.632887840271
0.63001704216
0.626707077026
0.626451015472
0.632922172546
0.635437011719
0.647984981537
0.657395839691
0.660195827484
0.657515048981
0.65859913826
0.659593105316
0.690660953522
0.701396942139
0.705725193024
0.706655979156
0.707815170288
0.705602884293
0.686252117157
0.681967020035
0.678235054016
0.685808897018
0.684271097183
0.684934139252
0.662230968475
0.658622026443
0.647284984589
0.656225204468
0.777624845505
0.757742881775
0.686430931091
0.680651903152
0.682080030441
0.683709144592
0.687016010284
0.668200969696
0.658696889877
0.65966296196
0.659919977188
0.659097909927
0.65949010849
0.640363931656
0.636631011963
0.636492013931
0.640990018845
0.64155292511
0.633491039276
0.634600877762
0.662944078445
0.654163122177
0.661514043808
0.656762838364
0.659507036209
0.668200016022
0.711941003799
0.708201885223
0.718632936478
0.708657026291
0.709152936935
0.700320005417
0.683782815933
0.913698911667
0.690508127213
0.674210071564
0.679291009903
0.657388925552
0.655099153519
0.652099847794
0.656336069107
0.656759023666
0.660196065903
0.633630990982
0.631680011749
0.629586935043
0.62993812561
0.630775928497
0.633517980576
0.67874288559
0.653831005096
0.652186155319
0.653275966644
0.660077810287
0.657888889313
0.684778928757
0.711499929428
0.708538770676
0.706968069077
0.724442958832
0.702413082123
0.678694963455
0.684600830078
0.679651021957
0.688876152039
0.697450876236
0.698125839233
0.690937042236
0.662369012833
0.660026073456
0.65228509903
0.648494005203
0.653945922852
0.637881040573
0.626160860062
0.62877702713
0.640648126602
0.642231941223
0.627122879028
0.648739099503
0.657757997513
0.654448032379
0.656692028046
0.662605047226
0.660080909729
0.662840127945
0.64573597908
0.636689901352
0.632425069809
0.63237285614
0.632933855057
0.646492958069
0.654510974884
0.652502059937
0.656522989273
0.653975009918
0.656482934952
0.646987199783
0.631694078445
0.630672931671
0.630968093872
0.624985933304
0.627536058426
0.634075164795
0.650026082993
0.65266084671
0.651157140732
0.655638933182
0.652285814285
0.652801990509
0.642835855484
0.635489940643
0.629034042358
0.632353067398
0.633671045303
0.629971981049
0.642716884613
0.650501012802
0.654446125031
0.658246994019
0.659096002579
0.663912057877
0.657829046249
0.638630867004
0.636598825455
0.635218143463
0.635643959045
0.635525941849
0.631868839264
0.653712034225
0.652887105942
0.660320997238
0.651054859161
0.660185813904
0.657500982285
0.649657964706
0.639458179474
0.643527030945
0.635786056519
0.637267112732
0.648027181625
0.6630859375
0.665688991547
0.659468173981
0.655564069748
0.609401941299
0.645409107208
0.675911903381
0.706303119659
0.710989952087
0.690289020538
0.693645954132
0.69543504715
0.683391094208
0.665850877762
0.668056964874
0.670978069305
0.647308826447
0.668827772141
0.663305997849
0.655801057816
0.64503288269
0.644757032394
0.640073060989
0.654855966568
0.677510023117
0.692397117615
0.690400123596
0.686518907547
0.691453933716
0.677124977112
0.653568983078
0.650387048721
0.6563539505
0.665816068649
0.661777019501
0.655261993408
0.684292078018
0.910514116287
0.631639003754
0.634927034378
0.641824960709
0.635351896286
0.652544975281
0.657626867294
0.656415939331
0.658910036087
0.653789043427
0.65740609169
0.637845039368
0.639274835587
0.63002204895
0.63894701004
0.636813879013
0.632652997971
0.640306949615
0.65361905098
0.662134885788
0.657423973083
0.652199029922
0.657241106033
0.647318124771
0.636718034744
0.632350921631
0.638563871384
0.634715080261
0.640549898148
0.635725975037
0.65821313858
0.654484987259
0.657350063324
0.656336069107
0.662461996078
0.666908025742
0.629920005798
0.638782978058
0.634051084518
0.635220766068
0.633544921875
0.633697986603
0.654824972153
0.654558181763
0.656629085541
0.661910057068
0.66726899147
0.66220998764
0.649634838104
0.640032052994
0.63213300705
0.644634008408
0.635596036911
0.633274078369
0.641491889954
0.662402868271
0.660297870636
0.657431125641
0.65774512291
0.658559083939
0.678241014481
0.712167024612
0.713413953781
0.716776132584
0.715074062347
0.716322898865
0.698843002319
0.68531703949
0.689278125763
0.684539079666
0.694038152695
0.693291902542
0.665147066116
0.675225019455
0.665889024734
0.666029930115
0.669076919556
0.65355181694
0.635382175446
0.632187128067
0.639050006866
0.640796899796
