0.621516942978
0.623970031738
0.629410982132
0.624275922775
0.627748012543
0.629967927933
0.620527029037
0.629368066788
0.634131193161
0.620405912399
0.624662876129
0.631103038788
0.633702039719
0.622346162796
0.61720085144
0.624395132065
0.635656118393
0.614691972733
0.626728057861
0.637413978577
0.617833852768
0.62802195549
0.626755952835
0.713407039642
0.725261211395
0.629910945892
0.617164134979
0.618854999542
0.625540971756
0.626322031021
0.620244979858
0.623746156693
0.618185043335
0.628356933594
0.61817407608
0.619786977768
0.62796998024
0.62268280983
0.616385936737
0.615163087845
0.611377000809
0.61793589592
0.616838932037
0.614919185638
0.610457897186
0.622766017914
0.622309923172
0.620086193085
0.618396997452
0.627273082733
0.615178108215
0.615473985672
0.619729995728
0.628518819809
0.617522954941
0.616688013077
0.61779499054
0.612955093384
0.610324859619
0.620037078857
0.622057914734
0.611530065536
0.611426830292
0.621665000916
0.606453895569
0.614384889603
0.618695020676
0.616698980331
0.625055074692
0.628419876099
0.616981983185
0.619342088699
0.61847615242
0.61536192894
0.630697965622
0.61781001091
0.623733043671
0.63044500351
0.622887134552
0.623650789261
0.621891021729
0.622473955154
0.617327928543
0.626613855362
0.629987001419
0.624974966049
0.617791891098
0.618816137314
0.617552995682
0.620965003967
0.625149011612
0.626868009567
0.623945951462
0.619271039963
0.622938871384
0.620202064514
0.627914905548
0.618505001068
0.627525091171
0.629667043686
0.6251039505
0.618921995163
0.62247800827
0.627774953842
0.625066041946
0.623450040817
0.612995147705
0.624201059341
0.618756055832
0.627722024918
0.618442058563
0.633334159851
0.624802112579
0.627181053162
0.622182130814
0.625107049942
0.623607158661
0.619770050049
0.617248058319
0.623704910278
0.61639881134
0.618988037109
0.625195026398
0.623104810715
0.61403799057
0.616184949875
0.617588996887
0.609576225281
0.618412017822
0.616152048111
0.624193906784
0.619175195694
0.621690034866
0.622485876083
0.620971918106
0.614389896393
0.622648000717
0.620920181274
0.612421035767
0.615204811096
0.614552974701
0.614398956299
0.626433134079
0.620319128036
0.627233028412
0.628013134003
0.614371061325
0.613368988037
0.62748003006
0.625408172607
0.622494220734
0.620642900467
0.618973970413
0.633472919464
0.630764961243
0.62388586998
0.615645885468
0.613310098648
0.621492862701
0.619418144226
0.622665882111
0.621186971664
0.618694067001
0.612087965012
0.607537031174
0.619869947433
0.620333909988
0.63377904892
0.623212814331
0.617244958878
0.623422861099
0.624578952789
0.626708030701
0.620018005371
0.621860027313
0.62203001976
0.623841047287
0.613848924637
0.626834154129
0.622713088989
0.619689941406
0.632486104965
0.621783971786
0.618146181107
0.615067958832
0.617682933807
0.62273812294
0.61264705658
0.619647026062
0.623389959335
0.612555027008
0.61727309227
0.622855901718
0.620927095413
0.623496055603
0.617806911469
0.62388920784
0.623464107513
0.610550880432
0.623581886292
0.615083932877
0.6190969944
0.620580196381
0.616497993469
0.62669801712
0.612102031708
0.617261886597
0.616194009781
0.620443105698
0.616533994675
0.609807014465
0.616281032562
0.62450504303
0.623606204987
0.633054018021
0.633426904678
0.615999937057
0.621075153351
0.624053001404
0.616523981094
0.621319055557
0.603884935379
0.610156059265
0.61770606041
0.61954498291
0.631247997284
0.617493152618
0.63047003746
0.622963905334
0.627043962479
0.612351894379
0.617326021194
0.619421958923
0.628097057343
0.618002176285
0.627713918686
0.622468948364
0.616999149323
0.611947059631
0.626482009888
0.625066995621
0.629692077637
0.616816997528
0.618699789047
0.619423151016
0.611934900284
0.620908021927
0.619144916534
0.626101016998
0.627684831619
0.616253137589
0.612401008606
0.62442111969
0.619861125946
0.618060827255
0.61700797081
0.611122131348
0.624361991882
0.622271060944
0.62381196022
0.617662906647
0.621282100677
0.616106987
0.611427783966
0.61937212944
0.630287885666
0.612173080444
0.614378929138
0.618968009949
0.614953041077
0.624228954315
0.62082695961
0.620538949966
0.617628097534
0.624031066895
0.623558998108
0.626430988312
0.621671915054
0.6256108284
0.617339849472
0.625889778137
0.621487855911
0.617305994034
0.632029056549
0.625456094742
0.620660066605
0.623692035675
0.609497785568
0.614739179611
0.622570991516
0.623421907425
0.622307062149
0.618110895157
0.614012956619
0.632653951645
0.624009132385
0.618405103683
0.623347997665
0.617632865906
0.624125003815
0.610280990601
0.620772838593
0.621528863907
0.634104013443
0.625424146652
0.625658988953
0.621006965637
0.623194932938
0.61484503746
0.631380081177
0.632710933685
0.632848024368
0.620316982269
0.620341062546
0.626476764679
0.629133939743
0.620555877686
0.612311840057
0.618963956833
0.618860960007
0.616955041885
0.625147819519
0.614229917526
0.62064409256
0.621170043945
0.622637033463
0.621006011963
0.617871046066
0.629969120026
0.625470876694
0.61566901207
0.620764970779
0.611572027206
0.618380069733
0.620638847351
0.625116109848
0.614959001541
0.61660194397
0.616237878799
0.61589217186
0.631191968918
0.623787164688
0.620676994324
0.619325876236
0.619482040405
0.624134063721
0.630367994308
0.630254030228
0.61277794838
0.621221065521
0.617897987366
0.616605997086
0.623691082001
0.611302137375
0.619933128357
0.617069959641
0.623502016068
0.62109708786
0.614172935486
0.625804185867
0.611855983734
0.619812011719
0.624675989151
0.620298862457
0.63501906395
0.623693943024
0.616320133209
0.618818044662
0.621436834335
0.624456882477
0.624960899353
0.61843085289
0.620782136917
0.624587059021
0.612431049347
0.612525939941
0.620822906494
0.626260042191
0.629977941513
0.630223989487
0.618165969849
0.620153903961
0.621221065521
0.614706993103
0.617217063904
0.612064838409
0.610793113708
0.61990404129
0.615750789642
0.616059780121
0.631920814514
0.611009120941
0.626152992249
0.613671064377
0.619110107422
0.616844177246
0.629749059677
0.626371860504
0.627556085587
0.615112066269
0.619400978088
0.621507167816
0.625775098801
0.624861001968
0.613384008408
0.621756076813
0.622695922852
0.626073122025
0.622267007828
0.615566015244
0.627484083176
0.628743886948
0.621352910995
0.621046066284
0.625820875168
0.619184017181
0.623281955719
0.634250879288
0.621656894684
0.618474960327
0.612624168396
0.622964859009
0.623307943344
0.620471000671
0.617025852203
0.630736112595
0.615185022354
0.62585401535
0.615878105164
0.620274066925
0.618588924408
0.620048999786
0.622618913651
0.621135950089
0.620286941528
0.623295068741
0.621625185013
0.612508058548
0.635508060455
0.619266033173
0.632144927979
0.625986814499
0.615719079971
0.623243093491
0.618294000626
0.625374078751
0.619181156158
0.627481937408
0.625406980515
0.622066020966
0.6305539608
0.614921092987
0.631239175797
0.625986099243
0.622684955597
0.620856046677
0.625490188599
0.616002082825
0.624335050583
0.626416921616
0.620185136795
0.614530086517
0.620056152344
0.609345912933
0.621880054474
0.62228512764
0.619092941284
0.618844985962
0.616982936859
0.618105888367
0.617965936661
0.616708993912
0.618647098541
0.619824171066
0.623991966248
0.627410888672
0.618083000183
0.615072011948
0.623709917068
0.61662197113
0.628271102905
0.618332147598
0.623284101486
0.627120018005
0.61279296875
0.622046947479
0.622567176819
0.606909036636
0.615370035172
0.618476867676
0.612400054932
0.62252497673
0.624595165253
0.622704029083
0.634418964386
0.617141962051
0.607177972794
0.620949983597
0.616936922073
0.625539064407
0.622399806976
0.613811969757
0.624108076096
0.618340969086
0.616747140884
0.62265586853
0.627723932266
0.619272947311
0.62503695488
0.608721971512
0.625698804855
0.624793052673
0.617563009262
0.610985994339
0.616557121277
0.620187044144
0.627161026001
0.622334003448
0.611941099167
0.623684167862
0.617776155472
0.621197223663
0.619443893433
0.623634815216
0.626573085785
0.631664037704
0.622488975525
0.626662969589
0.614223957062
0.629004001617
0.62024307251
0.616448879242
0.622783899307
0.619997024536
0.617961168289
0.614821910858
0.616728067398
0.631363868713
0.628358840942
0.608537912369
0.607742071152
0.61908197403
0.613842010498
0.612812995911
0.628136873245
0.632179021835
0.624195098877
0.623161077499
0.624724149704
0.624821901321
0.62451004982
0.615696907043
0.617760896683
0.623641014099
0.618901014328
0.631189107895
0.619929075241
0.612105846405
0.618368864059
0.627483129501
0.625114917755
0.621669054031
0.618854999542
0.611399888992
0.61252617836
0.62344789505
0.615766048431
0.626055955887
0.612360954285
0.621916055679
0.617620944977
0.620443105698
0.634261846542
0.626671075821
0.617385149002
0.612349033356
0.621881961823
0.623441934586
0.626528024673
0.618258953094
0.623060941696
0.623043060303
0.623314857483
0.623553991318
0.630453109741
0.616677999496
0.627362966537
0.616585969925
0.618757009506
0.621175050735
0.624363899231
0.628824949265
0.627933979034
0.615909099579
0.623512983322
0.624575138092
0.626242876053
0.628833055496
0.622843027115
0.621300935745
0.615097045898
0.609663963318
0.613909006119
0.62544298172
0.617606878281
0.620692014694
0.621991872787
0.620175123215
0.619077920914
0.626478910446
0.614758968353
0.621163129807
0.627068042755
0.622123003006
0.617758989334
0.629760026932
0.618402004242
0.617285013199
0.625526189804
0.616535186768
0.620926141739
0.620838880539
0.624691009521
0.618510007858
0.619458913803
0.613147974014
0.617674827576
0.61496591568
0.611260175705
0.623274087906
0.626606941223
0.612065792084
0.618368864059
0.629829883575
0.617631912231
0.623142004013
0.633108854294
0.621450901031
0.614016056061
0.61260008812
0.616324901581
0.622299909592
0.619001865387
0.619428157806
0.623183965683
0.615510940552
0.62312412262
0.630965948105
0.622753143311
0.622197151184
0.615483999252
0.61990904808
0.619266986847
0.615354061127
0.62327504158
0.620064020157
0.620797157288
0.616102933884
0.620764970779
0.617571115494
0.623569965363
0.62114405632
0.628242015839
0.619841814041
0.618295907974
0.627099990845
0.625649929047
0.620510816574
0.627356052399
0.619178056717
0.618242025375
0.629571914673
0.621623039246
0.627524137497
0.615853071213
0.619676828384
0.611420869827
0.61810708046
0.621224880219
0.613384962082
0.628305912018
0.618848085403
0.616184949875
0.622375011444
0.629509925842
0.619552850723
0.615138053894
0.611331939697
0.61660194397
0.608411073685
0.632405996323
0.612159967422
0.624344110489
0.631110906601
0.610539913177
0.624078989029
0.620424032211
0.620922088623
0.629249095917
0.615896940231
0.623528003693
0.617681980133
0.621676206589
0.617662906647
0.619313001633
0.619594097137
0.622808933258
0.625543832779
0.620194196701
0.610756874084
0.620467185974
0.629075050354
0.622255086899
0.61824798584
0.618413925171
0.616842031479
0.624897003174
0.620285987854
0.622914075851
0.626247882843
0.616373062134
0.612243890762
0.634527921677
0.618654966354
0.623089075089
0.624878883362
0.618589162827
0.616713047028
0.619693040848
0.632234096527
0.623342990875
0.625654935837
0.620620012283
0.614995002747
0.629061937332
0.618447065353
0.618390083313
0.630393981934
0.62681388855
0.626280784607
0.614305019379
0.618028879166
0.618225097656
0.618144989014
0.617216110229
0.619472980499
0.620332956314
0.620332956314
0.626368999481
0.614749908447
0.614882946014
0.620963096619
0.619624853134
0.622213840485
0.621837854385
0.621706962585
0.615938186646
0.624330997467
0.625042200089
0.620048999786
0.626616001129
0.618550777435
0.623554944992
0.619026899338
0.627859830856
0.612434148788
0.619714975357
0.624477863312
0.615309000015
0.615653991699
0.620552062988
0.620503902435
0.617714166641
0.622487068176
0.617076158524
0.624857902527
0.634665966034
0.605231046677
0.619189023972
0.624162912369
0.622662067413
0.624871015549
0.629563808441
0.615779876709
0.612758874893
0.622037887573
0.6287150383
0.61666893959
0.62597489357
0.62895989418
0.623932123184
0.623384952545
0.632174968719
0.620846986771
0.630895853043
0.622159957886
0.616316080093
0.619585037231
0.621829986572
0.622560977936
0.61429309845
0.619919061661
0.612384080887
0.614312171936
0.604938030243
0.62783908844
0.626000165939
0.625511169434
0.622236967087
0.625772953033
0.627510070801
0.625829935074
0.628839969635
0.617966175079
0.623214960098
0.625847101212
0.631195068359
0.622982978821
0.622132062912
0.607575178146
0.614778995514
0.621659994125
0.612270116806
0.631390810013
0.62331700325
0.622514009476
0.617094993591
0.630362987518
0.621767044067
0.613975048065
0.613739013672
0.616510868073
0.629432916641
0.61988902092
0.619464874268
0.617491006851
0.628030061722
0.619807004929
0.6150598526
0.620536088943
0.623596906662
0.627574920654
0.622432947159
0.627536058426
0.621935129166
0.622171878815
0.611081838608
0.617676019669
0.624111890793
0.610881090164
0.618413209915
0.616982936859
0.619292020798
0.629600048065
0.626667976379
0.620815038681
0.622976064682
0.628345966339
0.633404970169
0.629956007004
0.626953125
0.625607967377
0.62486410141
0.623589038849
0.617961168289
0.621387004852
0.619787931442
0.617274045944
0.618576049805
0.622323989868
0.625283956528
0.620769023895
0.618199825287
0.628587961197
0.622446060181
0.611082077026
0.625641107559
0.618613958359
0.626825809479
0.617717981339
0.623258829117
0.62332201004
0.619875907898
0.623273134232
0.622529029846
0.613116025925
0.611624002457
0.619428873062
0.622021913528
0.633098840714
0.623486042023
0.614912986755
0.612267017365
0.626007795334
0.610634088516
0.62370800972
0.607950925827
0.633149862289
0.619844913483
0.628702163696
0.629606962204
0.623177051544
0.624086856842
0.615178823471
0.630071878433
0.624511957169
0.618414878845
0.625886917114
0.618764877319
0.620179176331
0.617156028748
0.619640111923
0.617484092712
0.622744083405
0.624744176865
0.611464977264
0.618606090546
0.627407073975
0.620023965836
0.620990037918
0.622429847717
0.633631944656
0.626112937927
0.616558074951
0.622315168381
0.626451015472
0.619866132736
0.608690977097
0.620846033096
0.629616975784
0.623919963837
0.623409032822
0.619636058807
0.624311208725
0.624083042145
0.623659133911
0.614341974258
0.62583398819
0.632774829865
0.622417211533
0.619101047516
0.619575023651
0.615102052689
0.616312980652
0.622408866882
0.633935928345
0.62961101532
0.628690958023
0.62750005722
0.619395017624
0.611069202423
0.610600948334
0.608174085617
0.624371051788
0.624738931656
0.616759061813
0.628901004791
0.62042593956
0.615721940994
0.619149208069
0.629390001297
0.625688076019
0.619616985321
0.61732506752
0.623727083206
0.623474121094
0.615341901779
0.630888938904
0.617021083832
0.621871948242
0.62025809288
0.613520145416
0.626921892166
0.623874902725
0.610350131989
0.608109951019
0.619209051132
0.616337060928
0.613861083984
0.627179861069
0.626624822617
0.629055976868
0.624022960663
0.625571012497
0.614701032639
0.622370004654
0.623296976089
0.627157926559
0.626658916473
0.619496107101
0.615104913712
0.632560968399
0.622297048569
0.618197917938
0.618267059326
0.620012044907
0.613255023956
0.618401050568
0.616062879562
0.623699903488
