0.651153087616
0.651795148849
0.650544881821
0.669970035553
0.669883012772
0.66543507576
0.661719799042
0.666032075882
0.647899150848
0.634160041809
0.643368005753
0.641911029816
0.649121046066
0.642264842987
0.647106170654
0.661197185516
0.671984910965
0.669363975525
0.665051221848
0.661809921265
0.700862169266
0.719602108002
0.734405994415
0.723243951797
0.73339009285
0.74466085434
0.698168992996
0.700293064117
0.697537899017
0.706583976746
0.707997083664
0.678123950958
0.670928001404
0.658401012421
0.67151594162
0.662249088287
0.657191038132
0.672345161438
0.689373970032
0.694880008698
0.684186935425
0.688106060028
0.686898946762
0.678391933441
0.669169902802
0.665816068649
0.662943840027
0.668305873871
0.663416147232
0.652349948883
0.632796049118
0.650247097015
0.649692058563
0.641309976578
0.644541025162
0.667350053787
0.673230886459
0.682860136032
0.666089057922
0.673276901245
0.668850898743
0.665649175644
0.649536132812
0.643746137619
0.641077041626
0.659622907639
0.653480052948
0.649026155472
0.664519071579
0.660377025604
0.66139793396
0.672482013702
0.674511909485
0.697235107422
0.737064123154
0.725339174271
0.732897996902
0.720940828323
0.729808807373
0.706725120544
0.697981834412
0.703385829926
0.697649002075
0.699653148651
0.692249059677
0.670511007309
0.669730901718
0.66791009903
0.667364835739
0.680021047592
0.674123048782
0.651280164719
0.646061897278
0.65284705162
0.652489900589
0.649749994278
0.651113033295
0.662599802017
0.67783498764
0.670037984848
0.681366205215
0.670791149139
0.685697078705
0.645967006683
0.641820907593
0.651449203491
0.647910118103
0.651371002197
0.652818918228
0.671484947205
0.677941799164
0.675840854645
0.677165985107
0.668685913086
0.675930023193
0.662743091583
0.647330999374
0.646339893341
0.661711931229
0.652207136154
0.653006076813
0.65686416626
0.670675992966
0.667067050934
0.673807144165
0.675299882889
0.665292978287
0.645260810852
0.640726089478
0.638012886047
0.630614995956
0.6396920681
0.636092185974
0.65073800087
0.661317110062
0.671634912491
0.677124023438
0.687299013138
0.666319847107
0.646383047104
0.636620044708
0.63859295845
0.639637947083
0.635635852814
0.645263910294
0.647119998932
0.67170381546
0.66069316864
0.667526006699
0.665678977966
0.701990127563
0.662048816681
0.637242078781
0.639693021774
0.6417760849
0.642045021057
0.664522886276
0.644041061401
0.666162014008
0.671015977859
0.6703748703
0.668916940689
0.678736209869
0.667680025101
0.642452001572
0.64256811142
0.647365093231
0.64966583252
0.638783931732
0.647691965103
0.666355848312
0.66689491272
0.677034854889
0.668990135193
0.671454906464
0.664284944534
0.721274137497
0.725109100342
0.726164102554
0.718320131302
0.718183994293
0.700112104416
0.68846988678
0.687648057938
0.693746089935
0.68873500824
0.69091296196
0.683692932129
0.670104026794
0.662393093109
0.678990125656
0.675176858902
0.66224694252
0.650725126266
0.634485006332
0.644186973572
0.634202003479
0.643043041229
0.641569137573
0.652740955353
0.672241926193
0.660325050354
0.657408952713
0.656662940979
0.661132097244
0.659569978714
0.634697914124
0.644124984741
0.638109207153
0.642779111862
0.645385980606
0.637729167938
0.671687841415
0.662751197815
0.653187036514
0.658229827881
0.666903972626
0.664502859116
0.710867881775
0.716444969177
0.722476005554
0.715870141983
0.719616174698
0.712918043137
0.69215297699
0.689617156982
0.688122987747
0.691367864609
0.695741176605
0.677801847458
0.662325143814
0.665564060211
0.673987865448
0.656403064728
0.68300318718
0.649731874466
0.641598939896
0.641980886459
0.640105009079
0.643990039825
0.638664960861
0.663749217987
0.660551071167
0.675195932388
0.679736852646
0.664578914642
0.66838312149
0.663199901581
0.639050960541
0.643100976944
0.641939163208
0.637516975403
0.648947000504
0.635931968689
0.662593126297
0.672358036041
0.658567905426
0.667530059814
0.676254034042
0.669970989227
0.719835042953
0.710862874985
0.716701030731
0.72176194191
0.712764024734
0.70743894577
0.689363002777
0.692056894302
0.697377204895
0.692108154297
0.679137945175
0.661864995956
0.656974077225
0.648087024689
0.665149927139
0.658555030823
0.66093993187
0.657821893692
0.636365175247
0.637932062149
0.638015985489
0.641891002655
0.637287139893
0.646535158157
0.665064811707
0.661879062653
0.662799119949
0.665326833725
0.682379007339
0.654294967651
0.640560865402
0.637943029404
0.641047000885
0.646633863449
0.644428014755
0.643790960312
0.659277915955
0.663875818253
0.6635658741
0.674782037735
0.659573078156
0.671690940857
0.724609851837
0.719845056534
0.717147111893
0.715227842331
0.715152978897
0.697510957718
0.687741994858
0.690479040146
0.692203998566
0.68678689003
0.684811115265
0.66254401207
0.660622119904
0.65470790863
0.660041093826
0.716605901718
0.699369192123
0.687860965729
0.698657989502
0.688874959946
0.683551073074
0.683506011963
0.690989017487
0.670126199722
0.66678404808
0.665103197098
0.66027712822
0.661138057709
0.657897949219
0.640985012054
0.638563871384
0.656851053238
0.642042160034
0.639383077621
0.642768859863
0.656589984894
0.673249006271
0.680459022522
0.673114061356
0.670224189758
0.664955854416
0.649947166443
0.637421131134
0.635296821594
0.644288063049
0.680250167847
0.647436141968
0.651152133942
0.658252000809
0.661580085754
0.666672945023
0.665676116943
0.666484832764
0.686128139496
0.719424009323
0.721027851105
0.72082901001
0.719844102859
0.720630884171
0.699776172638
0.686272144318
0.687573194504
0.689379930496
0.701268911362
0.689407110214
0.663818120956
0.663913965225
0.660132169724
0.669001102448
0.652940034866
0.662250995636
0.636348962784
0.643673181534
0.64272403717
0.645519018173
0.641596078873
0.635663032532
0.662636995316
0.662307024002
0.669219970703
0.66868185997
0.667762041092
0.667470216751
0.647806882858
0.639132022858
0.6576628685
0.647279024124
0.642114162445
0.645137071609
0.667465925217
0.66167807579
0.659617900848
0.65722489357
0.905946969986
0.664407968521
0.640209913254
0.631804227829
0.64230298996
0.630867958069
0.640002965927
0.7103099823
0.67062997818
0.668051958084
0.672644853592
0.664732933044
0.6662940979
0.665144920349
0.652362108231
0.63578081131
0.639148950577
0.643042087555
0.645495891571
0.64501285553
0.663161039352
0.663862943649
0.668344974518
0.676185131073
0.67111492157
0.669203996658
0.645933866501
0.642215967178
0.636182785034
0.640475988388
0.64341211319
0.639098167419
0.676031827927
0.671578884125
0.663707017899
0.66891002655
0.66544508934
0.664242982864
0.65779709816
0.64274096489
0.655766010284
0.643910169601
0.643343925476
0.650910139084
0.658377170563
0.669723033905
0.663745164871
0.666329860687
0.668496847153
0.666737794876
0.664802074432
0.651383876801
0.718112945557
1.11383605003
0.603741168976
0.635928869247
0.673503160477
0.673629045486
0.691759109497
0.667705059052
0.659836053848
0.668534994125
0.719032049179
0.721081972122
0.721944093704
0.718929052353
0.730903863907
0.702068090439
0.698242902756
0.689698934555
0.692560911179
0.690121889114
0.686594963074
0.678635835648
0.662389993668
0.667834997177
0.669528007507
0.664709091187
0.660744905472
0.655537128448
0.651263952255
0.644020080566
0.64234495163
0.633008003235
0.63783621788
0.656195878983
0.670923948288
0.67462182045
0.661453008652
0.66500878334
0.660251140594
0.660969018936
0.643549919128
0.637614011765
0.647911071777
0.641266107559
0.644730091095
0.646749019623
0.666318893433
0.660467863083
0.66993689537
0.660498857498
0.682654857635
0.674384117126
0.722274065018
0.716529130936
0.720911026001
0.72083902359
0.722238063812
0.709495782852
0.695128202438
0.692265987396
0.698240041733
0.700100898743
0.699155092239
0.672392845154
0.674032926559
0.668798923492
0.666455984116
0.677827119827
0.664201974869
0.691556930542
0.690326213837
0.687319993973
0.685028076172
0.697360038757
0.693693161011
0.669872999191
0.66850399971
0.666653156281
0.664534091949
0.642464160919
0.630451202393
0.65472984314
0.647729158401
0.675965070724
0.650847911835
0.645277023315
0.64585018158
0.664902925491
0.665799856186
0.668478965759
0.660678863525
0.663352012634
0.662093877792
0.701141119003
0.723328828812
0.716557025909
0.715945959091
0.71750497818
0.704139947891
0.696376085281
0.684048891068
0.688404083252
0.693434000015
0.697196006775
0.68424487114
0.660869121552
0.667641878128
0.66645693779
0.66749215126
0.667578935623
0.652731180191
0.637404918671
0.641923904419
0.637835979462
0.640606164932
0.63724899292
0.639536142349
0.668190956116
0.669068098068
0.665954113007
0.659782171249
0.641129016876
0.637149095535
0.72974896431
0.713673830032
0.722764015198
0.720010995865
0.720968008041
0.705411911011
0.695667028427
0.704073905945
0.698525905609
0.697497844696
0.689584970474
0.675807952881
0.667512893677
0.65967297554
0.669270992279
0.665724039078
0.667955160141
0.646417856216
0.652018785477
0.674682855606
0.64803981781
0.640011072159
0.644464969635
0.660561084747
0.664430141449
0.654709100723
0.668107032776
0.661304950714
0.672112941742
0.705462932587
0.723091840744
0.724048137665
0.726733922958
0.73121881485
0.710130929947
0.700469970703
0.677602052689
0.691179990768
0.687561988831
0.698685884476
0.681370973587
0.678920030594
0.666376113892
0.665009975433
0.6668009758
0.669465065002
0.650665998459
0.636027812958
0.644399166107
0.64392209053
0.634590864182
0.647095918655
0.648928165436
0.679895162582
0.679058074951
0.670829057693
0.665088891983
0.660639047623
0.665021896362
0.643748998642
0.646070957184
0.649543046951
0.644264936447
0.641088008881
0.639423131943
0.659854888916
0.670766115189
0.661973953247
0.660408973694
0.657842874527
0.661102056503
0.700253009796
0.72140789032
0.720414876938
0.720468997955
0.710546970367
0.708057880402
0.691498041153
0.687846183777
0.686017036438
0.67623591423
0.683784008026
0.674216985703
0.65859079361
0.665628910065
0.660220146179
0.662161827087
0.677141189575
0.657752037048
0.645077943802
0.647685050964
0.660187959671
0.662132978439
0.642377138138
0.680733203888
0.676158905029
0.672972917557
0.679743051529
0.663333177567
0.675226211548
0.698089122772
0.669607162476
0.656159162521
0.75697183609
0.648562908173
0.653326034546
0.638018131256
0.631124973297
0.632181167603
0.621231794357
0.627121925354
0.621914148331
0.621222019196
0.648506164551
0.654383897781
0.650045156479
0.647171974182
0.656773805618
0.657675027847
0.632314920425
0.631032943726
0.627871990204
0.630332946777
0.632797956467
0.624268054962
0.648729085922
0.65812420845
0.657477855682
0.656945943832
0.656854867935
0.657124996185
0.650597810745
0.629330158234
0.628023862839
0.626196146011
0.628979921341
0.653840065002
0.647701978683
0.615347146988
0.618535041809
0.611721038818
0.614557027817
0.648488998413
0.623608112335
0.646214008331
0.631419181824
0.633414030075
0.633647918701
0.630264997482
0.654165029526
0.658697843552
0.691406011581
0.691823959351
0.69007897377
0.696397066116
0.71952009201
0.727899074554
0.660701990128
0.655505180359
0.654681921005
0.661874055862
0.65013217926
0.694061994553
0.622359991074
0.633211135864
0.63217997551
0.631544113159
0.623234033585
0.673746109009
0.664278030396
0.666753053665
0.661087036133
0.652992010117
0.678230047226
0.666131973267
0.637710094452
0.633595943451
0.626864910126
0.636244058609
0.649290084839
0.663821935654
0.658560991287
0.660306930542
0.651359081268
0.649147987366
0.65017080307
0.656420946121
0.630462884903
0.625290155411
0.688816070557
0.649740934372
0.626422166824
0.627169132233
0.603170871735
0.609124898911
0.61022400856
0.604156017303
0.604104042053
0.599828958511
0.605432033539
0.641360044479
0.634673833847
0.630125045776
0.630707025528
0.627934932709
0.632875919342
0.618043899536
0.649210929871
0.613396883011
0.626911878586
0.634438991547
0.631905078888
0.62795996666
0.626389026642
0.632636070251
0.630013942719
0.635056018829
0.634463071823
0.644069910049
0.702720880508
0.697512865067
0.69749879837
0.696728944778
0.699415922165
0.678564071655
0.646441936493
0.644777059555
0.644080877304
0.660646915436
0.653659820557
0.648054122925
0.620229959488
0.624739170074
0.694717884064
0.62452507019
0.623018980026
0.619691133499
0.649245977402
0.648979902267
0.647503137589
0.642951011658
0.651973009109
0.660840034485
0.636019945145
0.624817848206
0.62224817276
0.629487037659
0.620491027832
0.616795063019
0.633212089539
0.667263031006
0.652627944946
0.64643907547
0.636192083359
0.659205913544
0.656817913055
0.646651029587
0.629891872406
0.639623880386
0.631628036499
0.631458044052
0.62775683403
0.613085985184
0.605098009109
0.611561059952
0.608253002167
0.604789018631
0.604383945465
0.614196062088
0.623970031738
0.621944189072
0.626442909241
0.628558158875
0.616773843765
0.623362779617
0.610525846481
0.60502910614
0.603785991669
0.603039979935
0.603773832321
0.597187042236
0.605008840561
0.626037120819
0.630481958389
0.6320540905
0.629987001419
0.625730037689
0.676759004593
0.610395908356
0.603487968445
0.608357906342
0.60146689415
0.628370046616
0.617995023727
0.656398057938
0.600261926651
0.601345062256
0.595197916031
0.60330080986
0.602864027023
0.624212026596
0.60768198967
0.604026794434
0.609395027161
0.594238042831
0.604717969894
0.60863494873
0.621461868286
0.673211097717
0.682702064514
0.675898075104
0.689792871475
0.69532418251
0.710904121399
0.63694190979
0.644417047501
0.691179990768
0.63595199585
0.647948980331
0.633703947067
0.613003015518
0.607924938202
0.603954076767
0.61240696907
0.639213085175
0.675390958786
0.619331121445
0.60501909256
0.60130405426
0.598318099976
0.61092710495
0.614804983139
0.662288188934
0.600378036499
0.596096038818
0.606169939041
0.611362934113
0.630632162094
0.657603025436
0.62695980072
0.644593954086
0.600980043411
0.61851978302
0.596568107605
0.604115962982
0.663413047791
0.599489927292
0.602277994156
0.603627920151
0.603295087814
0.602668046951
0.680786132812
0.608366966248
0.659711122513
0.597083091736
0.60386800766
0.59933590889
0.609368085861
0.611106157303
0.610572099686
0.618191003799
0.59819817543
0.605619192123
0.597158908844
0.692853927612
0.618762969971
0.608469963074
0.603116989136
0.603392124176
0.604814052582
0.599883079529
0.658607959747
0.598727941513
0.60927605629
0.605565071106
0.603568792343
0.605841875076
0.657124996185
0.627631902695
0.635987997055
0.608164072037
0.617944002151
0.596909046173
0.609402179718
0.602321147919
0.597015857697
0.605828046799
0.614281177521
0.602643966675
0.611103057861
0.661510944366
0.613061904907
0.599068164825
0.604073047638
0.602416992188
0.608778953552
0.605027914047
0.634015798569
0.616823196411
0.617836952209
0.604189157486
0.601339817047
0.638496875763
0.680833101273
0.624836206436
0.603245973587
0.607172012329
0.602576971054
0.61497592926
0.602695941925
0.66233086586
0.618494033813
0.609058141708
0.610446929932
0.599622964859
0.609773874283
0.640269041061
0.62584400177
0.65634894371
0.606433153152
0.605424880981
0.602414131165
0.597961902618
0.597632884979
0.600089073181
0.603941917419
0.609488010406
0.605365991592
0.598134994507
0.686367988586
