0.336516857147
0.358220100403
0.313174009323
0.341611146927
0.337319850922
0.304765939713
0.324050188065
0.329780101776
0.308783054352
0.28982591629
0.31748509407
0.318889856339
0.317644834518
0.317770957947
0.317626953125
0.311468839645
0.322845935822
0.319754123688
0.323972940445
0.317255973816
0.322142839432
0.31494307518
0.320909976959
0.32165312767
0.308192014694
0.320192098618
0.326615810394
0.287899017334
0.340245962143
0.305843114853
0.306306123734
0.319921016693
0.342442035675
0.305842161179
0.332026958466
0.302612066269
0.296792984009
0.321668148041
0.308541059494
0.333712100983
0.309201002121
0.297068119049
0.29816198349
0.329466104507
0.294246912003
0.311587095261
0.305323839188
0.34291100502
0.314805030823
0.323971986771
0.310455083847
0.310663938522
0.317353010178
0.314815044403
0.307050943375
0.302469015121
0.292515993118
0.338320016861
0.342890024185
0.315507888794
0.359136104584
0.338599205017
0.335313081741
0.371497154236
0.351605892181
0.323127031326
0.345597028732
0.330182790756
0.348887205124
0.36607003212
0.314071178436
0.342550039291
0.349925041199
0.316294193268
0.325428009033
0.303589820862
0.316925048828
0.313072919846
0.347270011902
0.313522815704
0.345272064209
0.333909034729
0.351912975311
0.358514785767
0.322652101517
0.295734882355
0.324555158615
0.309952974319
0.295294046402
0.311621904373
0.302911043167
0.323003053665
0.301460981369
0.343653917313
0.334936857224
0.32479596138
0.305923938751
0.318218946457
0.303460836411
0.317887067795
0.330949068069
0.307414054871
0.326388120651
0.302850961685
0.299078941345
0.281007051468
0.330435991287
0.305145025253
0.325709104538
0.284169912338
0.332262992859
0.33251786232
0.351369857788
0.31963300705
0.339390039444
0.334681034088
0.310734033585
0.337600231171
0.310359954834
0.317049026489
0.300149917603
0.323683977127
0.302526950836
0.299167871475
0.296873807907
0.324308872223
0.299556970596
0.332400083542
0.30177283287
0.284452915192
0.329200983047
0.303562879562
0.312880992889
0.311995983124
0.311858892441
0.336527109146
0.298485040665
0.318836927414
0.327049970627
0.331652164459
0.308566093445
0.336119890213
0.313177108765
0.305474996567
0.329066038132
0.300198078156
0.324489831924
0.338848114014
0.350579977036
0.333984851837
0.345854997635
0.35044002533
0.383828878403
0.347229003906
0.352112054825
0.325841903687
0.334775924683
0.334538936615
0.360665798187
0.330175161362
0.327926874161
0.349412918091
0.334580898285
0.355763912201
0.323503017426
0.319159984589
0.320574998856
0.320070028305
0.331511974335
0.311587095261
0.325977802277
0.302521944046
0.320894956589
0.300620079041
0.316791057587
0.313585996628
0.319431066513
0.32050204277
0.326496124268
0.342445135117
0.330878973007
0.342996120453
0.320678949356
0.31125497818
0.286319971085
0.30780005455
0.322047948837
0.28416800499
0.293316841125
0.295015096664
0.287341117859
0.303544044495
0.280563831329
0.31080198288
0.277050018311
0.311528921127
0.313997983932
0.303364992142
0.30056810379
0.319578886032
0.318557024002
0.317015886307
0.342293977737
0.317462921143
0.309196949005
0.301201105118
0.325976848602
0.321300029755
0.329243898392
0.31155705452
0.280183076859
0.28306889534
0.308768033981
0.289098978043
0.321634054184
0.304688930511
0.30188202858
0.286530017853
0.325717926025
0.305040836334
0.328874111176
0.304807901382
0.322765827179
0.278862953186
0.344029903412
0.32009100914
0.3618080616
0.297476053238
0.298717021942
0.355700016022
0.344441175461
0.303204059601
0.30623292923
0.305131196976
0.346997022629
0.330176115036
0.332484006882
0.333567857742
0.352536916733
0.336995124817
0.32949090004
0.354506015778
0.363779067993
0.352077007294
0.372378826141
0.318796873093
0.345146894455
0.3432970047
0.370690822601
0.33212018013
0.355396986008
0.344690084457
0.311971902847
0.32023191452
0.337692975998
0.371784925461
0.343175888062
0.328305006027
0.33925318718
0.354968070984
0.34074306488
0.312479972839
0.337069988251
0.332698822021
0.282521009445
0.312417984009
0.292809963226
0.284954071045
0.328162908554
0.289171934128
0.311386108398
0.331064939499
0.321232795715
0.341418981552
0.344225168228
0.334451913834
0.324208021164
0.371907949448
0.366520881653
0.309773921967
0.352259159088
0.346544027328
0.316259860992
0.322194814682
0.319649934769
0.344277143478
0.30700802803
0.328650951385
0.29269695282
0.311175823212
0.315408945084
0.297761917114
0.324490070343
0.324020147324
0.296525001526
0.302322149277
0.286949872971
0.29570889473
0.316028833389
0.351057052612
0.289432048798
0.335119009018
0.320551156998
0.333252191544
0.321842908859
0.316028118134
0.320157051086
0.317302942276
0.311365127563
0.32208108902
0.337432861328
0.343037128448
0.31248497963
0.324084997177
0.336612939835
0.310287952423
0.306743860245
0.316742897034
0.34676194191
0.298958063126
0.297224998474
0.304935932159
0.309950113297
0.315244913101
0.32495880127
0.31697511673
0.282451152802
0.304038047791
0.311055898666
0.333166122437
0.332601070404
0.301620006561
0.296998977661
0.301868915558
0.324450016022
0.307859182358
0.312144041061
0.33422088623
0.306212902069
0.283527851105
0.342730045319
0.325099945068
0.329293012619
0.30853509903
0.305963993073
0.328976154327
0.319486141205
0.389806032181
0.320557117462
0.353518009186
0.35554599762
0.330760955811
0.335524082184
0.325355052948
0.351142168045
0.324420928955
0.323106050491
0.372471094131
0.325388908386
0.329474925995
0.318111896515
0.312060117722
0.341703891754
0.345945119858
0.329110860825
0.303180932999
0.317480802536
0.317083120346
0.301059007645
0.314257144928
0.29672908783
0.33621096611
0.312931060791
0.310255050659
0.308981895447
0.300712108612
0.314915895462
0.286315917969
0.316839933395
0.32476401329
0.326579093933
0.300892829895
0.312852144241
0.32798409462
0.329304933548
0.311779975891
0.316411018372
0.308861970901
0.293054819107
0.337424039841
0.297579050064
0.307569980621
0.293277978897
0.312339067459
0.291089773178
0.300121068954
0.309043884277
0.326748132706
0.30081486702
0.327147006989
0.316365003586
0.306854009628
0.336301088333
0.297220945358
0.323206186295
0.325101137161
0.342831134796
0.320695161819
0.292016983032
0.291922092438
0.319103956223
0.313849925995
0.301876068115
0.33433508873
0.308240890503
0.298741102219
0.321851015091
0.285211086273
0.300812959671
0.304260015488
0.331274986267
0.325871944427
0.316071987152
0.317789077759
0.287518024445
0.307034015656
0.369709014893
0.325911045074
0.310311079025
0.285924196243
0.293516159058
0.311486959457
0.328366041183
0.312992095947
0.309965133667
0.335341930389
0.298233985901
0.324227809906
0.309710979462
0.322165966034
0.340670824051
0.339621067047
0.312906980515
0.330591917038
0.314027070999
0.36914896965
0.326814889908
0.327863931656
0.339520931244
0.319932937622
0.351994991302
0.326287984848
0.302953958511
0.331292867661
0.349174022675
0.323138952255
0.343722105026
0.30309510231
0.331952095032
0.289350032806
0.338266134262
0.29196190834
0.319562196732
0.31828212738
0.288247108459
0.293730974197
0.311772108078
0.318219184875
0.311760902405
0.308192968369
0.294564008713
0.29345703125
0.342881917953
0.31409406662
0.276986837387
0.299049139023
0.330744981766
0.308380842209
0.325417041779
0.302009105682
0.333954811096
0.332035064697
0.308530092239
0.30018901825
0.316598892212
0.281713008881
0.281014204025
0.299097061157
0.316025972366
0.331857919693
0.29970908165
0.29466509819
0.308763027191
0.287885904312
0.31440615654
0.297397851944
0.275866031647
0.324014186859
0.328096151352
0.303869009018
0.344061136246
0.307797193527
0.320116043091
0.330137014389
0.320755004883
0.309062004089
0.323303937912
0.342470884323
0.304484844208
0.343039035797
0.30140709877
0.314098834991
0.321928024292
0.288629055023
0.294805049896
0.313180923462
0.303125858307
0.3334441185
0.324285984039
0.319809913635
0.305648088455
0.326305866241
0.336027860641
0.313647985458
0.303797006607
0.303908109665
0.387534856796
0.347427129745
0.295931816101
0.314428091049
0.32661485672
0.320993900299
0.333648204803
0.330692052841
0.309054136276
0.32873415947
0.286449193954
0.307720899582
0.288098096848
0.330540895462
0.510902166367
0.528738975525
0.548935174942
0.327352046967
0.310194015503
0.329225063324
0.30289721489
0.304708003998
0.313403844833
0.314727067947
0.334299087524
0.30215716362
0.32638502121
0.327380895615
0.343157052994
0.305202007294
0.339401006699
0.322844982147
0.357677936554
0.367032051086
0.344221115112
0.338244915009
0.359487056732
0.339514017105
0.334975004196
0.337308883667
0.3644490242
0.333066940308
0.327429056168
0.341516017914
0.3391289711
0.318353176117
0.352575063705
0.349472045898
0.317148923874
0.318971157074
0.355666875839
0.348057985306
0.363134860992
0.320415019989
0.326736927032
0.335639953613
0.303504943848
0.312657117844
0.330100059509
0.32715678215
0.331760883331
0.313487052917
0.349424123764
0.339568853378
0.301325082779
0.321580886841
0.321913957596
0.301988840103
0.346765995026
0.298877000809
0.312006950378
0.310172080994
0.297721862793
0.298272848129
0.322755098343
0.310334920883
0.307708978653
0.319321155548
0.312673091888
0.29127407074
0.313907146454
0.314162969589
0.288598060608
0.325017929077
0.302802801132
0.294811964035
0.327319145203
0.311527013779
0.330950975418
0.32151389122
0.31937289238
0.328320026398
0.333828926086
0.319847106934
0.289370059967
0.320503950119
0.333963155746
0.291425943375
0.333480119705
0.299952983856
0.305675029755
0.360548973083
0.301707029343
0.305119037628
0.309942007065
0.32538485527
0.325778961182
0.327188014984
0.311767101288
0.3406457901
0.36528801918
0.319298028946
0.320497989655
0.319427013397
0.319204092026
0.32217502594
0.346786022186
0.320767879486
0.316519975662
0.332681894302
0.33549118042
0.364050149918
0.32124710083
0.351375102997
0.330939054489
0.348789930344
0.361969947815
0.368886947632
0.345167160034
0.343518972397
0.354873895645
0.340929031372
0.300173997879
0.346591949463
0.345207929611
0.345947027206
0.326029062271
0.362489938736
0.310297012329
0.368196964264
0.327945947647
0.350395202637
0.33988904953
0.334947824478
0.301352024078
0.296190977097
0.32252407074
0.300069093704
0.313964128494
0.302302122116
0.332839012146
0.301102161407
0.338596105576
0.346324920654
0.333321094513
0.349549055099
0.328867912292
0.332432985306
0.350753068924
0.346840143204
0.357885122299
0.341699838638
0.313770055771
0.359949111938
0.368093967438
0.350903987885
0.326641082764
0.318195104599
0.327057123184
0.36962389946
0.305355072021
0.330581903458
0.313760995865
0.327027082443
0.311045885086
0.339370012283
0.557337999344
0.326298952103
0.303803920746
0.274797916412
0.306949138641
0.329653024673
0.302878141403
0.293744802475
0.301707029343
0.324506044388
0.323183059692
0.338618040085
0.300114154816
0.285620927811
0.287014007568
0.310788154602
0.341015100479
0.331037998199
0.302582025528
0.326138973236
0.316531896591
0.313997983932
0.328860044479
0.332795143127
0.310259103775
0.352957963943
0.309535980225
0.302639007568
0.341897010803
0.346304178238
0.344325065613
0.344787836075
0.306370973587
0.346976041794
0.387638092041
0.348642110825
0.351947069168
0.362403869629
0.328506946564
0.34299993515
0.328483104706
0.352672100067
0.304194927216
0.335026025772
0.344877004623
0.339819908142
0.341273069382
0.351963996887
0.377075910568
0.325922012329
0.304066181183
0.303029060364
0.304220914841
0.32895898819
0.301472187042
0.31546998024
0.316797971725
0.31232213974
0.298523902893
0.336874008179
0.306935071945
0.347177028656
0.337918996811
0.312838077545
0.326462984085
0.318341970444
0.287484884262
0.329088926315
0.304263114929
0.2924721241
0.319868087769
0.316489934921
0.278309106827
0.298300981522
0.285238027573
0.331837892532
0.279922962189
0.309653043747
0.346517086029
0.306069850922
0.315077066422
0.313709020615
0.302705049515
0.319391965866
0.323648929596
0.312292098999
0.303367853165
0.301644086838
0.290128946304
0.323791980743
0.329617023468
0.330446958542
0.341366052628
0.358757019043
0.361745834351
0.32720208168
0.353067159653
0.322144031525
0.336572885513
0.38689994812
0.359367847443
0.332630157471
0.3318400383
0.318269968033
0.316750049591
0.31713104248
0.336758136749
0.309064865112
0.329280853271
0.302247047424
0.310770988464
0.317787885666
0.338941812515
0.334548950195
0.334567785263
0.316065073013
0.315178155899
0.318513154984
0.324163913727
0.341534852982
0.326933145523
0.306622982025
0.320312023163
0.307163953781
0.308995962143
0.317421197891
0.319673061371
0.30447602272
0.319255113602
0.319065093994
0.301176071167
0.328094005585
0.290689945221
0.296977043152
0.302274942398
0.321991920471
0.310832977295
0.301414966583
0.327700853348
0.29586815834
0.329252958298
0.31472992897
0.33522605896
0.346527099609
0.332679033279
0.334585189819
0.29812002182
0.313544034958
0.330458164215
0.339375972748
0.333013057709
0.359123945236
0.303093910217
0.344259977341
0.338124990463
0.344779968262
0.364203929901
0.380799055099
0.363535165787
0.337993860245
0.331387996674
0.34889793396
0.359909057617
0.338546037674
0.363458871841
0.35554599762
0.328196048737
0.337980985641
0.324888944626
0.328652143478
0.357409000397
0.320176124573
0.323541879654
0.339658975601
0.289729118347
0.327042102814
0.338526010513
0.344476938248
0.34685587883
0.29792714119
0.334191799164
0.341636896133
0.319318056107
0.334057092667
0.326771974564
0.303051948547
0.309206962585
0.309365034103
0.313743114471
0.317259073257
0.320379972458
0.311153888702
0.309576034546
0.279236078262
0.309521913528
0.326632022858
0.311229944229
0.318583965302
0.308515071869
0.293586015701
0.339339017868
0.30956697464
0.33248591423
0.339029073715
0.313939094543
0.326599836349
0.357671022415
0.31327009201
0.329846143723
0.325673103333
0.344250917435
0.316489934921
0.306370973587
0.31436419487
0.305140972137
0.293969154358
0.327269077301
0.337413072586
0.300657987595
0.303447008133
0.27985906601
0.322456121445
0.313019037247
0.293822050095
0.330288887024
0.321211099625
0.351281166077
0.326293945312
0.348873138428
0.334071874619
0.322974920273
0.308959007263
0.304813146591
0.300390005112
0.342272996902
0.321974992752
0.331453084946
0.364678144455
0.309005022049
0.368616104126
0.339164018631
0.330018997192
0.329664945602
0.324249982834
0.358595848083
0.370970964432
0.326212882996
0.334139108658
0.335280895233
0.343003034592
0.35205411911
0.34903717041
0.337070941925
0.347931861877
0.310642957687
0.342087984085
0.31455206871
0.367494106293
0.355834960938
0.34739112854
0.334171056747
0.304413795471
0.309218168259
0.341210126877
0.304793119431
0.31804895401
0.326761007309
0.296482086182
0.314640045166
0.321051120758
0.33580493927
0.315330982208
0.331900835037
0.327692985535
0.305837154388
0.313279151917
0.324993133545
0.305665969849
0.292716026306
0.304355144501
0.293045043945
0.305658102036
0.299595832825
0.325100183487
0.276239871979
0.3292760849
0.309144020081
0.333158969879
0.325266122818
0.307147979736
0.325302124023
0.296108961105
0.321027994156
0.316694021225
0.333832025528
0.307651996613
0.33028793335
0.325161933899
