0.300786018372
0.255463123322
0.332797050476
0.257010936737
0.267971992493
0.265967130661
0.252156019211
0.250899076462
0.259588956833
0.24714422226
0.251005887985
0.25829911232
0.253978013992
0.249986886978
0.248312950134
0.2514128685
0.249634027481
0.251945972443
0.253431797028
0.257170915604
0.269750118256
0.258339881897
0.256083011627
0.261842012405
0.263064146042
0.256506919861
0.257174015045
0.269760847092
0.256203174591
0.265436887741
0.267720937729
0.253155946732
0.253604888916
0.253731012344
0.254334926605
0.259214878082
0.262450218201
0.274704933167
0.280246973038
0.294683933258
0.274956941605
0.27635383606
0.274678945541
0.286495923996
0.285060882568
0.271853923798
0.297814846039
0.281824111938
0.291182041168
0.281512975693
0.281229019165
0.268204212189
0.261414051056
0.266119003296
0.27835392952
0.285943984985
0.279242992401
0.269347906113
0.278874158859
0.270176172256
0.276043891907
0.274605035782
0.262892007828
0.265299797058
0.265722990036
0.26233291626
0.255289077759
0.25862288475
0.256000041962
0.291757106781
0.3843998909
0.251338005066
0.253129959106
0.273617982864
0.26025891304
0.259616136551
0.26002907753
0.257608890533
0.263365030289
0.255668878555
0.248752117157
0.248052120209
0.255047082901
0.246491193771
0.270545959473
0.36275100708
0.240305185318
0.245418071747
0.261482000351
0.24405503273
0.248414039612
0.243494987488
0.254523038864
0.254375934601
0.248350143433
0.24511885643
0.272253036499
0.255759000778
0.271497964859
0.256622076035
0.301383018494
0.339327096939
0.259917020798
0.253468990326
0.250287055969
0.251358985901
0.252727985382
0.264391183853
0.265279054642
0.266839027405
0.260697126389
0.279505968094
0.279330015182
0.273674964905
0.279317140579
0.286333084106
0.27780008316
0.282893180847
0.271502017975
0.271800041199
0.274866819382
0.285578012466
0.275842905045
0.274552106857
0.277801990509
0.26814198494
0.277215003967
0.268258094788
0.265528917313
0.271394014359
0.277292966843
0.266096830368
0.266042947769
0.262886047363
0.264526844025
0.267974853516
0.264310121536
0.265123844147
0.26923418045
0.264148950577
0.271279096603
0.263563156128
0.258633852005
0.258882045746
0.258989810944
0.262068033218
0.253469944
0.256667852402
0.269722938538
0.25718998909
0.256814002991
0.26395201683
0.258823871613
0.256414175034
0.252157926559
0.262895107269
0.246481895447
0.250720024109
0.247051954269
0.251261949539
0.253724098206
0.255145072937
0.248584985733
0.250607013702
0.247270107269
0.243329048157
0.245982885361
0.253548145294
0.249595165253
0.248975038528
0.253298997879
0.257140159607
0.26665019989
0.262033939362
0.262938022614
0.276905059814
0.263520002365
0.271224021912
0.259968996048
0.273905992508
0.262037038803
0.263836145401
0.275961875916
0.264836072922
0.258287191391
0.262897968292
0.262825965881
0.262545108795
0.261635065079
0.264109134674
0.266710996628
0.249966144562
0.258890867233
0.2504529953
0.251845121384
0.256536006927
0.251259088516
0.252023220062
0.262548923492
0.257024049759
0.251413106918
0.251059055328
0.251904010773
0.250020980835
0.249922990799
0.253355026245
0.260071992874
0.263391017914
0.266869068146
0.26757311821
0.259384155273
0.263657093048
0.258930921555
0.262470006943
0.266275167465
0.266555786133
0.26163482666
0.25922703743
0.26114988327
0.267671108246
0.259156942368
0.258069992065
0.255373954773
0.252656936646
0.257119178772
0.248386144638
0.250909805298
0.258085012436
0.24979019165
0.25137090683
0.255588054657
0.250481128693
0.257256031036
0.253317117691
0.253566980362
0.267889976501
0.259000062943
0.26287984848
0.270672082901
0.268942117691
0.262583971024
0.259615898132
0.263565063477
0.259661912918
0.264048099518
0.263233184814
0.267902851105
0.269387960434
0.258287906647
0.265751123428
0.268439054489
0.261000156403
0.253181934357
0.253066062927
0.260370969772
0.258409976959
0.251891136169
0.249775886536
0.249485969543
0.253468036652
0.256477117538
0.262114048004
0.252208948135
0.256654024124
0.24885392189
0.252105951309
0.254974126816
0.258388996124
0.266899108887
0.266571044922
0.26153922081
0.261650085449
0.258458852768
0.262465953827
0.263248920441
0.269043922424
0.262111186981
0.260565042496
0.265842914581
0.258619070053
0.263711929321
0.265953063965
0.261127948761
0.26061797142
0.252306938171
0.256531953812
0.25361084938
0.258234024048
0.254010915756
0.252190828323
0.255131006241
0.253145933151
0.254211187363
0.249924898148
0.256814956665
0.257936000824
0.258563041687
0.255887031555
0.251345872879
0.268679141998
0.268522977829
0.270467042923
0.261501073837
0.266946077347
0.265620946884
0.26055598259
0.269907951355
0.27446103096
0.267826080322
0.259905099869
0.263607025146
0.260489225388
0.263901948929
0.258682966232
0.251096010208
0.256705999374
0.252434015274
0.258699178696
0.253771066666
0.263211965561
0.249505996704
0.258062124252
0.25461101532
0.253663063049
0.253355979919
0.252143859863
0.261054992676
0.255578994751
0.25400686264
0.260442018509
0.266220808029
0.265431880951
0.263460874557
0.265424966812
0.265482902527
0.267153978348
0.264240980148
0.262476921082
0.260680913925
0.263800144196
0.262143850327
0.261063814163
0.263895988464
0.265714883804
0.265948057175
0.256963968277
0.254190921783
0.254612207413
0.252300977707
0.253868103027
0.254243850708
0.251690149307
0.252009868622
0.255151033401
0.256232976913
0.251964092255
0.255913972855
0.264314174652
0.249505996704
0.252409934998
0.261101961136
0.266756057739
0.259560823441
0.262768030167
0.261332035065
0.260336875916
0.266558885574
0.266401052475
0.266143083572
0.261608839035
0.270055055618
0.267638921738
0.266709089279
0.257766008377
0.267915010452
0.257426977158
0.250036001205
0.252084970474
0.254703044891
0.253895998001
0.252006053925
0.252959012985
0.254524946213
0.249366998672
0.251539945602
0.252346992493
0.25646686554
0.253131151199
0.256177902222
0.249767065048
0.249760866165
0.253315925598
0.260385036469
0.268332004547
0.257601976395
0.262449979782
0.264946937561
0.266233921051
0.261988162994
0.264451026917
0.260993003845
0.264717102051
0.260773897171
0.260765075684
0.266756057739
0.265353918076
0.260992050171
0.264307975769
0.250943183899
0.255845785141
0.257248878479
0.252149105072
0.250243902206
0.251966953278
0.249890089035
0.255403995514
0.252091884613
0.255677938461
0.254804134369
0.253581047058
0.257615089417
0.257467985153
0.247708082199
0.253450870514
0.244323015213
0.258196115494
0.245844125748
0.243095874786
0.243410825729
0.248764038086
0.24752497673
0.250951051712
0.249330043793
0.244534015656
0.24982380867
0.254420042038
0.249979019165
0.249281167984
0.250407934189
0.25850892067
0.262031078339
0.262647867203
0.251580953598
0.255897045135
0.256188154221
0.25231385231
0.257974863052
0.25937795639
0.252199172974
0.254575967789
0.251088142395
0.256378173828
0.250079870224
0.252799987793
0.265419960022
0.287761926651
0.271071195602
0.267657995224
0.272218942642
0.26987195015
0.269633054733
0.276920080185
0.271527051926
0.27560210228
0.271836042404
0.2836561203
0.26918387413
0.273875951767
0.274400949478
0.265115976334
0.261009216309
0.264912128448
0.265940189362
0.267230987549
0.263157129288
0.277377843857
0.262313127518
0.267642021179
0.269456148148
0.260169029236
0.265928983688
0.264147996902
0.260637998581
0.262695074081
0.259122848511
0.255849838257
0.251450061798
0.250928878784
0.251145839691
0.255423784256
0.257740974426
0.26078414917
0.254258871078
0.255634069443
0.26437997818
0.25378704071
0.251730918884
0.260491132736
0.255334854126
0.256799936295
0.261113166809
0.269946098328
0.26397895813
0.26829791069
0.264447927475
0.26598906517
0.270745992661
0.266671180725
0.268008947372
0.262403011322
0.265643119812
0.2595307827
0.26548910141
0.269464015961
0.26452088356
0.253310918808
0.258548974991
0.254873991013
0.251647949219
0.25008893013
0.251608133316
0.250732898712
0.25185585022
0.252451896667
0.252771854401
0.249549150467
0.251047849655
0.251837015152
0.25159406662
0.250509977341
0.25683093071
0.259790897369
0.260123968124
0.256899118423
0.25915312767
0.26722407341
0.274231910706
0.260298013687
0.262448072433
0.261295795441
0.267885923386
0.25976395607
0.26358795166
0.269471168518
0.261672973633
0.260557889938
0.25340294838
0.25217795372
0.249686002731
0.256624937057
0.251698970795
0.25829410553
0.255686998367
0.250528097153
0.24863910675
0.25493812561
0.249664068222
0.254503011703
0.252814054489
0.259536027908
0.251632928848
0.252860069275
0.25843501091
0.265738010406
0.264286994934
0.263169050217
0.260760068893
0.255810976028
0.268978834152
0.271601915359
0.25957608223
0.260591030121
0.258349895477
0.267493963242
0.259547948837
0.261672973633
0.258503913879
0.260326147079
0.255995035172
0.257155895233
0.255933046341
0.253602981567
0.256478071213
0.255325078964
0.25773191452
0.259670972824
0.256076097488
0.249787092209
0.251376152039
0.251598834991
0.25888800621
0.252385139465
0.258345842361
0.263624191284
0.263388156891
0.262121915817
0.271025896072
0.262207984924
0.262759923935
0.265574932098
0.268825054169
0.262758970261
0.266767978668
0.264883041382
0.268847942352
0.263433933258
0.273581981659
0.260376930237
0.254796981812
0.259341001511
0.259120941162
0.257719993591
0.258269071579
0.254222869873
0.255745887756
0.251516103745
0.254477024078
0.26446890831
0.254171133041
0.262065887451
0.26011300087
0.250843048096
0.256160020828
0.270258903503
0.265460968018
0.264565944672
0.264074087143
0.267585992813
0.269185066223
0.267822027206
0.263067007065
0.266716957092
0.267678976059
0.261992931366
0.266686201096
0.260705947876
0.274004936218
0.270327806473
0.26172208786
0.255482912064
0.25704908371
0.257372140884
0.253676891327
0.252913951874
0.259197950363
0.250941991806
0.25551199913
0.250122070312
0.256589889526
0.25248503685
0.253392934799
0.25746512413
0.259979009628
0.261766910553
0.280161142349
0.275660037994
0.267499923706
0.263860940933
0.267961978912
0.264180898666
0.265990018845
0.270173072815
0.272988080978
0.264154911041
0.26615190506
0.264865159988
0.266191005707
0.262404918671
0.262228965759
0.259702920914
0.263053894043
0.255936861038
0.255643129349
0.251703977585
0.254586935043
0.252555847168
0.262976169586
0.251340866089
0.251659870148
0.256182909012
0.254915952682
0.25044798851
0.2513859272
0.251014947891
0.259262084961
0.263245105743
0.268111944199
0.262375116348
0.270829916
0.268667936325
0.259799003601
0.262065172195
0.263862133026
0.257332086563
0.260412931442
0.258963823318
0.263438940048
0.264769077301
0.26296710968
0.263189077377
0.250840902328
0.263064146042
0.25678896904
0.256507873535
0.25442814827
0.25200009346
0.257817029953
0.252096891403
0.256306171417
0.259500980377
0.255161046982
0.258422851562
0.252534866333
0.25580906868
0.258217096329
0.25980591774
0.265245914459
0.262627124786
0.2622859478
0.26044678688
0.265540122986
0.266315937042
0.268947124481
0.264649152756
0.263479948044
0.264493942261
0.264153957367
0.263339996338
0.259994983673
0.259532928467
0.258936882019
0.261641025543
0.25216794014
0.251209974289
0.25412607193
0.253155946732
0.255457878113
0.25509595871
0.251734972
0.255434036255
0.251433849335
0.256082057953
0.260964870453
0.253511190414
0.255091905594
0.261312007904
0.265633821487
0.267107963562
0.260426044464
0.268383979797
0.259640932083
0.267097949982
0.261863946915
0.260310173035
0.266065835953
0.263795137405
0.263099908829
0.263113021851
0.261175870895
0.26157283783
0.258502960205
0.271204948425
0.260910987854
0.251645088196
0.254562139511
0.250338792801
0.260184049606
0.251107931137
0.256422996521
0.258888959885
0.25358581543
0.252753019333
0.252233982086
0.255717992783
0.261329889297
0.256726980209
0.252930879593
0.267836093903
0.265609025955
0.265522003174
0.26468205452
0.269535064697
0.260010957718
0.266672134399
0.259999036789
0.263940095901
0.269587039948
0.266956806183
0.259202957153
0.272026062012
0.261388063431
0.271201848984
0.256740093231
0.259507894516
0.254750967026
0.254616975784
0.255177021027
0.255877017975
0.251816987991
0.253221988678
0.260761976242
0.253350973129
0.25909113884
0.258611917496
0.258913040161
0.256954908371
0.253635168076
0.264571905136
0.264811038971
0.261900901794
0.264464855194
0.26198887825
0.261413812637
0.271247148514
0.268301010132
0.263818979263
0.263284921646
0.266484022141
0.263215065002
0.27276301384
0.269364833832
0.267675876617
0.281269073486
0.257215976715
0.253335952759
0.251420021057
0.25351190567
0.256524085999
0.256175994873
0.256341934204
0.251924991608
0.256816864014
0.254332065582
0.255602836609
0.257833003998
0.256894111633
0.249979019165
0.256937026978
0.261798143387
0.263093948364
0.261645793915
0.264122009277
0.263664960861
0.264574050903
0.28212594986
0.262529850006
0.261893987656
0.263067007065
0.265312194824
0.268462181091
0.264976978302
0.266051054001
0.267117023468
0.26140999794
0.256733894348
0.254774808884
0.250076055527
0.251789808273
0.251904010773
0.258388996124
0.258151054382
0.256484985352
0.253182888031
0.254528045654
0.259418010712
0.252283096313
0.256145000458
0.256081819534
0.249777078629
0.261489868164
0.273215055466
0.262941837311
0.264071941376
0.272083044052
0.266263008118
0.264224052429
0.26264500618
0.26443696022
0.269264936447
0.271177053452
0.26816701889
0.267354011536
0.264346837997
0.263581037521
0.252853870392
0.252858161926
0.249008893967
0.25066781044
0.250289201736
0.250899076462
0.258221149445
0.252599000931
0.254432916641
0.254023075104
0.25324010849
0.252866029739
0.249238014221
0.251516103745
0.257419109344
0.252917051315
0.265937805176
0.262826919556
0.262969017029
0.260403871536
0.268092155457
0.263861894608
0.266116857529
0.272953033447
0.261862039566
0.268270015717
0.262862920761
0.266487836838
0.26686501503
0.265746116638
0.266292095184
0.254052877426
0.258805036545
0.259292125702
0.257885932922
0.255203008652
0.253677129745
0.252087831497
0.268929958344
0.260173082352
0.25239109993
0.263780117035
0.256883859634
0.266426801682
0.263438940048
0.253979206085
0.258301019669
0.27637386322
0.262845039368
0.267101049423
0.261868953705
0.266978025436
0.276302099228
0.264942169189
0.267155885696
0.260433912277
0.259541988373
0.266988992691
0.260690927505
0.262756109238
0.276491165161
0.263411998749
0.252744913101
0.258798837662
0.253616094589
0.254627943039
0.274720907211
0.261075973511
0.260356903076
0.258702039719
0.247851133347
0.253854990005
0.251575946808
0.257608175278
0.254368066788
0.253440856934
0.255950927734
0.266352891922
0.26734495163
0.261932134628
0.264883995056
0.26335811615
0.260616064072
0.261538028717
0.263392925262
0.263898849487
0.274847984314
0.266451120377
0.258108139038
0.262011051178
0.272255897522
0.268260002136
0.2567050457
0.252270936966
0.252791166306
0.252776861191
0.251678943634
0.255226135254
0.253983974457
0.258319854736
0.253998994827
0.262948989868
0.255390167236
0.257770061493
0.257513046265
0.261203050613
0.252671003342
0.256054878235
0.262527942657
0.263947963715
0.268153905869
0.259863853455
0.267855882645
0.263103961945
0.259870052338
0.263504981995
