450
482
471
452
438
461
466
451
453
468
467
461
469
468
476
460
461
470
470
469
478
467
456
461
470
463
476
481
465
457
470
470
466
477
459
479
485
464
465
474
486
442
476
444
461
467
480
485
477
480
469
433
471
462
474
476
452
451
465
443
473
462
494
446
486
474
467
460
479
475
477
453
464
463
496
453
454
477
467
468
445
472
426
453
459
447
477
471
478
459
461
469
465
460
465
459
475
461
463
480
479
471
480
473
447
486
477
485
478
467
460
472
461
464
464
466
451
463
448
467
481
465
449
461
442
465
462
459
472
474
457
478
473
466
461
476
478
483
445
467
475
449
447
458
451
464
473
481
486
472
469
458
433
486
462
474
455
482
479
464
449
447
471
472
472
456
437
464
472
474
475
456
452
472
475
465
488
476
446
482
441
438
463
471
483
470
450
455
462
489
441
470
453
475
470
457
479
475
483
479
489
466
475
458
456
420
463
432
456
454
466
457
436
449
488
484
449
445
480
465
461
463
458
451
457
481
467
451
465
462
469
482
471
464
480
441
463
453
475
458
466
481
447
449
446
463
486
475
477
477
456
435
456
485
470
491
459
447
473
452
481
441
461
460
460
472
448
452
467
458
482
459
462
449
477
471
464
478
467
478
446
474
460
471
457
474
441
442
456
487
467
481
482
464
478
458
452
449
469
467
462
461
482
469
466
472
456
481
440
448
481
474
472
475
471
469
436
487
447
464
452
450
450
450
469
443
463
474
460
488
468
471
481
454
468
473
490
480
448
463
485
462
472
478
472
464
485
466
441
434
472
451
469
473
467
469
469
430
463
484
465
494
471
484
445
485
469
458
460
437
488
459
469
467
474
467
452
458
472
472
479
476
462
481
471
477
459
465
491
451
443
452
473
476
470
472
471
468
442
442
458
475
463
471
439
482
460
472
434
482
467
458
472
466
464
448
472
469
460
477
444
455
462
457
459
463
460
447
453
474
459
467
469
458
450
460
453
453
481
480
455
473
457
435
435
466
474
447
473
438
477
458
484
460
485
457
454
463
459
477
478
458
465
471
482
454
460
466
475
474
482
447
474
472
471
461
479
454
459
478
447
485
469
460
461
452
461
462
463
464
466
468
472
435
457
474
457
468
467
475
471
464
451
477
472
465
450
467
462
464
478
456
475
459
466
464
474
480
457
475
463
472
473
485
460
469
453
473
433
487
457
455
485
426
468
455
450
460
479
477
477
439
479
467
478
485
475
455
454
458
487
464
460
489
472
455
475
466
456
473
448
487
462
466
480
470
479
464
438
451
469
457
434
460
480
489
474
473
469
463
474
443
456
460
474
478
460
463
481
474
450
471
477
444
480
471
456
450
465
462
469
477
466
449
449
450
461
463
497
483
478
460
485
457
481
463
465
450
476
466
444
480
485
487
479
469
487
452
458
470
471
455
464
473
475
475
460
445
470
431
475
472
480
476
466
482
489
487
459
479
465
473
463
492
469
479
471
447
473
477
466
437
474
465
464
453
434
476
464
467
487
480
453
459
484
475
496
481
495
438
470
450
482
443
484
464
466
469
456
448
448
475
450
459
486
490
452
459
458
468
453
471
450
475
479
462
460
458
486
473
483
444
464
475
482
433
483
463
465
465
479
454
485
457
488
450
461
438
462
479
481
451
479
479
486
474
452
469
460
437
468
447
455
448
437
472
466
485
448
463
453
458
465
471
450
471
493
474
473
479
475
469
475
465
464
483
449
450
468
473
457
471
472
476
485
438
463
440
473
473
480
468
435
459
461
452
459
464
472
478
481
484
470
485
435
489
465
474
480
469
463
453
481
476
454
464
465
469
454
461
467
481
470
462
474
465
469
469
444
444
473
442
459
474
461
458
481
471
464
449
453
457
475
453
483
478
476
482
473
474
455
441
446
454
472
486
450
448
480
460
456
461
484
467
468
460
434
491
471
467
470
451
478
490
479
474
476
443
477
469
446
465
487
486
450
480
455
471
464
435
465
439
456
452
475
493
458
468
454
486
460
483
452
463
476
465
465
483
481
492
461
494
479
450
458
445
449
459
471
479
455
460
453
471
442
488
472
458
462
444
471
476
465
458
447
475
456
453
461
474
463
464
463
467
465
453
467
474
487
477
483
469
485
477
476
454
463
472
480
457
485
461
454
473
480
460
470
454
477
465
481
437
464
436
486
475
485
477
467
478
456
460
474
469
469
476
474
457
477
465
487
481
497
474
467
449
463
475
444
446
458
488
478
467
448
481
466
456
464
463
