467
466
492
489
464
486
474
497
492
485
488
494
486
484
483
477
485
504
496
493
480
485
487
488
492
507
496
498
488
476
485
492
477
472
489
482
466
485
492
493
478
485
489
464
495
481
477
476
484
489
462
486
494
481
476
490
483
496
491
492
497
484
478
485
461
475
488
464
460
494
494
491
497
482
487
479
464
489
484
492
481
494
485
486
483
489
466
478
482
480
493
487
489
479
475
489
490
477
495
484
481
484
459
469
487
494
479
497
491
488
494
492
495
483
485
486
485
489
491
471
477
500
464
482
493
487
483
494
472
485
484
488
479
481
492
472
485
475
466
476
464
470
480
486
484
460
471
489
480
496
473
502
461
495
481
497
489
474
482
495
491
495
482
490
484
492
470
484
483
472
477
491
483
489
484
485
485
491
501
485
481
477
487
501
474
492
485
498
498
474
492
487
476
480
503
486
489
501
484
480
480
485
489
502
497
479
481
485
471
495
491
493
486
496
486
497
477
498
476
491
489
487
499
486
496
476
478
491
485
470
482
486
481
510
493
484
482
481
488
479
480
498
493
487
498
469
485
489
470
490
484
481
490
485
474
482
479
495
496
476
472
482
498
493
498
493
488
467
482
470
483
495
486
504
496
484
488
486
479
485
468
479
491
489
495
488
477
487
492
476
487
484
485
491
483
491
480
500
488
491
501
498
485
485
488
492
495
491
480
487
489
490
487
481
485
479
472
493
465
492
488
484
482
482
489
471
468
499
470
494
493
484
494
485
485
496
482
485
481
483
478
484
468
478
474
486
487
495
482
478
474
492
491
489
488
480
478
480
483
489
497
496
491
489
490
472
490
492
482
501
498
473
486
490
487
491
497
473
484
500
490
493
502
492
489
491
487
469
473
479
477
504
491
485
482
498
485
482
486
503
463
487
492
486
485
492
488
479
478
474
495
478
473
484
482
477
488
487
470
463
487
497
487
484
480
491
499
486
478
502
487
492
498
470
493
485
498
472
483
487
500
482
490
500
493
469
486
456
482
473
475
484
469
478
495
492
488
474
494
485
487
479
459
474
472
495
467
480
474
481
477
488
480
486
459
489
483
494
483
495
476
485
490
497
493
480
496
497
494
489
500
448
482
485
490
498
475
480
487
468
481
496
482
480
500
492
495
473
485
480
493
484
495
488
480
475
486
490
484
481
490
479
511
493
481
481
482
490
491
500
482
480
458
485
491
493
490
495
492
487
493
482
477
487
473
495
480
482
486
492
481
489
485
502
479
482
496
470
484
490
494
485
477
482
494
484
490
485
495
479
489
496
477
494
485
483
489
486
483
482
472
476
482
484
483
494
495
490
504
468
470
484
495
472
492
500
459
487
497
492
478
481
500
470
464
474
475
472
491
485
477
492
482
480
496
501
485
493
470
483
479
492
480
489
474
489
493
463
492
491
473
479
494
484
492
494
474
480
485
497
487
485
496
496
473
477
486
489
497
468
491
497
480
496
489
488
483
461
488
480
480
490
499
471
464
483
493
465
489
472
498
487
492
495
490
493
469
479
476
493
480
494
484
503
496
498
486
471
498
493
485
482
495
489
482
497
502
462
497
489
478
491
489
499
481
484
492
475
479
498
503
484
473
489
486
476
483
487
480
487
482
483
492
491
478
502
478
497
486
482
494
482
490
470
497
495
472
494
486
489
494
468
506
488
488
482
485
480
474
487
504
499
490
494
479
487
481
482
487
494
499
505
471
477
490
472
488
489
467
490
496
488
497
488
487
500
482
490
481
475
494
470
471
485
462
473
491
498
474
474
493
487
480
461
484
488
470
502
485
489
495
488
490
495
486
486
487
484
483
490
489
474
492
468
499
500
484
482
476
483
487
472
478
495
486
482
494
484
472
495
483
483
491
485
496
492
470
476
475
484
484
478
459
490
471
485
477
493
487
507
483
491
481
482
494
492
491
496
486
465
471
479
466
471
482
493
495
467
476
471
484
489
480
501
483
483
488
485
507
471
495
475
499
486
503
496
476
494
482
488
485
482
488
499
477
504
481
495
486
492
475
484
487
498
485
486
470
493
482
478
498
475
479
476
483
488
489
471
489
487
471
460
491
475
495
474
470
477
487
494
484
471
478
494
481
495
486
490
490
489
470
491
490
486
503
489
491
477
483
492
488
499
500
497
483
484
487
487
499
483
497
487
482
493
476
485
485
483
479
462
486
493
501
485
500
471
470
479
481
466
479
496
503
489
459
478
489
468
476
486
483
491
500
492
489
485
476
499
483
490
