495
492
502
509
501
498
503
503
507
495
494
504
503
491
508
492
506
490
505
491
501
503
507
505
503
500
507
506
507
502
511
486
504
499
501
507
498
494
493
497
513
509
505
496
499
498
494
505
510
488
501
493
495
504
494
499
506
493
505
497
495
494
498
496
495
507
505
496
501
506
500
497
498
503
512
501
506
486
487
503
496
494
509
502
508
495
495
497
501
495
497
498
505
501
508
499
507
496
500
509
491
503
505
483
491
498
500
505
514
502
506
495
500
492
510
506
501
510
500
500
495
505
507
495
496
506
510
504
490
494
501
503
498
498
508
503
495
500
494
507
501
502
499
490
500
490
495
514
498
491
500
506
496
498
501
493
496
497
502
508
502
505
504
497
497
502
508
497
509
502
507
497
505
506
496
488
496
503
502
488
504
505
509
495
494
506
493
491
503
510
498
482
498
493
497
509
498
492
501
502
505
505
503
506
489
507
495
502
510
506
496
494
505
496
502
494
496
503
506
499
492
514
495
504
487
496
507
500
503
505
499
510
503
506
504
503
502
500
491
502
495
499
501
505
507
502
496
495
502
500
499
498
505
501
495
495
498
494
493
491
480
495
500
502
503
497
505
502
489
497
492
502
508
500
498
508
505
507
500
512
486
503
501
504
495
498
499
493
502
495
490
503
500
494
503
507
489
498
500
508
506
498
494
505
498
502
503
500
505
504
478
493
492
497
504
503
499
501
504
501
507
498
496
499
497
487
498
503
503
501
504
505
501
502
508
484
497
514
502
509
490
499
501
506
497
496
498
505
501
506
496
494
506
479
495
500
504
504
500
492
500
506
503
501
504
502
505
501
490
503
500
505
506
504
505
500
502
484
496
499
499
505
499
496
491
503
487
498
505
493
504
488
507
490
509
494
510
497
500
501
499
498
507
493
496
496
495
515
495
503
503
503
496
506
497
506
504
497
504
504
502
499
509
502
502
505
494
494
496
497
501
506
493
500
492
505
508
498
502
493
497
498
504
499
505
503
503
497
502
504
500
504
499
506
503
514
505
502
490
495
494
502
512
507
512
484
495
497
502
492
503
489
505
498
483
505
501
500
506
505
504
504
491
497
497
503
512
499
495
491
507
510
495
497
485
501
497
500
505
502
508
505
503
497
494
493
501
494
506
504
504
506
505
503
498
499
495
502
505
498
502
494
503
497
502
493
509
497
509
491
507
505
497
502
500
505
508
494
498
500
495
503
499
499
497
502
503
500
505
482
490
502
503
506
507
493
503
490
504
506
495
501
495
489
507
500
504
488
494
507
500
490
502
507
497
504
509
497
501
498
502
495
502
483
511
503
505
510
506
499
506
488
494
488
501
504
505
497
492
502
500
505
496
497
496
504
487
503
508
500
485
504
494
501
502
503
493
505
498
495
501
510
506
513
496
506
502
502
505
497
501
499
500
499
503
501
488
500
496
504
504
501
505
507
501
496
494
495
499
496
514
493
508
503
501
496
504
506
503
498
497
499
508
504
505
496
502
505
493
495
501
489
504
497
503
497
499
493
507
509
498
498
504
508
503
500
500
508
502
508
502
503
497
502
507
495
489
500
495
497
504
499
507
501
497
498
503
487
497
497
498
491
500
507
491
501
498
506
492
495
494
494
496
510
510
498
504
506
505
491
504
495
508
510
500
489
500
497
499
506
498
492
503
501
501
498
488
504
488
499
491
505
501
495
507
498
492
500
502
506
498
502
509
498
496
499
504
500
502
509
491
502
510
504
496
489
484
490
506
500
500
496
501
494
495
492
491
516
491
508
504
506
495
511
507
500
495
489
502
507
499
502
483
504
491
486
502
501
500
503
506
509
500
499
504
506
505
503
501
509
508
502
513
505
509
496
506
496
497
498
496
501
499
512
492
507
504
504
501
501
484
507
508
494
504
506
506
499
502
498
500
508
497
507
506
493
506
506
501
495
500
505
497
508
495
499
507
506
497
507
496
495
497
503
503
494
502
488
504
503
501
500
491
507
489
503
501
508
491
508
503
493
496
510
509
511
501
504
500
502
503
506
496
502
500
491
496
498
500
500
503
497
496
509
504
492
510
500
500
510
492
502
505
503
497
498
499
502
508
498
505
509
506
497
503
501
497
502
499
494
501
505
502
504
497
497
499
502
498
503
498
505
485
506
500
511
498
503
506
505
503
502
506
501
503
499
494
502
499
504
503
502
497
503
497
509
492
503
493
509
506
489
497
503
498
495
492
502
509
503
498
505
497
504
505
498
492
504
503
508
