511
505
513
506
509
509
505
513
511
515
507
508
509
514
503
516
515
510
511
517
515
510
507
512
509
506
518
515
503
518
515
509
508
518
507
505
514
506
509
510
509
511
516
509
505
511
507
507
510
504
511
508
512
504
511
516
507
504
504
514
513
515
507
505
511
509
511
514
506
513
508
510
510
512
507
511
510
500
513
508
504
507
511
514
510
512
512
512
507
509
508
511
506
510
513
511
510
512
513
515
511
514
512
503
514
506
517
511
507
514
509
506
513
510
507
503
507
509
508
508
509
513
513
509
503
507
508
513
508
510
509
508
511
507
507
514
507
509
506
514
510
510
510
505
512
511
511
512
504
504
512
512
506
511
518
513
511
505
503
520
504
515
510
508
515
511
495
512
515
507
512
511
519
513
513
508
507
513
506
516
517
510
505
510
512
511
512
502
514
509
516
503
520
511
506
512
514
506
510
511
509
510
506
510
507
506
515
510
506
516
514
507
514
503
511
506
508
513
503
515
512
513
509
507
512
514
499
508
513
512
512
509
509
512
512
505
509
517
512
508
514
509
520
512
507
508
510
506
505
513
506
512
512
511
505
512
508
505
512
517
513
506
514
515
505
512
511
516
514
513
513
504
508
510
517
506
515
511
513
506
510
513
516
510
502
510
516
511
508
507
511
507
514
510
510
509
517
510
516
510
506
512
514
508
512
505
508
520
512
513
508
510
505
515
505
510
512
517
507
513
506
511
507
514
509
506
515
513
515
505
506
515
510
507
513
511
509
503
504
508
512
514
510
518
507
511
514
508
507
511
503
512
504
510
510
514
513
511
492
516
510
507
512
509
511
508
509
510
503
504
511
512
508
506
509
510
503
511
515
504
512
511
512
507
509
512
512
511
514
511
504
518
509
517
515
509
503
505
509
512
513
514
509
515
513
514
512
509
505
508
505
514
503
507
504
509
509
507
508
507
505
513
498
508
514
502
507
513
515
511
505
507
510
516
516
516
505
505
511
507
508
509
519
507
511
515
514
508
514
503
498
516
515
506
507
507
503
520
510
506
511
510
515
513
510
513
510
511
515
514
507
507
502
514
506
517
509
513
514
510
510
507
513
515
513
511
512
507
511
505
510
516
513
504
504
505
514
511
509
508
515
515
516
507
509
512
522
514
510
505
504
511
511
507
516
501
517
511
512
516
504
514
512
515
515
511
510
504
509
514
513
508
507
520
502
499
509
515
513
515
503
514
511
510
516
509
506
509
508
506
507
509
512
504
509
511
506
515
512
512
514
508
509
515
512
503
512
513
509
511
511
510
510
504
506
511
509
515
516
513
517
505
501
508
515
508
510
510
498
518
510
507
510
512
511
511
508
510
511
505
516
503
506
508
517
508
506
506
511
515
509
511
512
513
514
517
500
514
501
517
509
513
513
513
511
506
511
505
511
513
509
513
510
512
510
509
504
509
513
508
513
507
514
509
511
510
512
514
505
508
506
510
516
512
505
517
508
515
511
515
512
518
504
515
510
508
512
509
514
511
516
508
514
512
508
514
510
506
520
502
512
505
513
506
515
511
509
508
511
517
505
510
513
514
506
516
509
515
506
511
508
511
516
506
519
510
506
505
513
513
507
508
502
510
510
499
515
508
514
511
511
514
513
506
510
506
507
512
513
507
506
516
506
509
516
505
506
509
502
509
512
511
511
505
510
505
511
511
508
510
504
508
507
512
510
512
510
508
516
511
510
516
506
509
518
514
511
520
513
510
510
513
506
513
503
514
515
502
507
507
509
498
511
517
513
514
510
511
507
507
507
506
508
508
513
506
514
510
511
506
512
513
511
511
512
512
511
510
510
506
511
510
500
508
511
513
509
508
513
511
511
506
508
516
508
509
510
509
511
505
512
512
510
513
508
504
513
509
506
511
514
513
509
509
511
519
517
510
513
510
508
513
513
512
506
517
513
509
512
514
508
515
509
513
516
509
520
518
509
510
512
519
514
506
509
504
510
512
510
510
514
513
512
516
510
511
509
511
506
516
511
513
509
509
503
507
505
513
513
510
512
509
515
513
507
508
510
517
508
511
512
511
511
502
503
510
508
510
513
517
511
512
509
513
509
513
511
512
514
512
511
512
512
507
510
514
516
515
505
511
510
510
514
514
509
520
509
511
507
508
505
513
510
510
514
506
508
503
511
516
506
508
512
509
514
514
512
503
504
513
513
507
504
515
509
512
512
514
506
507
515
506
507
506
501
511
514
515
514
507
513
511
507
505
514
511
509
507
510
508
