524
519
523
525
521
522
522
516
523
525
517
522
520
524
521
519
521
525
521
522
517
525
521
520
523
523
523
518
524
526
521
522
524
521
522
517
518
524
516
523
521
521
520
522
522
523
520
522
521
523
519
527
522
522
525
519
524
526
527
518
520
520
519
520
518
523
527
520
519
523
521
519
518
519
522
520
518
520
521
520
524
520
519
518
523
524
528
523
524
526
521
514
519
522
521
521
518
521
524
519
521
519
519
524
525
524
522
520
517
519
519
520
523
520
517
522
520
521
519
524
522
519
519
516
520
520
523
525
521
525
524
520
516
524
519
516
527
523
520
520
520
521
526
519
519
524
523
519
520
521
518
518
518
515
520
526
524
520
522
522
522
521
524
526
524
523
520
518
524
523
520
519
526
519
518
527
520
521
520
523
524
522
520
525
518
528
525
528
518
522
524
525
520
522
522
526
527
524
523
525
521
524
528
523
520
525
523
521
520
525
513
515
522
519
517
524
527
520
523
521
521
520
518
523
529
517
520
519
526
522
527
521
527
521
521
515
519
522
524
521
518
519
520
524
520
517
524
516
525
517
524
514
524
521
524
525
522
524
524
519
521
520
521
520
519
524
524
517
526
519
519
518
516
518
522
528
516
515
518
515
520
526
520
517
522
517
521
528
519
521
526
520
518
523
520
521
522
520
522
520
521
527
524
525
518
523
520
527
520
520
526
523
525
524
520
519
525
517
522
520
520
523
521
520
525
524
524
516
519
518
520
522
526
521
520
521
519
518
521
522
522
518
518
524
527
522
518
518
520
523
522
517
523
523
525
521
526
528
525
520
523
527
523
523
517
522
519
517
520
515
518
523
520
526
524
519
516
523
524
520
520
519
521
514
524
523
520
522
523
523
522
527
520
517
518
525
520
521
520
517
524
522
517
524
521
522
520
523
524
519
519
523
517
517
520
520
518
523
518
526
521
525
522
521
520
524
520
523
521
520
519
523
525
524
524
519
521
527
523
520
521
522
521
521
519
520
516
518
519
526
531
521
525
523
524
520
521
524
522
521
524
520
522
520
519
523
524
520
518
517
524
516
518
523
519
520
523
520
521
529
517
524
522
522
522
519
521
521
519
523
524
524
520
522
523
517
519
522
520
521
525
518
521
519
522
516
519
521
525
521
523
527
514
524
523
522
518
519
525
519
525
520
526
522
523
521
517
523
523
520
527
521
522
520
525
521
524
525
522
521
522
519
524
524
527
518
522
525
523
521
525
518
525
528
519
526
526
522
527
521
523
524
524
522
525
524
519
520
521
521
524
523
524
519
520
521
522
524
525
519
523
521
521
521
521
522
521
523
518
521
521
523
518
522
521
520
521
523
525
522
518
521
520
524
519
525
521
519
515
516
519
520
521
523
525
525
518
521
523
519
518
525
519
521
521
523
517
525
525
522
520
522
521
518
520
523
521
520
524
526
518
520
512
520
525
520
522
523
522
519
528
522
518
525
521
517
519
520
523
522
519
517
525
523
521
514
520
515
523
521
524
517
518
522
521
519
515
528
521
527
523
522
521
524
522
522
526
521
520
523
520
525
517
519
521
523
520
522
522
520
519
527
525
521
522
516
523
520
519
520
520
526
522
521
518
521
518
523
517
520
521
521
523
525
523
528
521
523
523
520
519
518
518
525
524
516
525
521
517
520
522
523
523
523
524
523
525
526
526
516
525
520
522
521
520
520
523
520
523
519
521
522
520
524
523
520
526
522
519
519
524
520
523
521
516
523
526
527
521
521
522
524
519
518
520
527
523
521
524
522
522
526
522
522
523
521
524
514
520
525
519
518
521
525
524
527
523
527
522
522
516
514
522
520
522
523
521
520
520
524
522
518
520
517
521
520
521
525
517
514
521
521
522
521
520
519
518
523
520
518
521
520
522
520
524
525
520
523
525
524
525
524
518
518
526
516
524
520
524
518
527
522
520
519
521
524
524
521
520
519
524
523
525
519
527
516
528
522
524
517
520
522
519
525
525
514
520
520
518
520
517
519
521
518
516
520
519
521
524
521
517
524
518
523
517
526
521
516
519
520
519
522
525
529
526
523
521
517
525
524
516
520
526
517
521
524
524
517
522
518
521
519
517
519
523
524
521
523
518
523
518
525
524
521
520
522
520
523
518
518
516
522
524
522
523
521
521
527
522
523
521
521
521
521
523
524
521
524
522
523
522
521
518
525
526
521
520
522
518
525
525
522
515
521
524
524
520
524
517
519
522
517
520
530
521
525
526
526
520
521
