255
271
259
260
270
266
274
257
265
258
266
267
267
265
259
270
264
266
271
256
263
262
267
259
260
270
265
260
268
266
260
272
264
268
270
266
258
265
266
265
263
265
266
264
262
263
265
268
263
268
263
267
268
272
273
265
261
263
266
268
259
270
265
263
262
264
265
267
270
261
269
273
257
257
265
267
270
260
265
267
264
268
268
259
270
259
272
259
265
260
263
259
271
261
268
263
263
258
266
255
270
262
265
266
266
258
268
265
265
268
260
262
261
267
268
261
266
262
269
261
268
266
272
266
263
263
261
264
268
267
266
265
270
268
263
268
265
260
268
264
265
265
259
263
263
259
261
268
265
270
267
271
262
267
254
260
271
262
266
268
264
265
269
267
263
264
273
260
271
266
259
261
268
259
272
264
267
258
267
263
270
272
259
265
269
264
261
266
269
266
265
260
268
256
269
263
259
275
264
262
271
267
266
260
261
262
268
264
258
268
266
263
266
265
264
261
251
263
262
266
260
264
257
266
267
260
267
263
266
268
258
261
263
265
259
272
268
270
255
265
272
264
271
274
262
269
262
266
268
264
268
261
262
261
254
263
258
262
266
266
260
261
272
261
271
269
262
268
261
262
269
268
262
260
264
263
274
268
270
259
260
257
269
268
260
270
263
266
266
268
268
261
258
260
262
263
254
263
268
264
265
262
262
269
255
266
261
257
266
259
260
253
266
264
262
260
262
270
267
265
264
259
269
254
258
263
262
268
268
274
256
267
259
260
261
260
257
264
270
262
268
270
265
266
268
264
270
264
264
268
264
259
267
258
263
265
256
266
265
266
270
268
264
261
263
270
261
270
265
251
258
266
260
267
270
264
257
260
265
258
270
263
265
264
254
261
271
259
262
262
265
257
264
273
263
263
269
267
263
259
258
266
263
257
265
259
261
260
259
258
268
266
261
253
262
264
258
267
264
267
268
265
267
267
261
265
266
258
263
268
261
257
260
258
267
266
263
264
262
264
272
266
269
263
268
254
264
264
262
266
263
261
260
267
266
266
270
271
254
267
269
263
263
254
273
256
270
259
269
265
265
262
259
256
267
255
261
264
259
266
272
268
263
259
255
258
262
263
256
262
264
263
259
258
265
268
261
256
255
262
262
265
269
257
263
266
263
265
267
260
268
257
268
261
259
263
271
261
260
266
257
257
262
262
276
264
258
262
258
261
259
266
265
263
270
261
254
259
251
265
261
266
262
265
259
262
267
266
262
266
258
265
261
258
256
259
265
264
262
267
265
260
264
271
258
267
260
257
261
258
266
257
258
268
264
269
270
257
269
260
258
266
263
266
256
261
263
263
268
265
262
264
262
268
265
259
263
260
260
265
264
262
254
267
270
256
259
262
260
270
260
258
265
255
254
254
265
264
266
260
262
264
267
268
259
262
266
267
259
259
275
268
266
267
261
262
266
270
260
259
269
263
261
267
263
270
263
261
267
262
271
256
263
268
266
259
266
275
263
259
259
257
261
265
270
257
273
259
268
263
261
262
266
263
269
268
260
259
271
266
266
264
263
260
249
263
258
263
266
261
265
261
259
272
261
265
256
263
262
265
265
263
263
255
261
273
264
265
260
264
262
260
258
268
267
262
259
266
272
261
257
263
263
259
271
263
265
261
260
257
260
259
269
269
258
255
266
261
270
263
267
256
262
269
266
266
273
271
254
270
258
269
262
262
263
263
265
267
265
261
256
263
265
260
255
264
265
264
266
264
254
266
263
264
256
271
262
264
269
263
266
260
265
263
261
267
268
262
268
268
277
254
263
262
262
263
260
263
263
265
269
268
263
256
266
255
266
269
268
268
268
253
266
264
253
264
268
274
256
263
265
267
267
264
265
270
271
265
261
263
256
262
262
250
262
267
263
271
260
263
259
260
260
266
265
260
260
268
262
269
255
267
259
264
260
256
262
263
269
265
258
264
262
267
264
261
269
268
267
266
264
263
259
261
266
266
268
264
266
259
273
261
265
260
266
268
272
262
261
261
267
265
266
262
265
250
256
257
267
265
260
262
265
261
270
262
264
268
268
261
261
270
262
265
260
262
270
268
257
265
266
266
261
260
269
260
260
255
273
259
264
258
262
263
267
259
256
264
264
260
259
258
265
270
263
265
265
259
259
267
265
268
262
268
263
264
258
263
269
258
260
268
272
262
263
271
261
263
258
264
268
267
266
255
262
272
261
258
269
259
264
271
266
264
261
266
265
258
266
264
271
263
273
271
272
262
264
263
260
249
