254
247
263
259
257
261
258
261
266
261
265
261
270
261
252
261
265
265
256
260
257
256
255
254
257
258
258
260
270
255
260
258
264
257
260
269
259
255
261
267
251
266
261
263
266
262
264
259
264
255
259
267
257
256
253
257
258
253
263
260
261
266
263
259
264
265
254
258
262
253
257
262
257
262
258
257
262
257
266
259
262
262
267
251
254
261
259
267
259
259
262
256
257
266
257
262
263
258
259
256
267
264
267
262
261
257
270
258
260
255
264
261
263
258
252
260
262
259
261
265
258
258
262
260
258
255
261
265
260
263
252
266
256
262
256
259
258
268
261
260
257
261
260
260
257
266
261
268
265
249
264
260
264
255
258
263
265
247
268
261
263
262
268
265
259
250
254
260
266
260
255
255
267
264
262
265
259
253
259
254
264
258
261
261
257
258
265
268
261
260
263
260
260
261
262
268
256
251
252
254
265
252
257
261
261
264
254
268
263
265
255
261
253
261
256
262
263
256
257
258
246
251
257
261
267
267
256
264
256
258
258
258
265
248
263
260
258
257
264
254
264
258
260
250
258
260
256
262
254
256
262
263
256
259
261
254
266
259
267
259
262
256
268
261
262
255
262
262
263
260
254
258
262
262
262
261
251
268
262
257
259
261
253
260
262
262
268
261
265
269
258
263
253
264
257
261
260
256
251
262
250
263
266
259
259
257
255
268
258
256
262
252
253
261
266
257
261
259
262
265
262
258
252
265
256
260
253
266
264
262
258
256
255
265
263
261
255
264
259
256
266
262
259
260
260
258
257
255
261
257
263
264
256
256
266
261
271
260
263
259
274
262
254
262
265
260
261
261
266
261
265
261
258
275
261
260
264
260
264
255
257
263
259
257
261
256
269
256
257
264
258
256
261
252
261
271
264
267
258
259
258
259
260
251
264
257
257
260
259
259
258
259
259
264
259
260
269
263
262
260
263
262
265
262
267
264
256
258
252
267
262
260
253
257
261
264
252
268
253
265
255
263
257
256
262
262
261
263
257
258
255
265
262
264
261
260
265
267
252
254
254
261
261
265
258
258
258
263
266
260
259
259
260
261
258
260
266
265
264
264
258
250
263
257
260
261
265
263
262
261
260
258
262
268
255
264
259
265
251
269
261
259
257
256
262
256
258
254
251
265
257
249
261
254
260
259
264
260
257
257
258
263
259
262
262
262
262
263
260
267
256
256
262
264
270
269
258
256
261
261
265
263
260
259
264
253
267
261
263
257
256
260
262
265
260
263
262
265
260
262
259
258
257
264
261
256
261
266
268
260
261
269
262
263
250
266
267
270
261
264
257
259
258
261
256
267
254
256
258
258
265
263
261
263
258
253
261
262
263
258
262
267
250
264
257
260
261
261
260
263
254
258
265
259
257
253
258
252
259
258
255
263
255
259
259
264
259
262
260
257
264
250
255
258
267
254
256
263
259
252
271
266
267
265
256
261
255
253
255
250
267
258
261
259
267
265
254
261
261
269
265
263
267
249
262
264
265
258
262
261
262
258
264
254
254
259
258
256
258
257
261
256
254
260
261
262
262
255
265
264
264
259
258
259
268
263
260
259
259
255
260
261
262
253
258
256
258
265
270
261
266
264
257
262
265
265
257
257
254
252
260
262
255
253
262
263
261
259
259
259
266
260
268
253
268
255
255
263
258
255
265
261
261
261
265
259
265
262
265
265
262
259
256
250
266
266
257
258
266
272
258
259
272
266
260
262
261
260
263
266
266
254
262
253
257
267
259
267
258
262
262
262
266
265
260
260
259
252
258
258
252
267
259
263
254
259
257
260
258
258
269
255
264
251
268
252
259
263
268
259
261
267
263
265
260
261
265
265
270
255
263
261
262
258
260
266
261
253
258
259
261
254
266
262
262
270
257
266
258
260
253
258
265
262
256
262
262
258
260
251
265
256
262
256
247
258
255
263
265
266
252
265
260
266
270
260
258
258
263
259
254
266
255
254
263
260
257
260
265
256
263
262
269
258
255
265
263
260
256
255
264
256
270
252
261
260
260
257
267
259
264
262
263
269
258
262
264
262
256
264
253
259
265
250
267
255
261
263
259
260
253
261
261
268
258
263
257
256
258
263
256
261
259
259
259
259
259
276
250
262
256
263
266
258
263
258
255
250
268
261
258
266
254
263
263
255
263
258
255
252
260
255
260
260
264
255
262
261
258
258
266
266
259
266
262
263
262
259
263
260
259
256
251
259
256
259
258
260
261
268
266
260
259
264
256
260
256
262
266
261
