255
262
252
254
261
263
262
268
259
263
250
255
254
260
261
251
260
254
263
253
256
255
250
260
264
261
254
263
262
264
260
257
256
259
254
251
265
257
258
258
262
257
256
251
250
257
259
255
252
249
259
263
259
250
263
260
260
264
260
254
259
254
257
262
253
260
257
263
261
251
249
253
257
264
261
257
254
255
264
253
257
254
257
261
262
262
259
265
265
255
255
261
257
269
259
264
264
256
262
253
262
256
266
260
264
251
261
254
255
253
265
264
257
259
260
257
254
254
262
257
260
257
260
261
256
258
252
262
262
256
259
256
251
259
261
247
259
254
265
256
264
252
262
263
250
252
262
257
250
259
258
259
256
251
260
256
260
253
257
269
264
256
257
255
255
253
267
264
260
253
255
256
262
258
261
255
259
256
253
255
262
255
262
256
251
259
264
258
256
252
259
255
261
251
258
265
259
264
262
262
257
256
258
260
263
257
256
250
254
255
261
255
256
250
254
267
264
264
257
257
263
261
259
267
258
258
255
255
263
259
263
254
258
257
256
259
255
258
258
252
263
261
256
262
258
264
257
254
247
251
263
264
265
258
254
257
262
256
266
259
257
261
262
259
260
255
252
250
263
248
256
263
262
263
249
260
252
261
260
257
257
255
260
258
252
258
267
259
261
259
265
262
259
255
258
249
252
258
254
248
250
262
253
259
259
261
248
255
257
256
252
251
260
254
256
260
265
256
253
259
247
264
258
250
249
264
253
258
260
270
257
258
261
260
256
254
262
258
255
260
255
270
256
253
262
252
258
262
259
257
260
265
260
252
260
267
261
259
259
259
253
253
267
259
261
259
263
260
254
262
258
256
248
260
251
260
266
254
251
258
257
256
259
262
265
249
260
273
258
257
263
259
261
262
264
252
258
261
261
262
256
259
263
256
254
259
259
260
250
257
255
256
252
263
260
251
264
261
257
256
263
253
259
253
250
256
260
270
254
257
262
252
265
258
251
259
255
251
252
256
252
256
260
259
260
257
269
263
256
257
255
261
260
256
259
260
263
256
258
255
267
265
262
257
260
250
268
261
258
258
257
255
255
256
258
250
245
264
258
261
270
263
257
251
250
249
258
261
260
257
260
260
252
261
257
256
264
261
250
259
258
263
269
264
260
257
255
255
263
254
261
258
256
260
254
271
260
258
253
255
262
261
257
250
252
260
261
253
264
253
247
261
261
251
256
260
255
261
256
258
266
262
256
259
256
257
256
252
255
261
263
262
251
262
263
260
266
252
254
266
260
259
251
255
258
265
249
257
256
259
260
254
253
251
258
260
255
252
254
260
260
262
258
259
253
252
253
253
256
256
263
259
262
267
253
261
257
261
260
260
262
258
258
254
255
257
249
264
251
256
259
266
257
256
256
265
259
256
264
259
255
264
260
263
253
256
257
261
259
269
263
258
263
253
251
257
254
259
250
267
261
245
268
260
258
253
252
266
260
260
264
255
257
248
248
255
264
271
260
257
255
260
268
262
260
268
253
255
249
257
261
263
248
257
261
251
263
259
261
253
256
262
255
256
258
257
265
258
264
258
263
265
265
252
262
255
254
259
257
262
261
258
254
256
253
262
257
257
250
258
254
251
264
251
257
264
252
259
255
256
264
257
258
264
270
253
269
259
262
266
248
257
272
255
257
253
257
262
259
259
261
263
262
259
258
261
253
253
257
254
258
252
255
257
257
256
254
250
262
260
258
261
259
255
252
262
265
263
257
266
257
249
264
248
258
252
254
256
257
251
266
256
259
252
257
257
264
259
256
263
254
253
260
257
259
254
259
253
256
266
258
262
260
258
265
248
264
258
255
259
276
266
260
258
253
261
256
246
255
261
256
259
258
257
255
263
254
261
264
251
260
263
250
262
264
259
267
262
249
259
259
259
254
261
260
260
255
257
259
255
259
260
262
254
260
253
256
259
266
257
260
262
255
257
258
264
255
265
249
265
258
267
268
261
264
265
259
261
256
259
259
253
256
264
260
261
257
262
260
257
260
249
264
253
248
262
256
261
251
263
251
254
252
260
256
270
263
263
261
259
267
256
258
259
255
254
256
252
260
263
245
268
256
262
273
258
259
260
254
262
259
257
263
252
267
262
261
257
262
257
261
254
263
253
261
265
260
258
262
265
256
264
255
259
257
250
268
260
267
262
251
255
249
262
256
261
256
250
258
260
263
257
263
255
258
260
265
258
262
257
265
260
254
266
253
260
258
255
261
253
258
252
256
264
257
261
248
258
254
256
