267
264
273
271
260
271
270
271
272
268
262
272
277
277
273
268
274
273
273
263
262
266
271
270
266
267
267
271
279
271
275
270
269
266
272
274
270
266
276
268
274
269
266
269
270
267
265
273
264
273
269
265
268
272
273
259
272
262
272
271
272
274
270
274
273
264
276
270
271
273
269
266
265
272
278
267
270
268
265
270
268
275
266
269
270
262
270
272
272
271
275
274
273
274
270
270
271
272
266
269
266
267
276
274
271
273
271
276
273
268
274
264
267
269
267
271
272
268
265
268
275
275
274
267
269
262
265
277
273
275
272
263
268
275
268
277
273
272
274
271
262
273
271
274
269
269
276
268
280
263
268
269
276
274
274
266
276
271
265
273
274
275
272
271
271
275
266
272
274
269
267
270
274
277
276
269
267
275
271
275
265
274
265
266
271
269
270
272
270
265
268
272
265
266
271
277
277
263
268
262
275
271
278
262
271
270
267
271
264
270
275
268
272
275
267
276
270
274
272
272
280
261
274
271
273
269
269
272
267
267
271
274
268
269
269
263
269
272
271
266
269
269
269
271
271
278
264
261
266
270
276
272
277
270
265
280
272
270
269
273
267
270
271
267
274
267
261
276
264
269
267
266
273
269
264
272
276
270
266
266
272
270
273
275
273
267
277
266
274
271
274
277
266
270
270
272
263
265
278
275
271
267
272
266
272
273
268
270
273
265
266
271
265
271
269
266
267
264
269
274
277
268
277
279
271
272
272
269
273
269
275
266
274
265
274
267
270
273
272
275
269
269
274
276
269
267
274
271
268
265
270
267
267
266
267
273
266
279
272
270
270
282
275
272
270
271
265
270
266
275
264
267
278
271
263
271
271
268
273
270
267
267
269
265
272
266
275
272
263
267
275
275
264
274
275
273
277
277
272
272
276
268
266
267
271
272
266
272
260
269
273
265
272
266
268
268
266
265
270
275
268
267
270
272
271
267
269
267
271
267
272
272
269
269
273
266
269
260
271
266
267
268
273
276
264
273
271
268
268
272
275
271
272
277
267
270
270
265
274
271
267
262
271
267
265
264
274
271
278
270
264
263
261
271
270
266
274
274
271
268
269
271
272
271
276
271
267
267
269
271
267
268
271
261
271
267
273
265
272
273
270
264
277
273
263
266
265
269
275
268
273
269
271
281
266
273
266
273
265
272
272
266
269
269
270
261
268
276
268
270
265
272
276
274
271
271
265
273
266
273
265
269
275
271
272
268
272
267
271
270
275
277
273
261
272
268
275
273
275
272
264
269
276
270
267
268
273
269
268
267
274
271
266
271
275
265
273
263
273
264
270
269
278
269
270
270
265
270
266
264
272
267
266
267
264
263
275
267
268
268
268
273
268
265
269
267
271
270
273
273
269
272
271
266
278
269
273
270
272
270
273
274
269
273
265
270
269
265
280
268
266
268
272
268
268
272
276
272
272
268
270
275
264
272
272
263
266
268
262
265
268
273
275
266
271
271
275
271
269
267
273
265
270
269
275
278
272
269
271
266
273
270
274
280
271
265
275
265
267
275
265
271
271
267
277
264
272
274
262
265
271
269
269
275
268
273
264
270
266
271
267
270
266
271
270
271
265
266
269
272
269
269
267
268
271
266
276
270
262
275
268
270
273
267
273
273
265
269
268
265
271
268
269
274
272
271
275
267
270
271
274
267
274
268
263
267
273
275
273
269
271
265
273
272
264
273
277
274
280
265
272
269
271
268
265
269
268
269
262
271
270
266
270
268
273
260
267
267
273
264
269
274
259
266
267
273
271
264
264
269
267
269
265
274
272
267
271
274
267
266
268
276
263
269
266
268
278
270
269
266
275
273
274
263
264
262
274
272
268
266
260
266
275
279
270
275
267
268
273
272
266
270
272
265
269
273
262
275
270
276
269
267
270
265
265
268
267
272
272
271
274
269
272
273
267
268
266
264
273
268
273
268
270
268
270
269
274
264
268
273
267
269
270
271
270
267
266
269
272
268
271
272
266
279
263
272
266
270
263
268
270
273
262
274
268
264
266
270
274
268
271
266
273
273
269
269
269
271
270
275
270
271
275
270
269
269
272
266
271
264
266
272
268
269
268
266
266
273
264
270
273
275
264
267
263
272
270
270
265
265
261
271
267
271
271
270
266
276
278
274
271
276
269
273
267
265
269
273
277
269
269
272
266
267
267
263
263
265
269
270
277
270
265
264
271
269
265
273
269
273
268
266
267
267
266
271
277
271
269
265
273
269
275
271
272
272
275
273
271
270
